 force-1force-2force-3workmass
   1.2434497875801753E-014   4.4408920985006262E-015  -2.1618456724884384E-014   0.0000000000000000       0.78539909798813223     
  -1.4654943925052066E-013  -1.2623538546958635E-003  -2.0769088599649042E-014  -1.8840631281334284E-007  0.78539909798813246     
   7.7715611723760958E-014  -5.0638958486741714E-003  -2.1667651089224748E-014  -3.0079541341126136E-006  0.78539909798813246     
   1.2878587085651816E-014  -1.1614594369318887E-002  -2.2797379875753719E-014  -1.5444506862599943E-005  0.78539909798813257     
   2.0650148258027912E-013  -2.0869448651464229E-002  -2.2288660925351513E-014  -4.9084943228245095E-005  0.78539909798813246     
  -1.5054624213917123E-013  -3.2924843437052598E-002  -2.0454102539503958E-014  -1.2038145881671132E-004  0.78539909798813179     
  -2.3092638912203256E-014  -4.7836622319199940E-002  -1.7086998668358146E-014  -2.5056822770797363E-004  0.78539909798813201     
   1.9850787680297799E-013  -6.5624912551027315E-002  -2.0371661226648999E-014  -4.6546109849628092E-004  0.78539909798813079     
  -2.8421709430404007E-014  -8.6299156851910475E-002  -2.1837791925902066E-014  -7.9533302954717597E-004  0.78539909798813112     
   1.9984014443252818E-014 -0.10985144479331987       -1.8880573641328043E-014  -1.2746337767980398E-003  0.78539909798812790     
   1.5765166949677223E-013 -0.13620422359049256       -2.2652329756986886E-014  -1.9409101861646849E-003  0.78539909798812890     
   5.5955240441107890E-014 -0.16519464573280240       -2.3491684508610656E-014  -2.8333772649476313E-003  0.78539909798812291     
   4.2632564145606011E-014 -0.19665717744695721       -1.9673537958966043E-014  -3.9929273308829741E-003  0.78539909798812413     
   5.7731597280508140E-015 -0.23050767998469723       -2.1770921864018470E-014  -5.4635506579173154E-003  0.78539909798811602     
   5.1514348342607263E-014 -0.26665610375319382       -1.9603014736916125E-014  -7.2909111888196931E-003  0.78539909798811780     
   2.7977620220553945E-014 -0.30474470120938513       -1.9394922378102414E-014  -9.5137486408803235E-003  0.78539909798810736     
   7.9491968563161208E-014 -0.34393277546729450       -2.1918209311666770E-014  -1.2150457091708436E-002  0.78539909798810870     
   3.6859404417555197E-014 -0.38294059738449171       -2.2819624701509080E-014  -1.5189434530405235E-002  0.78539909798809016     
   1.4210854715202004E-014 -0.42034325496205271       -2.1050880147578913E-014  -1.8590100793951680E-002  0.78539909798809127     
   3.6415315207705135E-014 -0.45492371480548854       -2.2844725697191076E-014  -2.2293877836829123E-002  0.78539909798807495     
   9.1926466438962962E-014 -0.48589464586452591       -2.1927741045102609E-014  -2.6238310876684434E-002  0.78539909798807606     
  -1.0791367799356522E-013 -0.51291747456992542       -2.1351254035052246E-014  -3.0366894393806493E-002  0.78539909798806895     
   1.3100631690576847E-013 -0.53596986649904732       -2.2323604584000179E-014  -3.4631156953969372E-002  0.78539909798806229     
  -1.9539925233402755E-013 -0.55517430083311403       -2.0167837838502485E-014  -3.8986976482429964E-002  0.78539909798805829     
   7.7715611723760958E-014 -0.57068260641622981       -2.0462167879392965E-014  -4.3390139931038907E-002  0.78539909798805829     
  -8.0380146982861334E-014 -0.58263944343373009       -2.4020823740412781E-014  -4.7794641844173452E-002  0.78539909798805874     
   1.0569323194431490E-013 -0.59118470605973661       -2.0495675715955214E-014  -5.2153132399178070E-002  0.78539909798805696     
  -9.9920072216264089E-014 -0.59645067409176544       -1.8947986108551262E-014  -5.6416927248323201E-002  0.78539909798805363     
   6.3060667798708891E-014 -0.59855298931680645       -1.9926779966488071E-014  -6.0535255127544096E-002  0.78539909798805296     
   4.4853010194856324E-014 -0.59761104340542115       -1.8090735736828835E-014  -6.4457281322383098E-002  0.78539909798805252     
  -3.2773783686934621E-013 -0.59382502618013566       -2.0107572599494161E-014  -6.8141421754170317E-002  0.78539909798805296     
  -3.1086244689504383E-014 -0.58759195252787322       -2.0418512278285054E-014  -7.1572666063574097E-002  0.78539909798805252     
   7.2830630415410269E-014 -0.57960013070340866       -2.1188351592727248E-014  -7.4782327263876625E-002  0.78539909798805396     
  -9.5035090907913400E-014 -0.57083577967002519       -2.0208406902945174E-014  -7.7860430548597370E-002  0.78539909798805707     
   1.3189449532546860E-013 -0.56247431469073961       -1.9709177491619658E-014  -8.0952428318919301E-002  0.78539909798805763     
  -1.3899992268306960E-013 -0.55568870679667137       -1.7284515300109971E-014  -8.4238934895958129E-002  0.78539909798805663     
   7.8603790143461083E-014 -0.55145047095119137       -1.4660716418593756E-014  -8.7905616673386866E-002  0.78539909798805585     
  -8.6597395920762210E-014 -0.55039911138021624       -1.9677562375974895E-014  -9.2114932880370370E-002  0.78539909798806207     
   1.5099033134902129E-013 -0.55281653233892181       -1.7504068378446566E-014  -9.6989449332734234E-002  0.78539909798806529     
  -2.4957813593573519E-013 -0.55869227740367311       -1.5074835164015806E-014 -0.10260984268716666       0.78539909798806473     
   1.9806378759312793E-013 -0.56783397541927050       -1.3376608356420352E-014 -0.10902412328049960       0.78539909798806484     
  -1.7763568394002505E-015 -0.57997641264208566       -1.9261789630431784E-014 -0.11626163669592315       0.78539909798806284     
   9.5035090907913400E-014 -0.59486108208166044       -2.0350361919253196E-014 -0.12434619143185555       0.78539909798805840     
  -1.2434497875801753E-014 -0.61227673489857981       -2.2688591501375512E-014 -0.13330473765293605       0.78539909798805407     
   2.5757174171303632E-014 -0.63205994922068998       -1.8731145974794671E-014 -0.14316916321787720       0.78539909798805629     
   3.9523939676655573E-014 -0.65405657016929108       -2.5242918580893006E-014 -0.15396900447141559       0.78539909798805707     
  -1.7852386235972517E-013 -0.67804970367610728       -2.1484348882190263E-014 -0.16571399147903221       0.78539909798804253     
  -3.7303493627405260E-014 -0.70367219564871863       -2.1725296869679510E-014 -0.17836876325157469       0.78539909798802732     
   8.2600593032111647E-014 -0.73033525294505131       -2.0161928850407334E-014 -0.19182693619753610       0.78539909798801788     
  -7.5495165674510645E-014 -0.75720848444661248       -1.8312616470911138E-014 -0.20589501993345316       0.78539909798801966     
   7.4162898044960457E-014 -0.78327281722948028       -1.7609992297594298E-014 -0.22029547984579145       0.78539909798802077     
   1.4299672557172016E-013 -0.80744021708748237       -1.9111018435312487E-014 -0.23469198651902767       0.78539909798800978     
  -7.1498362785860081E-014 -0.82870639069750363       -1.9231079809254555E-014 -0.24873125092951165       0.78539909798799989     
  -1.2878587085651816E-014 -0.84628910525353662       -2.1130712468221150E-014 -0.26208917715645874       0.78539909798799634     
   3.9968028886505635E-014 -0.85971166260007070       -1.9387247956357460E-014 -0.27450765329152726       0.78539909798799512     
  -6.0396132539608516E-014 -0.86881336391439268       -2.2934876718606369E-014 -0.28581244631021330       0.78539909798799545     
  -3.9968028886505635E-014 -0.87369457851044352       -1.7950622285353551E-014 -0.29590986940654707       0.78539909798799634     
  -1.2123635428906709E-013 -0.87462246970686452       -2.2267060126684424E-014 -0.30476679133732287       0.78539909798799545     
  -3.3750779948604759E-014 -0.87192997944410910       -2.1697635012998372E-014 -0.31238286601552212       0.78539909798799656     
  -8.2156503822261584E-014 -0.86593703210888417       -2.0038689027755369E-014 -0.31876506002753668       0.78539909798799679     
   9.4591001698063337E-014 -0.85691335056126094       -1.9656489004636119E-014 -0.32391324651215525       0.78539909798799634     
  -2.3270274596143281E-013 -0.84509000057335237       -1.6394129885522987E-014 -0.32782245375491503       0.78539909798799523     
   1.1279865930191590E-013 -0.83071340916623404       -1.5911494677737188E-014 -0.33050265269042423       0.78539909798799967     
   1.3233858453531866E-013 -0.81412271444657947       -1.6551152784813835E-014 -0.33201125126135222       0.78539909798800456     
   1.8918200339612667E-013 -0.79582209454419894       -1.7771158849977307E-014 -0.33248810452381106       0.78539909798800589     
  -1.3322676295501878E-013 -0.77651831505866387       -1.9348360659125392E-014 -0.33217997546368827       0.78539909798800389     
   6.3504757008558954E-014 -0.75710270731311491       -1.5375490616766233E-014 -0.33144290900211826       0.78539909798800189     
   1.1102230246251565E-014 -0.73857443755630570       -2.1036849325278079E-014 -0.33071719985647818       0.78539909798801411     
  -6.4392935428259079E-014 -0.72192207371981931       -1.6793178035549937E-014 -0.33047859921916301       0.78539909798802521     
   2.0827783941967937E-013 -0.70799512117738850       -2.2085480419618223E-014 -0.33117763884168427       0.78539909798802721     
  -1.1901590823981678E-013 -0.69740051838926576       -2.1755198589035389E-014 -0.33318309766047349       0.78539909798802543     
   1.7763568394002505E-015 -0.69045027754126975       -1.9670249530973275E-014 -0.33674416539902730       0.78539909798802343     
  -5.9507954119908391E-014 -0.68716964919683754       -1.8739014474519226E-014 -0.34197959629789487       0.78539909798803142     
   1.5942802633617248E-013 -0.68735698697667091       -2.1467853877673476E-014 -0.34889364278777868       0.78539909798803553     
  -1.4743761767022079E-013 -0.69067282836700983       -2.3450036755464233E-014 -0.35741075656901877       0.78539909798803542     
   2.5623947408348613E-013 -0.69672984179991460       -1.9392359923147938E-014 -0.36741612751167563       0.78539909798803575     
   1.1990408665951691E-014 -0.70515771520711601       -1.9006602220329165E-014 -0.37878815956237633       0.78539909798803020     
  -3.5527136788005009E-014 -0.71562629647846032       -2.3174189216724779E-014 -0.39141198176547176       0.78539909798802232     
  -4.7517545453956700E-014 -0.72782375592878745       -1.7455339089756186E-014 -0.40516929539297108       0.78539909798801644     
   1.7807977314987511E-013 -0.74140090222498412       -1.6501239090999974E-014 -0.41990778504384463       0.78539909798801788     
   2.1760371282653068E-014 -0.75590423637488025       -1.7290842820288399E-014 -0.43540084015192893       0.78539909798801844     
   4.8405723873656825E-014 -0.77072516523321877       -2.2759499359367057E-014 -0.45131295696174001       0.78539909798800878     
  -9.6811447747313650E-014 -0.78508887453467313       -2.0733805483446148E-014 -0.46718597692484964       0.78539909798800100     
   5.8175686490358203E-014 -0.79809427001524513       -2.3866231130331901E-014 -0.48245576764334897       0.78539909798799834     
  -3.9968028886505635E-014 -0.80879986569143369       -2.3152399215336104E-014 -0.49649959115172893       0.78539909798799701     
   4.3520742565306136E-014 -0.81633526562218384       -2.2045431612827715E-014 -0.50870442286787076       0.78539909798799634     
  -2.1938006966593093E-013 -0.82000931582465153       -2.0019945696259512E-014 -0.51853945093624132       0.78539909798800056     
   2.5401902803423582E-013 -0.81938699993898023       -1.7787132107795159E-014 -0.52561443216511017       0.78539909798800389     
  -7.4606987254810520E-014 -0.81431697186500296       -1.8633125588724793E-014 -0.52970993293029078       0.78539909798800744     
  -1.5676349107707210E-013 -0.80490651131261437       -2.2879399196009655E-014 -0.53077406763592805       0.78539909798800789     
   5.2402526762307389E-014 -0.79145563833509325       -2.2181178696439005E-014 -0.52889023031743077       0.78539909798800789     
   1.0169642905566434E-013 -0.77437261061338791       -1.2364557898518586E-014 -0.52422838135901784       0.78539909798800689     
  -1.2434497875801753E-013 -0.75409640757941343       -1.9911684067186564E-014 -0.51699643149392660       0.78539909798801011     
   1.0169642905566434E-013 -0.73104761051708156       -2.2337058102381923E-014 -0.50740717036482241       0.78539909798801388     
  -4.7517545453956700E-014 -0.70561888700403985       -2.2857528006175074E-014 -0.49567045460262937       0.78539909798801522     
  -4.4408920985006262E-016 -0.67820305629275923       -1.9870660518883660E-014 -0.48201162841457235       0.78539909798801366     
   6.5725203057809267E-014 -0.64924427821109409       -2.4303450936696782E-014 -0.46670795090348749       0.78539909798801233     
  -6.4392935428259079E-014 -0.61928994350328548       -2.2224226945735165E-014 -0.45012795380813708       0.78539909798802299     
   7.5939254884360707E-014 -0.58901992547295734       -2.1594041950353712E-014 -0.43275647336453149       0.78539909798803342     
   4.3076653355456074E-014 -0.55923654385325872       -1.6813264769799425E-014 -0.41519161049766096       0.78539909798803520     
  -4.9737991503207013E-014 -0.53081093143366331       -2.4375801426933095E-014 -0.39810819857524882       0.78539909798803265     
  -1.3056222769591841E-013 -0.50459558103574409       -1.9718538441377258E-014 -0.38219292951931250       0.78539909798803031     
   4.4853010194856324E-014 -0.48132400095919836       -2.0917802288431401E-014 -0.36806557558949216       0.78539909798804497     
  -1.0080825063596421E-013 -0.46152292328566258       -1.9316626514716552E-014 -0.35620558442576078       0.78539909798805607     
  -3.1974423109204508E-014 -0.44545902885915156       -1.9253137688557175E-014 -0.34690210964212431       0.78539909798805740     
   3.6415315207705135E-014 -0.43313198917208817       -2.2064944928861009E-014 -0.34023871286932872       0.78539909798805696     
   2.1094237467877974E-013 -0.42431226259692689       -2.1055501150730461E-014 -0.33611386706899937       0.78539909798805663     
   1.0436096431476471E-013 -0.41860975617943907       -1.7318559104138433E-014 -0.33428825112026539       0.78539909798805774     
  -2.0694557179012918E-013 -0.41555183514496541       -2.2031532739199884E-014 -0.33444276575403187       0.78539909798805585     
  -4.6185277824406512E-014 -0.41464828434322420       -2.0885462279340215E-014 -0.33622927517373702       0.78539909798805718     
  -1.4033219031261979E-013 -0.41542664839241716       -1.8420161553088949E-014 -0.33929971507449785       0.78539909798805785     
   1.9939605522267811E-013 -0.41743196262750226       -2.4113644531950237E-014 -0.34330721236986106       0.78539909798805152     
  -1.3677947663381929E-013 -0.42019695894567421       -2.2090606429513939E-014 -0.34788274309896527       0.78539909798804608     
  -1.3766765505351941E-014 -0.42319871978021917       -2.3212724181329197E-014 -0.35259954555000395       0.78539909798804441     
  -7.7715611723760958E-014 -0.42582244015390902       -2.0116420570578556E-014 -0.35694225387948952       0.78539909798804386     
  -9.1038288019262836E-014 -0.42735098863238408       -2.5407131105436095E-014 -0.36029694757228192       0.78539909798804364     
   9.7699626167013776E-014 -0.42699088355188763       -1.9051713608491948E-014 -0.36197212773167164       0.78539909798804763     
   1.1057821325266559E-013 -0.42393366139280886       -1.8871315724389287E-014 -0.36125093620268034       0.78539909798805352     
  -1.0969003483296547E-013 -0.41744010001552834       -1.9470721648994044E-014 -0.35746481108590045       0.78539909798805807     
   1.2834178164666810E-013 -0.40692705130293039       -1.5089169047624678E-014 -0.35007150889017336       0.78539909798805896     
   1.3722356584366935E-013 -0.39203518348138378       -1.8459925216930752E-014 -0.33871839852791386       0.78539909798805840     
  -3.9701575360595598E-013 -0.37266109738273734       -1.5469022301344369E-014 -0.32327576926175983       0.78539909798805807     
   1.9184653865522705E-013 -0.34894734163376295       -2.2574556652876695E-014 -0.30383333562330606       0.78539909798805896     
   1.4654943925052066E-014 -0.32123559006854219       -2.2549219641168610E-014 -0.28066345473398435       0.78539909798805863     
   3.0642155479654321E-014 -0.28999805582573490       -2.0120682112239247E-014 -0.25416357606346107       0.78539909798805918     
  -1.0080825063596421E-013 -0.25576717539614480       -2.1629460624152483E-014 -0.22479536900052377       0.78539909798805940     
  -1.6830981053317373E-013 -0.21908236273369663       -2.1446999884819918E-014 -0.19303741328718749       0.78539909798805696     
   2.9398705692074145E-013 -0.18046575712150670       -1.5056811886287951E-014 -0.15936258776455725       0.78539909798805452     
   4.4408920985006262E-013 -0.14042860875175212       -2.1108047490995859E-014 -0.12424224559258734       0.78539909798805452     
  -2.3536728122053319E-013  -9.9499505567238966E-002  -1.8180621189517963E-014  -8.8169820241689401E-002  0.78539909798805407     
   8.4376949871511897E-014  -5.8258319215945598E-002  -1.8854668127022274E-014  -5.1689693724350061E-002  0.78539909798805330     
  -2.2737367544323206E-013  -1.7357766235055472E-002  -1.5152066650429471E-014  -1.5415115414119995E-002  0.78539909798805851     
  -1.0658141036401503E-014   2.2481559317849342E-002  -2.1316901907887331E-014   1.9977653167264631E-002  0.78539909798806629     
  -6.3060667798708891E-014   6.0508235466453009E-002  -1.9514484628446038E-014   5.3784091402591994E-002  0.78539909798807184     
   2.6734170432973769E-013   9.6004227897784844E-002  -2.0139154354912630E-014   8.5330669848554752E-002  0.78539909798809482     
  -2.9976021664879227E-013  0.12836231201378334       -2.0101042283175966E-014  0.11404590290199579       0.78539909798809859     
   2.3669954885008337E-013  0.15715795536136135       -1.6619699689362296E-014  0.13952609003346339       0.78539909798810914     
  -1.2967404927621828E-013  0.18219784150773632       -1.7077112321681104E-014  0.16157946832297476       0.78539909798811025     
   3.7303493627405260E-014  0.20353343813393776       -1.6869493026446279E-014  0.18023822200575523       0.78539909798810081     
   2.0872192862952943E-014  0.22143760257087930       -1.5607703784403490E-014  0.19573661330669845       0.78539909798810592     
   7.5051076464660582E-014  0.23635217361677352       -1.4139030525382401E-014  0.20846261712999992       0.78539909798808105     
   2.8155255904493970E-013  0.24882184803889951       -1.9499432659619249E-014  0.21889710186811095       0.78539909798807495     
   1.9717560917342780E-013  0.25943223226984857       -2.0839273264779712E-014  0.22755683161977602       0.78539909798807728     
  -3.9301895071730542E-013  0.26876708350254708       -1.9057111696217603E-014  0.23495477337073467       0.78539909798807794     
   2.3492319201068312E-013  0.27739244138386043       -9.5760530400189841E-015  0.24158440591050168       0.78539909798807217     
  -1.1945999744966684E-013  0.28586592677247102       -1.3590789764306341E-014  0.24792615830363784       0.78539909798807006     
   1.1501910535116622E-013  0.29476095648839973       -1.0931375604510906E-014  0.25446654421451864       0.78539909798807062     
  -5.9952043329758453E-014  0.30469066106520781       -1.7535105745749768E-014  0.26171640467457991       0.78539909798806895     
   2.5224267119483557E-013  0.31631643366341011       -2.1846118706968353E-014  0.27021521135557069       0.78539909798806851     
  -1.6520118606422329E-013  0.33033115967995608       -1.8452280969777943E-014  0.28051333940908707       0.78539909798807273     
   2.8421709430404007E-013  0.34741560114401526       -1.9244187881870382E-014  0.29313191346526546       0.78539909798807594     
   1.9229062786507711E-013  0.36817542269494741       -1.9258910221776157E-014  0.30850771712288116       0.78539909798807728     
  -9.5923269327613525E-014  0.39307310171095944       -2.4295268680678772E-014  0.32693619390947770       0.78539909798806828     
  -4.3476333644321130E-013  0.42237139331119744       -2.1025675236950790E-014  0.34852704109726629       0.78539909798806362     
   6.2616578588858829E-014  0.45610244195926830       -2.3537245840616293E-014  0.37318393021595275       0.78539909798802476     
  -1.0036416142611415E-013  0.49406985934944858       -1.1549201377369216E-014  0.40061345751688160       0.78539909798801288     
   1.5498713423767185E-013  0.53588231102430717       -2.1189475003976631E-014  0.43036065339588925       0.78539909798794549     
  -2.9709568138969189E-013  0.58100891343919336       -1.5290148441141790E-014  0.46186156081244434       0.78539909798792851     
   5.1514348342607263E-014  0.62884161987452369       -1.6609623329734764E-014  0.49449966925425004       0.78539909798784435     
   2.2515322939398175E-013  0.67874911329694010       -2.6886474249392938E-014  0.52765328224773755       0.78539909798782626     
  -3.1619151741324458E-013  0.73011078104802252       -2.0219935856255716E-014  0.56072507984487441       0.78539909798774088     
   4.5075054799781356E-013  0.78232663366125355       -2.4955679737349787E-014  0.59315164363064499       0.78539909798772300     
  -4.2543746303635999E-013  0.83480736990065019       -1.7278210972928152E-014  0.62439751154666645       0.78539909798764540     
   1.6209256159527285E-013  0.88695536670034647       -1.5194663047078473E-014  0.65394310057565752       0.78539909798762986     
   3.8680170177940454E-013  0.93815030829593882       -2.4161943081130095E-014  0.68127724868204265       0.78539909798755969     
  -4.4408920985006262E-015  0.98775138301085530       -2.8045019278457889E-014  0.70590269931484606       0.78539909798754570     
   1.0258460747536446E-013   1.0351223253689454       -2.6469022976835805E-014  0.72735768534559764       0.78539909798754715     
  -1.5010215292932116E-013   1.0796776928023446       -2.5404302107510962E-014  0.74525049657046560       0.78539909798754959     
   4.8716586320551869E-013   1.1209413775373145       -3.2029449287664644E-014  0.75929878655071148       0.78539909798752749     
   1.1102230246251565E-013   1.1586036353653273       -2.2781235355248741E-014  0.76936292348980184       0.78539909798750118     
  -2.8999025403209089E-013   1.1925623817361450       -2.7037214458222265E-014  0.77546368872392923       0.78539909798748586     
  -1.1102230246251565E-014   1.2229382217664777       -1.1389069853533495E-014  0.77777861980314822       0.78539909798748786     
  -9.9031893796563963E-014   1.2500595079002337       -1.6238073734347006E-014  0.77661697011612230       0.78539909798749075     
   2.4336088699783431E-013   1.2744215234976606       -2.8891491001156186E-014  0.77237877597941651       0.78539909798746887     
  -3.0597746558669314E-013   1.2966303736271616       -1.5823888022653740E-014  0.76550723324274550       0.78539909798744578     
  -1.3988810110276972E-013   1.3173453904303249       -9.9157613507792744E-015  0.75644442341115736       0.78539909798743490     
  -2.8865798640254070E-013   1.3372329115128183       -1.7631183736905073E-014  0.74559828000638029       0.78539909798743435     
  -8.7929663550312398E-014   1.3569395893665921       -1.5802440155640965E-014  0.73332441681833060       0.78539909798743512     
  -4.9205084451386938E-013   1.3770864082114365       -1.8987292556696842E-014  0.71992149500322111       0.78539909798742857     
   4.8450132794641831E-013   1.3982776080107802       -2.3366475282375982E-014  0.70563485220280420       0.78539909798742302     
  -2.2071233729548112E-013   1.4211139110561537       -1.7465343589916729E-014  0.69066136077328966       0.78539909798742213     
   2.1493917756743031E-013   1.4461982861968212       -2.0562188348576259E-014  0.67514935427083400       0.78539909798742025     
   1.9229062786507711E-013   1.4741253289472520       -2.1947520140904665E-014  0.65919051984665367       0.78539909798742102     
   9.8143715376863838E-014   1.5054511401387658       -2.0603856281977007E-014  0.64280467870936242       0.78539909798740470     
  -2.5357493882438575E-013   1.5406475315500487       -2.2718806248987215E-014  0.62592195393789818       0.78539909798738139     
  -2.2515322939398175E-013   1.5800502277482358       -3.4050620999639799E-014  0.60836871425268257       0.78539909798736307     
  -1.3944401189291966E-013   1.6238136415574012       -2.9621615184120953E-014  0.58986329580485219       0.78539909798736851     
  -1.8562928971732617E-013   1.6718839566347308       -2.3667586228220881E-014  0.57002507327570451       0.78539909798737417     
   4.3520742565306136E-013   1.7239978584579307       -1.6752611243286358E-014  0.54839682278402946       0.78539909798731333     
  -3.2995828291859652E-013   1.7797077330924762       -2.6931340608529388E-014  0.52447675445381226       0.78539909798724683     
   3.2995828291859652E-013   1.8384274287112290       -1.7303326836112386E-014  0.49775422632355759       0.78539909798720320     
  -2.3447910280083306E-013   1.8994877471284091       -1.8323634475955497E-014  0.46774268439518574       0.78539909798721219     
   1.8918200339612667E-013   1.9621892104363821       -2.0801770854445880E-014  0.43400485832115288       0.78539909798721963     
   2.7089441800853820E-014   2.0258416803206716       -1.5197441932114680E-014  0.39616802793888184       0.78539909798713881     
   3.9257486150745535E-013   2.0897854654515786       -1.8364876610421767E-014  0.35393024599980033       0.78539909798705998     
  -1.3278267374516872E-013   2.1533949527491223       -2.2070541921183842E-014  0.30706066154356121       0.78539909798701324     
  -3.8147263126120379E-013   2.2160714872849723       -2.3196839014896192E-014  0.25539780676661039       0.78539909798701857     
   1.8962609260597674E-013   2.2772354871481859       -2.8044963925980035E-014  0.19884877204664281       0.78539909798702523     
  -8.7041485130612273E-014   2.3363275424804941       -2.6741581943148770E-014  0.13739007746309720       0.78539909798695473     
  -3.4994229736184934E-013   2.3928247432607868       -4.6263725958896202E-014   7.1068689493391457E-002  0.78539909798687957     
   4.3964831775156199E-014   2.4462728379418590       -2.5615548668196623E-014  -1.1949997088471943E-014  0.78539909798683782     
