 force-1force-2force-3workmass
   4.4408920985006262E-016   1.7763568394002505E-015  -1.9398089615056787E-014   0.0000000000000000       0.78539816362971648     
  -1.1102230246251565E-014  -5.6843418860808015E-014  -3.4002061145995550E-014  -8.6846857776665071E-008  0.78539816362971626     
   1.9539925233402755E-014  -2.8421709430404007E-014  -3.1438961295138670E-014  -9.3815573602532228E-007  0.78539816362971682     
  -1.5543122344752192E-014  -3.7303493627405260E-014  -2.8158716870003530E-014  -3.7914660953874993E-006  0.78539816362971759     
   3.1086244689504383E-015  -7.1054273576010019E-014  -3.2330855981871898E-014  -1.0204425285205519E-005  0.78539816362971915     
  -6.2172489379008766E-015  -5.3290705182007514E-014  -3.0200805663885938E-014  -2.1954829822829558E-005  0.78539816362972170     
   3.1086244689504383E-015  -1.7763568394002505E-014  -2.2838155036809813E-014  -4.0982429164665741E-005  0.78539816362972603     
   1.5987211554602254E-014  -1.1191048088221578E-013  -3.0587982831836428E-014  -6.9349209579638328E-005  0.78539816362973147     
  -1.7763568394002505E-014  -1.0658141036401503E-013  -2.7612667910707333E-014  -1.0920916618163162E-004  0.78539816362973958     
   6.2172489379008766E-014  -2.8421709430404007E-014  -2.8479928228351758E-014  -1.6278369083548309E-004  0.78539816362974935     
  -1.4654943925052066E-014   4.9737991503207013E-014  -3.5102725716551868E-014  -2.3234077015613994E-004  0.78539816362976200     
   3.5971225997855072E-014  -3.3750779948604759E-014  -2.7201801602173900E-014  -3.2017704366800237E-004  0.78539816362977699     
   8.9706020389712648E-014  -5.8619775700208265E-014  -3.0763673653104495E-014  -4.2860214743160635E-004  0.78539816362979498     
   3.9079850466805510E-014  -1.2612133559741778E-013  -2.9364282328554432E-014  -5.5992494947935555E-004  0.78539816362981596     
   3.9968028886505635E-014  -1.0125233984581428E-013  -3.1443055794565741E-014  -7.1644138074479654E-004  0.78539816362984050     
   5.0626169922907138E-014  -2.4868995751603507E-014  -2.1129265854078488E-014  -9.0042362524309517E-004  0.78539816362986858     
   5.9952043329758453E-014   2.1316282072803006E-014  -2.9464771359205327E-014  -1.1141104756859507E-003  0.78539816362990045     
   5.6843418860808015E-014  -7.8159700933611020E-014  -2.6344826439527838E-014  -1.3596986935936225E-003  0.78539816362993664     
   5.3290705182007514E-014  -1.9362289549462730E-013  -2.6570164922168957E-014  -1.6393352392509051E-003  0.78539816362997694     
   5.0626169922907138E-014   1.9539925233402755E-014  -2.9601609019844751E-014  -1.9551102590110322E-003  0.78539816363002202     
   5.1514348342607263E-014  -1.0658141036401503E-014  -3.1571935916847582E-014  -2.3090507376108426E-003  0.78539816363007087     
   4.3520742565306136E-014  -1.8118839761882555E-013  -3.0963746261862771E-014  -2.7031147352406639E-003  0.78539816363012505     
   7.5495165674510645E-015   1.4210854715202004E-014  -2.8958416376825909E-014  -3.1391861439627215E-003  0.78539816363018433     
   3.2862601528904634E-014  -1.9539925233402755E-014  -3.6180131543319705E-014  -3.6190699097815356E-003  0.78539816363024895     
   6.2172489379008766E-014  -4.2632564145606011E-014  -2.2873569082827229E-014  -4.1444876753861763E-003  0.78539816363031889     
   4.7517545453956700E-014  -9.9475983006414026E-014  -2.7402865333583560E-014  -4.7170738053548154E-003  0.78539816363039461     
  -3.3750779948604759E-014  -3.0198066269804258E-014  -3.1516196720455776E-014  -5.3383717619530837E-003  0.78539816363047654     
  -4.9293902293356950E-014  -1.2434497875801753E-013  -2.9805616406439700E-014  -6.0098308035547573E-003  0.78539816363056447     
  -1.3322676295501878E-015  -5.3290705182007514E-014  -3.6149134030027044E-014  -6.7328029823163198E-003  0.78539816363065851     
   0.0000000000000000        0.0000000000000000       -2.9519494233033771E-014  -7.5085404212028462E-003  0.78539816363075909     
  -4.7517545453956700E-014  -2.3092638912203256E-014  -3.0546614194061093E-014  -8.3381928531440844E-003  0.78539816363086623     
  -5.9952043329758453E-014   1.4210854715202004E-014  -3.2761246327511717E-014  -9.2228054084403099E-003  0.78539816363098058     
   5.3290705182007514E-015   5.5067062021407764E-014  -3.0869564849377759E-014  -1.0163316637118808E-002  0.78539816363110215     
  -4.4408920985006262E-014  -4.7961634663806763E-014  -3.0250145068336120E-014  -1.1160556755220118E-002  0.78539816363123072     
  -8.1712414612411521E-014  -2.1138646388862981E-013  -3.1820500841899276E-014  -1.2215246105232775E-002  0.78539816363136761     
  -1.4210854715202004E-014   7.8159700933611020E-014  -3.0947843399596533E-014  -1.3327993821679072E-002  0.78539816363151171     
   7.1054273576010019E-015   5.6843418860808015E-014  -2.7615729368382331E-014  -1.4499296693725648E-002  0.78539816363166393     
   2.5757174171303632E-014  -4.2632564145606011E-014  -2.9417469640597771E-014  -1.5729538216896252E-002  0.78539816363182469     
  -1.1057821325266559E-013  -1.4388490399142029E-013  -2.8450534127518317E-014  -1.7018987826399330E-002  0.78539816363199388     
  -7.9936057773011271E-015  -8.8817841970012523E-014  -2.9863880596406928E-014  -1.8367800305521556E-002  0.78539816363217163     
  -3.9968028886505635E-015  -2.4868995751603507E-014  -2.6518607932827719E-014  -1.9776015363678019E-002  0.78539816363235837     
   1.7763568394002505E-015  -3.9079850466805510E-014  -2.6787510856775770E-014  -2.1243557380053790E-002  0.78539816363255466     
  -2.2204460492503131E-014  -1.6520118606422329E-013  -2.5158645126144896E-014  -2.2770235309245879E-002  0.78539816363276060     
  -1.3322676295501878E-014  -2.8421709430404007E-014  -2.9723103184378650E-014  -2.4355742745184011E-002  0.78539816363297632     
  -3.9079850466805510E-014  -8.1712414612411521E-014  -2.8471835368981252E-014  -2.5999658138949236E-002  0.78539816363320214     
   2.4868995751603507E-014   1.7763568394002505E-015  -3.3370300684183124E-014  -2.7701445166012119E-002  0.78539816363343906     
   8.7485574340462335E-014   8.8817841970012523E-014  -3.5698575161405807E-014  -2.9460453238043579E-002  0.78539816363368642     
  -3.7747582837255322E-014  -1.6164847238542279E-013  -3.9909651196479538E-014  -3.1275918155569099E-002  0.78539816363394532     
  -2.1982415887578100E-014  -6.2172489379008766E-014  -3.3020082711588211E-014  -3.3146962898027460E-002  0.78539816363421577     
   1.3766765505351941E-014  -2.7355895326763857E-013  -4.0247598986517883E-014  -3.5072598547866804E-002  0.78539816363449844     
   2.8421709430404007E-014  -3.5527136788005009E-014  -3.7692677760466121E-014  -3.7051725345205108E-002  0.78539816363479353     
   6.0840221749458578E-014  -1.2612133559741778E-013  -3.3292906922837037E-014  -3.9083133869356732E-002  0.78539816363510195     
  -6.2172489379008766E-015  -5.3290705182007514E-014  -3.1516133292218764E-014  -4.1165506344195607E-002  0.78539816363542381     
   1.1279865930191590E-013   8.5265128291212022E-014  -3.2074650995101696E-014  -4.3297418060011396E-002  0.78539816363575876     
   4.6185277824406512E-014  -3.1974423109204508E-014  -2.5011214232068333E-014  -4.5477338908692592E-002  0.78539816363610904     
   4.5297099404706387E-014  -5.3290705182007514E-015  -3.0172018523262459E-014  -4.7703635031500699E-002  0.78539816363647419     
   6.2172489379008766E-015  -1.2789769243681803E-013  -3.1424168382310148E-014  -4.9974570578594536E-002  0.78539816363685500     
  -3.4638958368304884E-014  -1.1901590823981678E-013  -3.1977858480961792E-014  -5.2288309574216867E-002  0.78539816363725234     
  -6.6169292267659330E-014  -1.6875389974302379E-013  -3.2325472237062478E-014  -5.4642917891907075E-002  0.78539816363766657     
  -7.9047879353311146E-014  -2.0072832285222830E-013  -2.6274531382314322E-014  -5.7036365344354141E-002  0.78539816363809911     
  -6.8833827526759706E-014  -8.8817841970012523E-014  -2.9045957700942120E-014  -5.9466527875181266E-002  0.78539816363855031     
  -4.1300296516055823E-014  -1.4921397450962104E-013  -2.3024815530469601E-014  -6.1931189848525650E-002  0.78539816363902060     
  -1.2123635428906709E-013  -9.7699626167013776E-014  -3.0596198381587052E-014  -6.4428046438775838E-002  0.78539816363951176     
  -6.2172489379008766E-014  -1.2434497875801753E-013  -2.4220311891902091E-014  -6.6954706113823217E-002  0.78539816364002446     
  -8.0824236192711396E-014  -1.7763568394002505E-014  -3.8800016863784250E-014  -6.9508693201771291E-002  0.78539816364055870     
  -8.8817841970012523E-015   6.9277916736609768E-014  -3.6972165832175983E-014  -7.2087450543024664E-002  0.78539816364111692     
  -6.9277916736609768E-014  -1.0658141036401503E-013  -3.5802041783767484E-014  -7.4688342226765722E-002  0.78539816364170034     
  -4.7961634663806763E-014  -4.0856207306205761E-014  -3.8288635982926184E-014  -7.7308656409117674E-002  0.78539816364230886     
   2.5757174171303632E-014   8.1712414612411521E-014  -2.9645691872505125E-014  -7.9945608212596303E-002  0.78539816364294457     
   1.2079226507921703E-013   8.8817841970012523E-014  -3.0256778559452639E-014  -8.2596342702265999E-002  0.78539816364360848     
  -9.0594198809412774E-014  -5.3290705182007514E-014  -2.9637892232423428E-014  -8.5257937934594283E-002  0.78539816364430237     
  -1.3855583347321954E-013  -9.5923269327613525E-014  -2.8965918727725231E-014  -8.7927408078973035E-002  0.78539816364502713     
  -7.0166095156309893E-014  -1.8829382497642655E-013  -3.7058244359187804E-014  -9.0601706611394939E-002  0.78539816364578441     
  -8.0824236192711396E-014  -1.1368683772161603E-013  -2.9787559148605134E-014  -9.3277729574379256E-002  0.78539816364657555     
  -6.3948846218409017E-014  -1.1368683772161603E-013  -3.2568368799598650E-014  -9.5952318904062417E-002  0.78539816364740300     
  -8.2600593032111647E-014  -9.2370555648813024E-014  -2.7951353605274336E-014  -9.8622265828987185E-002  0.78539816364826742     
   6.2172489379008766E-015  -3.9079850466805510E-014  -2.5848848516966537E-014 -0.10128431434101515       0.78539816364917092     
   7.1054273576010019E-015  -7.8159700933611020E-014  -3.2482348125475090E-014 -0.10393516473457537       0.78539816365011550     
   3.4638958368304884E-014  -1.7763568394002505E-014  -3.0814105125401485E-014 -0.10657147720780587       0.78539816365110271     
   2.1316282072803006E-014  -8.1712414612411521E-014  -3.9840105286846073E-014 -0.10918987552015927       0.78539816365213533     
  -1.0658141036401503E-014  -4.2632564145606011E-014  -4.0752122592200311E-014 -0.11178695070173478       0.78539816365321435     
   6.9277916736609768E-014  -3.1974423109204508E-014  -3.2592496199979315E-014 -0.11435926480814934       0.78539816365434167     
  -2.9309887850104133E-014  -1.2079226507921703E-013  -3.0792515503683632E-014 -0.11690335471822566       0.78539816365552007     
  -1.5987211554602254E-014  -5.6843418860808015E-014  -3.2329315790210182E-014 -0.11941573597832524       0.78539816365675097     
  -3.1974423109204508E-014  -7.1054273576010019E-014  -3.3922719156886131E-014 -0.12189290669352995       0.78539816365803627     
  -6.7501559897209518E-014  -1.4033219031261979E-013  -2.8161605700420199E-014 -0.12433135146636051       0.78539816365937942     
   2.4868995751603507E-014  -3.5527136788005009E-014  -2.1203758064967573E-014 -0.12672754538246742       0.78539816366078119     
  -8.1712414612411521E-014  -5.6843418860808015E-014  -2.0878299979017343E-014 -0.12907795804189170       0.78539816366224469     
   6.7501559897209518E-014   8.5265128291212022E-014  -3.2999377218779683E-014 -0.13137905763526159       0.78539816366377124     
  -1.0658141036401503E-013  -1.0658141036401503E-013  -3.4050450366015454E-014 -0.13362731506422837       0.78539816366536364     
   7.2830630415410269E-014   1.7763568394002505E-014  -3.7488326182875715E-014 -0.13581920811149442       0.78539816366702397     
  -4.2632564145606011E-014  -3.3750779948604759E-014  -3.0498884081352084E-014 -0.13795122564959861       0.78539816366875426     
  -1.5987211554602254E-014  -1.1013412404281553E-013  -3.3966333744613252E-014 -0.14001987189000625       0.78539816367055681     
  -1.2789769243681803E-013  -3.7303493627405260E-014  -3.5236396084452339E-014 -0.14202167068567181       0.78539816367243254     
  -2.6645352591003757E-014  -5.3290705182007514E-015  -3.0169113956031273E-014 -0.14395316987511275       0.78539816367438553     
  -1.4743761767022079E-013  -5.6843418860808015E-014  -3.2493333053724099E-014 -0.14581094565639949       0.78539816367641690     
  -1.1546319456101628E-013  -4.2632564145606011E-014  -2.3622834886511257E-014 -0.14759160699026838       0.78539816367852833     
  -3.3750779948604759E-014   4.2632564145606011E-014  -4.0196701923443607E-014 -0.14929180003142717       0.78539816368072135     
  -2.5224267119483557E-013  -8.8817841970012523E-014  -3.0103944786056873E-014 -0.15090821257760736       0.78539816368299897     
  -1.3322676295501878E-013  -6.3948846218409017E-014  -3.5079356592485661E-014 -0.15243757854632484       0.78539816368536219     
  -2.3092638912203256E-013  -7.4606987254810520E-014  -3.2538823318187327E-014 -0.15387668249182432       0.78539816368781235     
  -2.4158453015843406E-013  -8.1712414612411521E-014  -3.6810009039234459E-014 -0.15522236415759394       0.78539816369035065     
  -7.4606987254810520E-014  -9.9475983006414026E-014  -3.4739347986467189E-014 -0.15647152306443418       0.78539816369297777     
  -9.0594198809412774E-014  -8.3488771451811772E-014  -3.8821695068164477E-014 -0.15762112313483909       0.78539816369569582     
  -1.4210854715202004E-014  -5.5955240441107890E-014  -2.7243145989274683E-014 -0.15866819735425533       0.78539816369850524     
  -7.2830630415410269E-014  -5.9507954119908391E-014  -3.4275105216607874E-014 -0.15960985246936032       0.78539816370140747     
  -1.5809575870662229E-013  -8.6153306710912148E-014  -4.0628092060414120E-014 -0.16044327372691633       0.78539816370440163     
  -5.8619775700208265E-014  -7.7271522513910895E-014  -3.9445176309524365E-014 -0.16116572965249770       0.78539816370748861     
  -1.7585932710062480E-013  -6.4837024638109142E-014  -4.1446705623220672E-014 -0.16177457686530425       0.78539816371066939     
  -2.6645352591003757E-014  -5.4178883601707639E-014  -4.0634619770267511E-014 -0.16226726493515703       0.78539816371394278     
  -3.5527136788005009E-015  -4.7073456244106637E-014  -3.8735903429943904E-014 -0.16264134127952604       0.78539816371730875     
  -7.9936057773011271E-014  -6.9277916736609768E-014  -3.3532398436060953E-014 -0.16289445609668837       0.78539816372076665     
   9.2370555648813024E-014  -6.6613381477509392E-014  -3.3235253536541089E-014 -0.16302436732665976       0.78539816372431592     
  -1.6520118606422329E-013  -9.7699626167013776E-014  -3.7061971602000930E-014 -0.16302894563988868       0.78539816372795501     
   1.9539925233402755E-014  -6.5725203057809267E-014  -3.9153284997070888E-014 -0.16290617945385602       0.78539816373168259     
  -4.2632564145606011E-014  -9.9475983006414026E-014  -2.8603258631874991E-014 -0.16265417998131448       0.78539816373549687     
   3.3750779948604759E-014  -1.9095836023552692E-014  -3.0602068979693480E-014 -0.16227118631617399       0.78539816373939653     
   6.3948846218409017E-014  -4.8849813083506888E-014  -3.0582415722091492E-014 -0.16175557056524315       0.78539816374337845     
   1.0658141036401503E-014  -5.0626169922907138E-014  -3.0337659537384896E-014 -0.16110584303225828       0.78539816374743987     
   7.9936057773011271E-014  -6.2172489379008766E-014  -2.7735001087940050E-014 -0.16032065745572416       0.78539816375157823     
  -5.1514348342607263E-014  -4.4408920985006262E-016  -3.3134692547270809E-014 -0.15939881630130220       0.78539816375578986     
  -1.0658141036401503E-014   8.1268325402561459E-014  -3.8139805432211834E-014 -0.15833927610760648       0.78539816376007199     
  -7.9936057773011271E-014   5.4622972811557702E-014  -4.1259264776095570E-014 -0.15714115288406183       0.78539816376442051     
   7.1054273576010019E-015  -2.2204460492503131E-015  -3.4404578113708929E-014 -0.15580372756047320       0.78539816376883087     
   1.9184653865522705E-013  -3.7747582837255322E-014  -3.7332239791658867E-014 -0.15432645148791685       0.78539816377329963     
  -7.8159700933611020E-014  -6.1728400169158704E-014  -3.8485763172888026E-014 -0.15270895199392781       0.78539816377782179     
  -6.2172489379008766E-014   1.9095836023552692E-014  -2.9535084668880937E-014 -0.15095103799125376       0.78539816378239180     
  -6.5725203057809267E-014  -3.9968028886505635E-014  -3.7164194684627860E-014 -0.14905270563901671       0.78539816378700533     
  -1.7053025658242404E-013   8.7041485130612273E-014  -3.4585992184771371E-014 -0.14701414405755267       0.78539816379165683     
  -1.0835776720341528E-013   6.0396132539608516E-014  -3.0085228951490584E-014 -0.14483574109906913       0.78539816379634075     
  -1.3677947663381929E-013   2.4424906541753444E-014  -3.2639898265013321E-014 -0.14251808917196024       0.78539816380105099     
   9.4146912488213275E-014   1.1546319456101628E-014  -3.4569113942173656E-014 -0.14006199112399817       0.78539816380578154     
  -7.1054273576010019E-014  -1.7319479184152442E-014  -4.0904547536010263E-014 -0.13746846618691150       0.78539816381052618     
  -4.6185277824406512E-014   2.8865798640254070E-014  -3.5116883609296857E-014 -0.13473875599170376       0.78539816381527883     
  -1.9184653865522705E-013   5.1514348342607263E-014  -3.2875598849329086E-014 -0.13187433066088583       0.78539816382003358     
  -6.7501559897209518E-014   7.0166095156309893E-014  -4.4202207813809487E-014 -0.12887689497937033       0.78539816382478345     
  -1.6697754290362354E-013  -8.8817841970012523E-016  -3.9669417937119872E-014 -0.12574839464837939       0.78539816382952210     
  -1.2256862191861728E-013   1.3322676295501878E-014  -4.3290778044868253E-014 -0.12249102261789677       0.78539816383424188     
  -1.4210854715202004E-013   3.1086244689504383E-014  -4.1838418429649352E-014 -0.11910722550114719       0.78539816383893757     
  -9.9475983006414026E-014  -1.1546319456101628E-014  -4.0693359331390384E-014 -0.11559971006995860       0.78539816384360206     
  -1.4210854715202004E-013  -4.6185277824406512E-014  -3.6455695340716985E-014 -0.11197144982104899       0.78539816384822914     
  -1.0658141036401503E-013   6.1284310959308641E-014  -3.9791965830512168E-014 -0.10822569160646867       0.78539816385281180     
  -5.8619775700208265E-014  -4.4408920985006262E-015  -4.1416601322396485E-014 -0.10436596234719947       0.78539816385734462     
  -3.5527136788005009E-015  -4.4408920985006262E-014  -3.4223197386911261E-014 -0.10039607583037288       0.78539816386182104     
  -3.5527136788005009E-015  -1.8651746813702630E-014  -3.7258793385594971E-014  -9.6320139570620883E-002  0.78539816386623529     
   9.5923269327613525E-014  -7.1054273576010019E-014  -3.7011158719788867E-014  -9.2142561747834362E-002  0.78539816387058148     
   8.8817841970012523E-015  -8.3488771451811772E-014  -3.8494679445690198E-014  -8.7868058228183429E-002  0.78539816387485395     
   4.9737991503207013E-014  -1.2612133559741778E-013  -3.0620580627983644E-014  -8.3501659661416983E-002  0.78539816387904893     
  -2.1316282072803006E-014   2.3092638912203256E-014  -3.8285676948917415E-014  -7.9048718658179751E-002  0.78539816388316019     
  -3.1974423109204508E-014   7.2830630415410269E-014  -3.7738091096144696E-014  -7.4514917051513113E-002  0.78539816388718386     
   5.6843418860808015E-014  -6.7501559897209518E-014  -4.6730754422004344E-014  -6.9906273237343941E-002  0.78539816389111583     
   1.1368683772161603E-013  -6.3948846218409017E-014  -4.5426359356748758E-014  -6.5229149606688158E-002  0.78539816389495298     
   8.8817841970012523E-015   3.9079850466805510E-014  -3.2421581364953745E-014  -6.0490260047888121E-002  0.78539816389869122     
   9.0594198809412774E-014  -4.6185277824406512E-014  -3.5026019659024852E-014  -5.5696677519270113E-002  0.78539816390232753     
  -2.3092638912203256E-014   1.2079226507921703E-013  -4.2362507494012850E-014  -5.0855841700804989E-002  0.78539816390586092     
   1.9539925233402755E-014   8.5265128291212022E-014  -3.0476750741095123E-014  -4.5975566710895262E-002  0.78539816390928896     
  -8.1712414612411521E-014   4.2632564145606011E-014  -3.4110724098875121E-014  -4.1064048887274621E-002  0.78539816391261030     
   1.4566126083082054E-013  -1.3677947663381929E-013  -3.6469649040131236E-014  -3.6129874603602986E-002  0.78539816391582451     
   1.2079226507921703E-013  -1.7053025658242404E-013  -3.4302729676942000E-014  -3.1182028157315682E-002  0.78539816391893114     
   8.7929663550312398E-014  -5.8619775700208265E-014  -3.2804430934566083E-014  -2.6229899708613037E-002  0.78539816392193018     
  -3.7303493627405260E-014  -6.3948846218409017E-014  -3.4990010273642692E-014  -2.1283293240464140E-002  0.78539816392482287     
   6.4837024638109142E-014  -2.4868995751603507E-014  -2.9797197006965386E-014  -1.6352434571452114E-002  0.78539816392761042     
  -1.0569323194431490E-013   2.1316282072803006E-014  -3.7740989002808462E-014  -1.1447979354754109E-002  0.78539816393029493     
  -1.0658141036401503E-013   2.3092638912203256E-013  -3.8640924782345518E-014  -6.5810211725923235E-003  0.78539816393287820     
  -7.8159700933611020E-014   1.6164847238542279E-013  -4.4745006821612051E-014  -1.7630996693609191E-003  0.78539816393536377     
  -8.8817841970012523E-014   7.9936057773011271E-014  -4.3904197337179222E-014   2.9937914712799742E-003  0.78539816393775463     
  -5.9507954119908391E-014  -7.1054273576010019E-014  -4.6400884414443414E-014   7.6771963656685318E-003  0.78539816394005457     
  -1.0835776720341528E-013   3.5527136788005009E-014  -4.1985394165073343E-014   1.2274188877413585E-002  0.78539816394226780     
  -8.9706020389712648E-014   2.6645352591003757E-014  -3.7785003654398636E-014   1.6771364640568436E-002  0.78539816394439943     
  -8.7041485130612273E-014  -2.1316282072803006E-014  -4.2115800749141166E-014   2.1154833094197439E-002  0.78539816394645368     
  -4.8849813083506888E-014  -8.8817841970012523E-015  -3.8728003230262493E-014   2.5410209291211176E-002  0.78539816394843565     
  -6.7501559897209518E-014   6.9277916736609768E-014  -3.3673931180062660E-014   2.9522606233095966E-002  0.78539816395035145     
  -3.7303493627405260E-014   1.7763568394002505E-014  -3.2605803651917919E-014   3.3476627586208466E-002  0.78539816395220607     
  -3.1530333899354446E-014  -8.1712414612411521E-014  -2.8455902160600738E-014   3.7256359097717205E-002  0.78539816395400608     
  -3.1974423109204508E-014   1.4033219031261979E-013  -4.4486873796501644E-014   4.0845361308953068E-002  0.78539816395575746     
  -6.1284310959308641E-014   1.2789769243681803E-013  -4.0192084111908989E-014   4.4226663604830282E-002  0.78539816395746564     
  -6.0396132539608516E-014   1.6342482922482304E-013  -4.4712467989282741E-014   4.7382755121648662E-002  0.78539816395913742     
  -1.8651746813702630E-014   9.4146912488213275E-014  -3.7637835669478024E-014   5.0295579045041464E-002  0.78539816396077866     
   6.1284310959308641E-014   1.3322676295501878E-013  -3.9754068769587784E-014   5.2946526160886700E-002  0.78539816396239504     
   6.4837024638109142E-014   2.4691360067663481E-013  -4.2812204578940459E-014   5.5316427483350999E-002  0.78539816396399287     
   7.7715611723760958E-014  -3.5527136788005009E-015  -4.3467694799018974E-014   5.7385548390985586E-002  0.78539816396557738     
   4.8849813083506888E-014   7.9936057773011271E-014  -3.8656992576444836E-014   5.9133581790399965E-002  0.78539816396715412     
   3.4194869158454821E-014  -4.2632564145606011E-014  -3.9723707654297872E-014   6.0539643355200540E-002  0.78539816396872808     
   2.2204460492503131E-014   8.7041485130612273E-014  -3.2027624337049823E-014   6.1582264824790366E-002  0.78539816397030426     
   3.9301895071730542E-014   1.4210854715202004E-013  -2.8258763919774530E-014   6.2239387798480483E-002  0.78539816397188711     
   1.0214051826551440E-014   5.6843418860808015E-014  -3.1374328053197296E-014   6.2488360969051117E-002  0.78539816397348039     
  -1.1990408665951691E-014  -3.5527136788005009E-014  -3.3896435369306713E-014   6.2305935899179328E-002  0.78539816397508799     
   2.6645352591003757E-014   8.7041485130612273E-014  -3.5470243848288334E-014   6.1668264147067609E-002  0.78539816397671258     
  -7.0610184366159956E-014  -5.1514348342607263E-014  -3.6700632093946149E-014   6.0550895730553417E-002  0.78539816397835671     
   4.7073456244106637E-014   1.6875389974302379E-013  -3.1543696390856472E-014   5.8928776759062468E-002  0.78539816398002293     
  -7.1054273576010019E-015   1.6697754290362354E-013  -3.9784696340793296E-014   5.6776246977353367E-002  0.78539816398171303     
  -1.6875389974302379E-014   6.3948846218409017E-014  -3.8708894154706513E-014   5.4067038909190124E-002  0.78539816398342732     
  -1.7763568394002505E-015   6.0396132539608516E-014  -3.7828310634860706E-014   5.0774277405242013E-002  0.78539816398516693     
  -2.3536728122053319E-014   2.3980817331903381E-013  -4.3217404493441727E-014   4.6870480134413917E-002  0.78539816398693207     
  -4.6185277824406512E-014   1.0658141036401503E-014  -4.3270453612443386E-014   4.2327559497970638E-002  0.78539816398872153     
  -7.4606987254810520E-014   6.7501559897209518E-014  -4.8846921144532502E-014   3.7116824548414556E-002  0.78539816399053486     
   8.8817841970012523E-015   2.4336088699783431E-013  -3.7049414520789330E-014   3.1208984320585428E-002  0.78539816399237128     
  -7.5051076464660582E-014   1.4210854715202004E-014  -3.8461254122893538E-014   2.4574151796025866E-002  0.78539816399422835     
  -1.1546319456101628E-013   1.2079226507921703E-013  -3.5201320845616588E-014   1.7181848651559209E-002  0.78539816399610407     
  -4.0856207306205761E-014   6.7501559897209518E-014  -3.3203462215358612E-014   9.0010115802556245E-003  0.78539816399799700     
  -1.0080825063596421E-013   1.2256862191861728E-013  -2.7387380446359900E-014  -1.5341753169663767E-015  0.78539816399990414     
