 force-1force-2force-3workmass
   1.7763568394002505E-015   2.4868995751603507E-014  -2.1490512560269861E-014   0.0000000000000000       0.78539817820995306     
  -8.8817841970012523E-015  -1.7763568394002505E-014  -2.3445876936962928E-014  -8.1635413912143245E-007  0.78539817820987134     
  -7.9936057773011271E-015  -3.5527136788005009E-015  -2.0635358593702211E-014  -8.5791619541633306E-006  0.78539817821085323     
  -8.8817841970012523E-016  -4.2632564145606011E-014  -2.3250384339896141E-014  -3.3961202401369437E-005  0.78539817821014257     
   6.2172489379008766E-015  -2.4868995751603507E-014  -1.9595112725810619E-014  -8.9813339603805393E-005  0.78539817821611690     
   3.1086244689504383E-014  -2.4868995751603507E-014  -2.2596600584831902E-014  -1.9025510898372454E-004  0.78539817821394275     
  -1.5987211554602254E-014   1.4210854715202004E-014  -1.7127413839110935E-014  -3.5016831817021032E-004  0.78539817821789559     
   2.6201263381153694E-014   1.7763568394002505E-014  -1.8783010692449554E-014  -5.8485214587667214E-004  0.78539817821734870     
  -4.4408920985006262E-016  -1.4210854715202004E-014  -1.7955972993007826E-014  -9.0977271166639594E-004  0.78539817822083258     
   2.4424906541753444E-014  -4.2632564145606011E-014  -2.2473960113655237E-014  -1.3403704567633069E-003  0.78539817821992930     
  -8.8817841970012523E-016   2.1316282072803006E-014  -1.6788469930507644E-014  -1.8919084206571754E-003  0.78539817822542179     
   1.0658141036401503E-014   3.1974423109204508E-014  -2.1187325398485767E-014  -2.5793494412620767E-003  0.78539817822408287     
   2.3980817331903381E-014   3.5527136788005009E-014  -2.1708444593162190E-014  -3.4172563004958604E-003  0.78539817823197144     
   1.7319479184152442E-014   1.4210854715202004E-014  -2.3517250328155282E-014  -4.4197085393250582E-003  0.78539817823012426     
   2.1760371282653068E-014  -2.1316282072803006E-014  -1.6861402005605939E-014  -5.6002343389452936E-003  0.78539817824077163     
   2.0872192862952943E-014  -3.9079850466805510E-014  -1.8200300011781995E-014  -6.9717526326172037E-003  0.78539817823834568     
   3.5971225997855072E-014   1.4210854715202004E-014  -2.2923102285299834E-014  -8.5465263181648213E-003  0.78539817825209268     
   1.9539925233402755E-014   2.8421709430404007E-014  -2.2398567774156611E-014  -1.0336121782270518E-002  0.78539817824902003     
   3.2418512319054571E-014   1.0658141036401503E-014  -2.5614565923725672E-014  -1.2351377394620789E-002  0.78539817826619385     
  -2.5757174171303632E-014  -2.8421709430404007E-014  -2.7663576445183648E-014  -1.4602375673328533E-002  0.78539817826240743     
  -1.7763568394002505E-015  -1.0658141036401503E-013  -2.8569395116916116E-014  -1.7098423229669580E-002  0.78539817828332248     
   3.3750779948604759E-014   7.1054273576010019E-015  -3.3962353708881227E-014  -1.9848032488327325E-002  0.78539817827875402     
  -3.5527136788005009E-015  -5.6843418860808015E-014  -2.8769492607314542E-014  -2.2858910491841550E-002  0.78539817830372272     
  -3.5527136788005009E-015  -7.1054273576010019E-015  -2.9050952839392071E-014  -2.6137948073562831E-002  0.78539817829830350     
  -8.8817841970012523E-015   0.0000000000000000       -2.1121330389186742E-014  -2.9691215673832094E-002  0.78539817832763736     
   1.5099033134902129E-014  -5.3290705182007514E-014  -2.5359645843432800E-014  -3.3523958464291702E-002  0.78539817832129410     
   4.4408920985006262E-016  -3.5527136788005009E-015  -2.2664005016020799E-014  -3.7640597797991546E-002  0.78539817835531134     
   7.1054273576010019E-015  -5.6843418860808015E-014  -2.4755862962795963E-014  -4.2044731155792291E-002  0.78539817834796866     
   1.7319479184152442E-014  -1.4210854715202004E-014  -2.2574485550781907E-014  -4.6739138166853225E-002  0.78539817838699910     
   0.0000000000000000        2.8421709430404007E-014  -2.7335943601449751E-014  -5.1725784479079294E-002  0.78539817837857384     
  -2.9309887850104133E-014   4.2632564145606011E-014  -2.7492776346297092E-014  -5.7005831511558649E-002  0.78539817842296467     
  -3.2862601528904634E-014  -1.7763568394002505E-014  -2.1397781935042250E-014  -6.2579643494633005E-002  0.78539817841336790     
   1.0214051826551440E-014  -3.5527136788005009E-015  -2.4863513096647249E-014  -6.8446800291337512E-002  0.78539817846349302     
   2.5757174171303632E-014   9.9475983006414026E-014  -2.2061199406543060E-014  -7.4606106943483963E-002  0.78539817845262583     
  -2.2204460492503131E-015   1.2079226507921703E-013  -2.2172330330081300E-014  -8.1055609046304322E-002  0.78539817850889171     
   2.5757174171303632E-014   4.9737991503207013E-014  -2.4839600123501350E-014  -8.7792604200673308E-002  0.78539817849664384     
   1.2034817586936697E-013   1.0658141036401503E-014  -2.0991433237527203E-014  -9.4813659551893428E-002  0.78539817855949701     
   4.0412118096355698E-014   1.7763568394002505E-014  -1.4710275867918133E-014 -0.10211462460446030       0.78539817854574645     
   4.3076653355456074E-014  -4.9737991503207013E-014  -1.9929532082778692E-014 -0.10969065064027293       0.78539817861568850     
  -8.4821039081361960E-014  -2.4868995751603507E-014  -2.3521101886712626E-014 -0.11753620441462120       0.78539817860029593     
  -1.2656542480726785E-014   1.0658141036401503E-014  -1.9631520355970333E-014 -0.12564508923812337       0.78539817867788986     
   2.5757174171303632E-014  -4.9737991503207013E-014  -1.3633553199078447E-014 -0.13401045915256971       0.78539817866069894     
  -1.0658141036401503E-014   3.1974423109204508E-014  -1.1885700085179173E-014 -0.14262484147863408       0.78539817874658391     
  -6.2616578588858829E-014   3.1974423109204508E-014  -1.7254381540260361E-014 -0.15148015118170030       0.78539817872741724     
   4.2188474935755949E-015   5.6843418860808015E-014  -1.7655597840130113E-014 -0.16056771463744043       0.78539817882232255     
  -1.0436096431476471E-014  -1.2434497875801753E-013  -2.3300738253172190E-014 -0.16987828406355088       0.78539817880097762     
   3.9523939676655573E-014   6.0396132539608516E-014  -1.9343069029084651E-014 -0.17940206212061122       0.78539817890573738     
  -2.5313084961453569E-014   1.7763568394002505E-014  -2.0890838539615121E-014 -0.18912871653302238       0.78539817888198526     
  -6.3504757008558954E-014   1.0658141036401503E-014  -2.1973997480075585E-014 -0.19904740491060754       0.78539817899755426     
   9.6367358537463588E-014  -8.8817841970012523E-014  -1.9284796178506433E-014 -0.20914679003297967       0.78539817897113440     
   3.4194869158454821E-014   6.0396132539608516E-014  -2.2247764564053519E-014 -0.21941506392887394       0.78539817909860621     
  -6.7501559897209518E-014   5.3290705182007514E-014  -1.9871942026122112E-014 -0.22983996478207569       0.78539817906922393     
  -2.7533531010703882E-014   4.6185277824406512E-014  -1.7614140699942501E-014 -0.24040879881500551       0.78539817920984911     
  -7.2386541205560206E-014   3.5527136788005009E-014  -1.9062992646985244E-014 -0.25110846040664425       0.78539817917717047     
   1.8873791418627661E-013  -1.1013412404281553E-013  -1.6636077327064191E-014 -0.26192544967009368       0.78539817933237677     
   1.1479706074624119E-013  -6.0396132539608516E-014  -1.3314639145251094E-014 -0.27284589817786609       0.78539817929602607     
   5.8397731095283234E-014  -6.0396132539608516E-014  -1.2672833910822046E-014 -0.28385557926912885       0.78539817946743906     
  -7.4606987254810520E-014   7.1054273576010019E-014  -1.7205879727149945E-014 -0.29493994276869601       0.78539817942699297     
   8.9928064994637680E-014   7.1054273576010019E-014  -1.3140067013370172E-014 -0.30608411399854341       0.78539817961645431     
   1.3811174426336947E-013   1.2434497875801753E-013  -1.7175734289101906E-014 -0.31727294206731227       0.78539817957144031     
   9.1038288019262836E-014   6.7501559897209518E-014  -2.0675009332893088E-014 -0.32849098227848972       0.78539817978102955     
   2.4802382370125997E-013   3.5527136788005009E-014  -1.7479280319962099E-014 -0.33972256397341821       0.78539817973091941     
   2.1982415887578100E-014   1.2079226507921703E-013  -2.2621480375982907E-014 -0.35095174952755642       0.78539817996297145     
   2.0627943797535409E-013  -9.2370555648813024E-014  -1.9866236361477370E-014 -0.36216242935424425       0.78539817990718042     
   2.5157653738006047E-013  -2.4868995751603507E-014  -2.1049006603146966E-014 -0.37333824896362533       0.78539818016430518     
   1.6742163211347361E-013   4.6185277824406512E-014  -2.3874911231373064E-014 -0.38446274058725305       0.78539818010218743     
   1.2878587085651816E-014  -2.1671553440683056E-013  -2.0778069353250744E-014 -0.39551921594454043       0.78539818003561024     
   1.1324274851176597E-013  -8.1712414612411521E-014  -2.7189083407256479E-014 -0.40649089768580982       0.78539817996536443     
   4.9737991503207013E-014   7.1054273576010019E-015  -1.6020176987298803E-014 -0.41736087605555816       0.78539817989125515     
  -1.3766765505351941E-013  -1.5631940186722204E-013  -2.0737801706035559E-014 -0.42811214428937799       0.78539817981307680     
   9.6367358537463588E-014   1.3145040611561853E-013  -2.2199119175880165E-014 -0.43872761749846223       0.78539817973061632     
   7.9047879353311146E-014   5.6843418860808015E-014  -2.1880775403003266E-014 -0.44919015170325571       0.78539817964365277     
  -3.0198066269804258E-014   1.0302869668521453E-013  -2.0337026902784995E-014 -0.45948256289868600       0.78539817955195590     
   2.6112445539183682E-013   2.8421709430404007E-014  -1.4516212041260863E-014 -0.46958764610950499       0.78539817945528845     
   2.3714363805993344E-013   1.6342482922482304E-013  -1.4012075436356757E-014 -0.47948819443707447       0.78539817935340417     
  -3.5527136788005009E-014  -7.4606987254810520E-014  -1.4937433877161463E-014 -0.48916701809703711       0.78539817924604960     
   1.1635137298071641E-013   2.4868995751603507E-014  -1.1958674856773474E-014 -0.49860696345482103       0.78539817913296395     
  -2.3980817331903381E-013  -1.0480505352461478E-013  -1.2888847281500082E-014 -0.50779093206485293       0.78539817901387798     
   2.2204460492503131E-014  -1.9895196601282805E-013  -1.4390025549551283E-014 -0.51670190419888029       0.78539817901393194     
   2.3536728122053319E-013   1.7763568394002505E-015  -1.7184402675700524E-014 -0.52532294246659350       0.78539817901398912     
  -6.0396132539608516E-014  -2.4868995751603507E-014  -2.0438739668701845E-014 -0.53363722973251448       0.78539817901404962     
  -1.3589129821411916E-013   9.5923269327613525E-014  -1.5718720229262718E-014 -0.54162807938394852       0.78539817901411246     
   2.6645352591003757E-015   2.3092638912203256E-014  -1.7020686596666910E-014 -0.54927895536392890       0.78539817901417952     
   2.2115642650533118E-013   1.3677947663381929E-013  -9.7247150089255778E-015 -0.55657349150389823       0.78539817901424980     
  -3.0198066269804258E-014   2.7533531010703882E-013  -1.6031595560686459E-014 -0.56349551084766292       0.78539817901432385     
   8.0824236192711396E-014  -1.1546319456101628E-013  -1.6978005308625001E-014 -0.57002904502548346       0.78539817901440201     
  -1.6875389974302379E-013  -3.2329694477084558E-013  -1.4848791199173511E-014 -0.57615835369608448       0.78539817901448361     
   2.9753977059954195E-013   8.3488771451811772E-014  -1.2407604110799383E-014 -0.58186794408190523       0.78539817901456987     
   4.7961634663806763E-014  -1.9184653865522705E-013  -1.6104013130411231E-014 -0.58714259060110341       0.78539817901466025     
  -3.1974423109204508E-014  -7.6383344094210770E-014  -1.8646652298910332E-014 -0.59196735460165395       0.78539817901475506     
   3.4106051316484809E-013  -5.6132876125047915E-013  -1.8699708032262525E-014 -0.59632760420760922       0.78539817901485465     
  -2.1138646388862981E-013   1.1013412404281553E-013  -1.7933625528715259E-014 -0.60020903428073635       0.78539817901495890     
  -1.5987211554602254E-014  -1.7763568394002505E-015  -1.2239914186064131E-014 -0.60359768649218748       0.78539817901506870     
   1.9539925233402755E-014  -5.8619775700208265E-014  -1.3705241949733841E-014 -0.60647996952883609       0.78539817901518283     
  -1.4210854715202004E-013   2.1316282072803006E-014  -1.8866879126467504E-014 -0.60884267942522885       0.78539817901530329     
  -1.4743761767022079E-013  -1.0658141036401503E-013  -1.3458533872588126E-014 -0.61067302002992563       0.78539817901542830     
   4.0856207306205761E-014  -7.8159700933611020E-014  -1.2497204279969497E-014 -0.61195862361542197       0.78539817901555919     
  -3.1441516057384433E-013   5.7021054544748040E-013  -1.1102107501572497E-014 -0.61268757162275289       0.78539817901569564     
  -3.3750779948604759E-014   2.2737367544323206E-013  -7.9433743119142297E-015 -0.61284841555337588       0.78539817901583864     
   4.6718184876226587E-013   2.6645352591003757E-014  -9.1846808132834535E-015 -0.61243019800156817       0.78539817901598752     
  -1.7941204077942530E-013  -6.1639582327188691E-013  -1.2021290051583631E-014 -0.61142247383343218       0.78539817901614217     
   9.2370555648813024E-014  -2.0072832285222830E-013  -9.4558353875866129E-015 -0.60981533151441736       0.78539817901630349     
   2.3092638912203256E-014  -2.4513724383723456E-013  -1.8184311845603378E-014 -0.60759941458024869       0.78539817901647135     
  -8.8817841970012523E-014   1.4743761767022079E-013  -1.6711789136942364E-014 -0.60476594326764865       0.78539817901664510     
  -3.7303493627405260E-014   7.4606987254810520E-014  -1.4845080941324766E-014 -0.60130673627977682       0.78539817901682607     
  -2.4868995751603507E-014   1.3855583347321954E-013  -1.9500895020454897E-014 -0.59721423270449048       0.78539817901701303     
  -7.6383344094210770E-014  -1.5987211554602254E-014  -2.1836700558312720E-014 -0.59248151407045369       0.78539817901720677     
  -3.9257486150745535E-013   7.1054273576010019E-014  -1.7283986224641183E-014 -0.58710232653695615       0.78539817901740738     
  -5.0803805606847163E-013   4.1566750041965861E-013  -1.6668289434434250E-014 -0.58107110322180744       0.78539817901761522     
   9.5923269327613525E-014   1.0125233984581428E-013  -2.1227101586556314E-014 -0.57438298664254939       0.78539817901782960     
   3.0198066269804258E-014  -3.9790393202565610E-013  -2.0664840769345341E-014 -0.56703385128279304       0.78539817901805087     
  -4.4231285301066237E-013  -1.5809575870662229E-013  -1.7751070960255218E-014 -0.55902032626699527       0.78539817901827824     
  -3.1441516057384433E-013   3.4106051316484809E-013  -2.0974895055871004E-014 -0.55033981813084898       0.78539817901851272     
  -2.9132252166164108E-013  -2.5046631435543532E-013  -1.4871634779347262E-014 -0.54099053369365335       0.78539817901875386     
   5.5067062021407764E-014  -4.3520742565306136E-013  -1.3919783551599701E-014 -0.53097150300119722       0.78539817901900155     
  -9.0594198809412774E-014   1.0302869668521453E-013  -1.3814480771546823E-014 -0.52028260235541546       0.78539817901925590     
   2.8954616482224083E-013  -2.8954616482224083E-013  -1.3929250710296629E-014 -0.50892457738731856       0.78539817901951681     
  -9.7699626167013776E-014  -1.4477308241112041E-013  -1.7572114685416359E-014 -0.49689906619954205       0.78539817901978348     
  -4.7606363295926712E-013  -8.3488771451811772E-014  -2.0554611973141468E-014 -0.48420862252663860       0.78539817902005593     
   1.0658141036401503E-014  -3.2418512319054571E-013  -2.8562553400663541E-014 -0.47085673893084262       0.78539817902033482     
   3.1619151741324458E-013   3.8191672047105385E-014  -2.5057917477052262E-014 -0.45684786999731963       0.78539817902062015     
  -7.4606987254810520E-014   1.6875389974302379E-014  -2.4759639016170439E-014 -0.44218745553765826       0.78539817902091014     
   2.3803181647963356E-013  -2.0339285811132868E-013  -2.4775959021273532E-014 -0.42688194374481192       0.78539817902120568     
   5.5777604757167865E-013   4.0856207306205761E-013  -2.5476081896123466E-014 -0.41093881433403240       0.78539817902150588     
   1.9184653865522705E-013   1.2656542480726785E-013  -2.0287919316269124E-014 -0.39436660160997539       0.78539817902181042     
  -9.9475983006414026E-014  -3.8635761256955448E-014  -2.2854263081760502E-014 -0.37717491746751108       0.78539817902212017     
  -4.4764192352886312E-013   7.0388139761234925E-014  -1.6817141531960480E-014 -0.35937447428713670       0.78539817902243325     
  -1.4921397450962104E-013   4.0079051188968151E-013  -1.3589337741654202E-014 -0.34097710773202572       0.78539817902275066     
   7.4606987254810520E-014  -1.1102230246251565E-013  -1.5558566565648722E-014 -0.32199579939679612       0.78539817902307174     
  -1.2789769243681803E-013   1.0857981180834031E-013  -1.8957290717712512E-014 -0.30244469931775564       0.78539817902339526     
  -1.2079226507921703E-013   1.2678746941219288E-013  -1.1606092478994004E-014 -0.28233914830248324       0.78539817902372200     
   1.9539925233402755E-013   3.2884805989397137E-013  -1.5652074684283982E-014 -0.26169570006952136       0.78539817902405029     
  -1.5987211554602254E-013   5.2180482157382357E-014  -1.4278742055552285E-014 -0.24053214317934324       0.78539817902438092     
  -7.1054273576010019E-015  -8.3266726846886741E-014  -1.7896691692366894E-014 -0.21886752272630788       0.78539817902471309     
   1.2789769243681803E-013   1.3100631690576847E-013  -1.7171161437709328E-014 -0.19672216177806190       0.78539817902504594     
   1.5276668818842154E-013   7.5939254884360707E-014  -2.5294113456596589E-014 -0.17411768254546056       0.78539817902537967     
  -1.4210854715202004E-013  -4.1744385725905886E-014  -2.5370596922766374E-014 -0.15107702725159111       0.78539817902571318     
  -1.4210854715202004E-014   4.4186876380081230E-013  -2.1830229681395753E-014 -0.12762447868249294       0.78539817902604703     
  -1.4210854715202004E-013   3.4106051316484809E-013  -2.3454176418405506E-014 -0.10378568041662561       0.78539817902637954     
   1.2789769243681803E-013  -2.4780177909633494E-013  -2.4353272690206796E-014  -7.9587656674097451E-002  0.78539817902671105     
   1.0658141036401503E-013  -2.4336088699783431E-013  -1.9641292911189711E-014  -5.5058831813643322E-002  0.78539817902704046     
   1.9539925233402755E-013   1.2434497875801753E-013  -1.5697838012087406E-014  -3.0229049420460782E-002  0.78539817902736819     
   2.6645352591003757E-013   3.5527136788005009E-015  -1.8531443140172596E-014  -5.1295909815400921E-003  0.78539817902769382     
   3.5349501104064984E-013   2.1582735598713043E-013  -1.7093750965611675E-014   2.0206805862377906E-002  0.78539817902801623     
   2.5579538487363607E-013  -7.9936057773011271E-014  -2.1467060231097476E-014   4.5745929511338636E-002  0.78539817902833498     
   2.5401902803423582E-013   9.7699626167013776E-014  -2.4080258345252202E-014   7.1452077073983516E-002  0.78539817902865017     
  -8.1712414612411521E-014   2.2293278334473143E-013  -2.2007120737231745E-014   9.7288037493214852E-002  0.78539817902896081     
  -3.2862601528904634E-013  -1.6076029396572267E-013  -1.8023222845831555E-014  0.12321507517817352       0.78539817902926767     
  -2.3092638912203256E-014   1.8651746813702630E-013  -2.4155763099256931E-014  0.14919291411607069       0.78539817902956877     
  -1.2434497875801753E-013  -2.8776980798284058E-013  -2.3568727108453689E-014  0.17517972251273356       0.78539817902986542     
  -9.5923269327613525E-014   4.1033842990145786E-013  -2.3295294023199901E-014  0.20113209793166978       0.78539817903015607     
  -4.0145664570445661E-013   3.0198066269804258E-013  -2.0669266696260794E-014  0.22700505296429493       0.78539817903044140     
  -1.0658141036401503E-013  -5.5599969073227840E-013  -2.9441336813068495E-014  0.25275200142223975       0.78539817903072051     
   8.8817841970012523E-014   3.2507330161024584E-013  -2.3593065193157778E-014  0.27832474506092569       0.78539817903099296     
  -1.6164847238542279E-013  -2.4513724383723456E-013  -2.1624545719723645E-014  0.30367346081140856       0.78539817903125919     
  -2.1316282072803006E-014  -1.5631940186722204E-013  -2.5441615032289569E-014  0.32874668854734879       0.78539817903151865     
   1.9895196601282805E-013  -3.2507330161024584E-013  -1.7597261420958579E-014  0.35349131935639616       0.78539817903177089     
   1.3677947663381929E-013   2.1849189124623081E-013  -1.9252971190572489E-014  0.37785258430954749       0.78539817903201636     
   4.7606363295926712E-013   1.7408297026122455E-013  -2.0486633955366821E-014  0.40177404372421149       0.78539817903225473     
   7.2830630415410269E-014  -5.3290705182007514E-015  -2.2021666393953675E-014  0.42519757688201476       0.78539817903248599     
   3.0375701953744283E-013   2.2559731860383181E-013  -1.9415575090307619E-014  0.44806337220002140       0.78539817903271003     
  -4.0856207306205761E-014  -2.6822988274943782E-013  -2.3206033384234177E-014  0.47030991781976728       0.78539817903292708     
  -1.5631940186722204E-013   1.9895196601282805E-013  -2.3772957228233562E-014  0.49187399257641889       0.78539817903313613     
   4.4408920985006262E-014   5.8619775700208265E-013  -1.9421423639792230E-014  0.51269065732043495       0.78539817903333864     
  -3.0198066269804258E-013   4.2810199829546036E-013  -2.2695612702362791E-014  0.53269324655032357       0.78539817903353404     
   2.9309887850104133E-013  -2.1849189124623081E-013  -2.8694217293365550E-014  0.55181336030551154       0.78539817903372233     
   1.7763568394002505E-013  -4.8849813083506888E-013  -2.5420074021151860E-014  0.56998085626439587       0.78539817903390352     
  -1.1013412404281553E-013  -6.9277916736609768E-014  -2.3395738346887056E-014  0.58712384200007262       0.78539817903407849     
   2.7000623958883807E-013  -1.4743761767022079E-013  -3.3508574657960102E-014  0.60316866730952801       0.78539817903424702     
   8.5265128291212022E-014  -1.5099033134902129E-013  -2.8374922936063209E-014  0.61803991656890678       0.78539817903440956     
   9.9475983006414026E-014  -1.4566126083082054E-013  -2.2678831006930187E-014  0.63166040100905707       0.78539817903456510     
   7.1054273576010019E-015  -1.5631940186722204E-013  -3.2139783883921841E-014  0.64395115084206789       0.78539817903471576     
   1.4210854715202004E-014   7.1054273576010019E-014  -2.5136844582071439E-014  0.65483140714315047       0.78539817903486009     
  -2.0605739337042905E-013  -9.9475983006414026E-014  -2.4107589887706224E-014  0.66421861337390464       0.78539817903499942     
   1.5631940186722204E-013  -1.2434497875801753E-013  -2.1538364882212849E-014  0.67202840644816497       0.78539817903513354     
  -1.7763568394002505E-014   1.9362289549462730E-013  -2.1444177105228457E-014  0.67817460721489931       0.78539817903526277     
   2.2826185386293218E-013   1.7053025658242404E-013  -2.7970594621066420E-014  0.68256921022334749       0.78539817903538722     
  -1.2967404927621828E-013  -1.9007018181582680E-013  -2.4811668494671323E-014  0.68512237264205478       0.78539817903550813     
  -2.0872192862952943E-013  -7.6383344094210770E-014  -2.3854188456824201E-014  0.68574240216490190       0.78539817903562470     
  -1.0835776720341528E-013   1.7408297026122455E-013  -2.7631593927811845E-014  0.68433574376213346       0.78539817903573761     
  -1.6253665080512292E-013  -1.1191048088221578E-013  -2.7159756519927000E-014  0.68080696509125271       0.78539817903584741     
  -7.9047879353311146E-014   1.1191048088221578E-013  -2.4438631373589715E-014  0.67505874038879177       0.78539817903595344     
  -1.6697754290362354E-013  -2.6290081223123707E-013  -2.1894831366933352E-014  0.66699183265002238       0.78539817903605669     
  -1.1723955140041653E-013   8.5265128291212022E-014  -2.3276682678821991E-014  0.65650507388955015       0.78539817903615783     
   7.9936057773011271E-014  -1.0658141036401503E-014  -3.5379534262688276E-014  0.64349534325700086       0.78539817903625542     
  -3.7303493627405260E-014  -2.0250467969162855E-013  -2.5872498238286676E-014  0.62785754278251382       0.78539817903635156     
  -5.6843418860808015E-014   1.7763568394002505E-014  -3.1045551433208694E-014  0.60948457050316385       0.78539817903644571     
   1.8651746813702630E-014   4.9737991503207013E-014  -2.3599003222041169E-014  0.58826729070747996       0.78539817903653819     
  -2.8421709430404007E-014  -1.1368683772161603E-013  -2.5951042260825361E-014  0.56409450102938874       0.78539817903662801     
  -3.1974423109204508E-014   1.3500311979441904E-013  -2.6884068784485486E-014  0.53685289609710474       0.78539817903671683     
  -1.2789769243681803E-013  -5.6843418860808015E-014  -2.6615731550512960E-014  0.50642702743942825       0.78539817903680420     
  -3.8635761256955448E-014   6.7501559897209518E-014  -2.4718080249483108E-014  0.47269925932693019       0.78539817903688980     
  -1.2434497875801753E-014   1.1723955140041653E-013  -3.1622360159212338E-014  0.43554972021649468       0.78539817903697440     
  -1.9895196601282805E-013  -9.2370555648813024E-014  -2.2402844408366754E-014  0.39485624944930253       0.78539817903705766     
  -1.5543122344752192E-014   3.1974423109204508E-014  -2.6062523923071141E-014  0.35049433883724684       0.78539817903713982     
   2.7089441800853820E-014  -3.5527136788005009E-014  -2.9692768841848223E-014  0.30233706875761790       0.78539817903722065     
   1.3322676295501878E-014   3.5527136788005009E-014  -2.6143786898285451E-014  0.25025503835813701       0.78539817903730080     
  -1.5987211554602254E-014   3.1974423109204508E-014  -2.1268281984597570E-014  0.19411628946004295       0.78539817903737952     
  -8.4376949871511897E-015   3.9079850466805510E-014  -2.3359640773595518E-014  0.13378622372994003       0.78539817903745712     
   1.1990408665951691E-014   3.5527136788005009E-015  -2.2160084312488941E-014   6.9127512674890923E-002  0.78539817903753306     
   3.3306690738754696E-014   1.4210854715202004E-014  -2.2493762177365863E-014  -1.1627779639382857E-014  0.78539817903760900     
