 force-1force-2force-3workmass
   6.0012903218351399E-002  -1.3073986337985843E-012   1.6264567795785283E-014   0.0000000000000000        39224.437174113249     
   6.0012903810237078E-002  -1.4543687683499229E-003   1.6979989717613569E-014  -2.1706453867719258E-007   39224.437174113249     
   6.0012895418271706E-002  -5.6818765714368169E-003   1.7212409255652327E-014  -3.3750346834279105E-006   39224.437174113242     
   6.0012857060132097E-002  -1.2503095076418447E-002   1.7974272196322377E-014  -1.6625990677868879E-005   39224.437174113235     
   6.0012737401970662E-002  -2.1738014146297502E-002   1.8121459646610981E-014  -5.1127809272084879E-005   39224.437174113235     
   6.0012449827287567E-002  -3.3209402074049876E-002   1.8053888106578437E-014  -1.2142187633323864E-004   39224.437174113220     
   6.0011862386914555E-002  -4.6743258183347791E-002   1.8000798641150365E-014  -2.4484118636437791E-004   39224.437174113220     
   6.0010787608782673E-002  -6.2168961375551390E-002   1.7858769890439116E-014  -4.4094890079646176E-004   39224.437174113205     
   6.0008971426557811E-002  -7.9319449945920439E-002   1.8046557954081221E-014  -7.3100805070161479E-004   39224.437174113205     
   6.0006081897477859E-002  -9.8031340720424964E-002   1.8225952168131419E-014  -1.1374821542142755E-003   39224.437174113191     
   6.0001697974964241E-002 -0.11814492317027003        1.7574560996628084E-014  -1.6835651551764252E-003   39224.437174113169     
   5.9995298272657149E-002 -0.13950421222713061        1.7361275530700332E-014  -2.3927413720666868E-003   39224.437174113162     
   5.9986248860207703E-002 -0.16195704434503355        1.7057293849683340E-014  -3.2883758283813735E-003   39224.437174113125     
   5.9973789702444463E-002 -0.18535556164778910        1.7005626299630832E-014  -4.3933438610663234E-003   39224.437174113089     
   5.9957021631846713E-002 -0.20955590370143895        1.7001095962150512E-014  -5.7296775190046612E-003   39224.437174113031     
   5.9934895945238015E-002 -0.23441685834718839        1.7251575293509362E-014  -7.3182012965262722E-003   39224.437174112958     
   5.9906205204789509E-002 -0.25980149293273413        1.6576603570380810E-014  -9.1782671423276119E-003   39224.437174112842     
   5.9869565456582230E-002 -0.28557913173027316        1.6377564961431797E-014  -1.1327567654864534E-002   39224.437174112711     
   5.9823376670705780E-002 -0.31162489416779593        1.6561203752660244E-014  -1.3781922569465088E-002   39224.437174112536     
   5.9765765926095116E-002 -0.33782245373547681        1.6603786190195831E-014  -1.6555242712147145E-002   39224.437174112296     
   5.9694533400791755E-002 -0.36406882394774343        1.5846052625853547E-014  -1.9659716493178325E-002   39224.437174111998     
   5.9607114467462557E-002 -0.39027446146612021        1.5786271471772784E-014  -2.3105906785255037E-002   39224.437174111634     
   5.9500562139251395E-002 -0.41635961630998963        1.5629614630522636E-014  -2.6902660248252941E-002   39224.437174111168     
   5.9371554216115147E-002 -0.44225221407523918        1.5384814519897086E-014  -3.1057051170380268E-002   39224.437174110586     
   5.9216428049593567E-002 -0.46788872416837890        1.5212587722654331E-014  -3.5574515475970570E-002   39224.437174109888     
   5.9031238599670327E-002 -0.49321575612268731        1.5223046247221745E-014  -4.0459104994438722E-002   39224.437174109029     
   5.8811828650585735E-002 -0.51819036737233759        1.5194480732819347E-014  -4.5713717828853140E-002   39224.437174107996     
   5.8553898941489324E-002 -0.54277902933326772        1.5203007466320883E-014  -5.1340247131817618E-002   39224.437174106759     
   5.8253069459063361E-002 -0.56695624969873748        1.4999832031921860E-014  -5.7339687269530426E-002   39224.437174105304     
   5.7904927973461723E-002 -0.59070360278101930        1.4618923036373761E-014  -6.3712256864656203E-002   39224.437174103587     
   5.7505066941939104E-002 -0.61400934367120286        1.4132525873582053E-014  -7.0457572186269690E-002   39224.437174101578     
   5.7049113010001429E-002 -0.63686834965314887        1.3611687106906175E-014  -7.7574863849113829E-002   39224.437174099236     
   5.6532750770027923E-002 -0.65928187806798988        1.3740080229648203E-014  -8.5063185035844757E-002   39224.437174096529     
   5.5951738105919413E-002 -0.68125687489624909        1.4029650497942841E-014  -9.2921564279443647E-002   39224.437174093400     
   5.5301913603101993E-002 -0.70280510540620256        1.3584467334216407E-014 -0.10114911638027158        39224.437174089828     
   5.4579204031818901E-002 -0.72394242404964615        1.3332648758792306E-014 -0.10974514684577708        39224.437174085753     
   5.3779638937949681E-002 -0.74468811615986752        1.3308190378781566E-014 -0.11870924322081189        39224.437174081118     
   5.2899369169183863E-002 -0.76506417648452185        1.3435574347220588E-014 -0.12804133184249356        39224.437174075880     
   5.1934680300410263E-002 -0.78509467845187331        1.3134944022746768E-014 -0.13774172095566817        39224.437174069979     
   5.0881997370534116E-002 -0.80480545378901169        1.2662483991184166E-014 -0.14781117324698023        39224.437174063343     
   4.9737886088350641E-002 -0.82422401784248223        1.2607485441272653E-014 -0.15825101142575626        39224.437174055936     
   4.8499057306820831E-002 -0.84337946082492721        1.2709051356912344E-014 -0.16906321418236869        39224.437174047671     
   4.7162375678654278E-002 -0.86230212999573652        1.2148583706530514E-014 -0.18025046344152917        39224.437174038467     
   4.5724868017199882E-002 -0.88102317011751197        1.2966492838012961E-014 -0.19181614434219219        39224.437174028280     
   4.4183725754098790E-002 -0.89957408571515174        1.2182484052781625E-014 -0.20376432530350952        39224.437174017039     
   4.2536299541684947E-002 -0.91798640335510484        1.2193188410827690E-014 -0.21609973676481520        39224.437174004634     
   4.0780087492902017E-002 -0.93629138389824007        1.2488121967918737E-014 -0.22882774164196107        39224.437173991020     
   3.8912722638074798E-002 -0.95451970622336546        1.2041400215760523E-014 -0.24195428006269193        39224.437173976083     
   3.6931966590101950E-002 -0.97270110870562476        1.1369890389431420E-014 -0.25548578240818465        39224.437173959755     
   3.4835714014395114E-002 -0.99086405467739525        1.1511743633145870E-014 -0.26942906541550737        39224.437173941958     
   3.2622006928621994E-002  -1.0090355094390020        1.1558358047093529E-014 -0.28379123702971931        39224.437173922583     
   3.0289053696728574E-002  -1.0272408715211157        1.1734785651949704E-014 -0.29857962938785310        39224.437173901562     
   2.7835247442971944E-002  -1.0455040254859505        1.2753776517257210E-014 -0.31380176022545569        39224.437173878774     
   2.5259184048773281E-002  -1.0638474417449224        1.1943882667262808E-014 -0.32946530789072881        39224.437173854152     
   2.2559681622032174E-002  -1.0822922409438647        1.1707896359135170E-014 -0.34557807711785760        39224.437173827580     
   1.9735801939733871E-002  -1.1008581794568890        1.2366170692196437E-014 -0.36214793922320876        39224.437173798957     
   1.6786869909922647E-002  -1.1195635598818647        1.2189159322491797E-014 -0.37918274296926846        39224.437173768194     
   1.3712486202360014E-002  -1.1384251095455298        1.2405188836100018E-014 -0.39669020615296358        39224.437173735190     
   1.0512532649173484E-002  -1.1574578822684209        1.2011152597030647E-014 -0.41467780564877987        39224.437173699858     
   7.1871767048061752E-003  -1.1766752227918431        1.1409341768556283E-014 -0.43315268214443758        39224.437173662081     
   3.7368847647890335E-003  -1.1960888012493704        1.1108212205879735E-014 -0.45212156687226202        39224.437173621773     
   1.6244991637553996E-004  -1.2157086911899597        1.1231293143621544E-014 -0.47159072516143485        39224.437173578815     
  -3.5349667056783773E-003  -1.2355434571366111        1.1035146512841774E-014 -0.49156590659563015        39224.437173533122     
  -7.3537890853415389E-003  -1.2556002221911235        1.0994366857811752E-014 -0.51205229071281888        39224.437173484592     
  -1.1291984075221723E-002  -1.2758847063323877        1.2538866711431120E-014 -0.53305442322801611        39224.437173433136     
  -1.5347029591838146E-002  -1.2964012456258054        1.2301469204224725E-014 -0.55457614535536592        39224.437173378639     
  -1.9515891742529046E-002  -1.3171528142596536        1.2076491899467798E-014 -0.57662052472096459        39224.437173321036     
  -2.3795006241286082E-002  -1.3381410619181295        1.3384471831777984E-014 -0.59918979388830795        39224.437173260201     
  -2.8180258217434362E-002  -1.3593663703813093        1.2181221071743503E-014 -0.62228529956767353        39224.437173196071     
  -3.2666958377680383E-002  -1.3808279187925123        1.3261378133645458E-014 -0.64590745912471093        39224.437173128550     
  -3.7249817165287635E-002  -1.4025237422203674        1.2626606042851915E-014 -0.67005571784578599        39224.437173057566     
  -4.1922920757194171E-002  -1.4244507747982098        1.2582761339342510E-014 -0.69472850241956152        39224.437172983024     
  -4.6679714633260705E-002  -1.4466048686521269        1.1851757206921291E-014 -0.71992316535289191        39224.437172904880     
  -5.1512996113926401E-002  -1.4689807939447839        1.3622780087641935E-014 -0.74563592150125224        39224.437172823047     
  -5.6414914262043730E-002  -1.4915722322052716        1.2499750030904989E-014 -0.77186178186604693        39224.437172737453     
  -6.1376974519579686E-002  -1.5143717703634181        1.3659243525458854E-014 -0.79859448827758328        39224.437172648046     
  -6.6390043447807662E-002  -1.5373709039127661        1.4426188587283581E-014 -0.82582645371300778        39224.437172554783     
  -7.1444353074730599E-002  -1.5605600440202920        1.3523064912341602E-014 -0.85354870621691070        39224.437172457605     
  -7.6529506836208849E-002  -1.5839285190615335        1.4093956974799613E-014 -0.88175083156228951        39224.437172356498     
  -8.1634489283181760E-002  -1.6074645666407008        1.2985040566054640E-014 -0.91042091220672106        39224.437172251390     
  -8.6747683458941210E-002  -1.6311553122403772        1.2882036873693777E-014 -0.93954545985045890        39224.437172142309     
  -9.1856902227819281E-002  -1.6549867262130817        1.3574243961621957E-014 -0.96910933602855565        39224.437172029182     
  -9.6949437056229854E-002  -1.6789435629373415        1.1845816049276648E-014 -0.99909566177137776        39224.437171912039     
 -0.10201212609421270       -1.7030092905052214        1.0700230882970652E-014  -1.0294857204509871        39224.437171790880     
 -0.10703144313187016       -1.7271660145543315        1.2271050506882366E-014  -1.0602588556864951        39224.437171665719     
 -0.11199360487743040       -1.7513944102948180        1.3034841770811343E-014  -1.0913923729902759        39224.437171536549     
 -0.11688469609964169       -1.7756736618315507        1.3565913178257586E-014  -1.1228614454484784        39224.437171403435     
 -0.12169080850301472       -1.7999814169723720        1.2366128983918752E-014  -1.1546390294941578        39224.437171266407     
 -0.12639819073313716       -1.8242937547962370        1.2737408140567575E-014  -1.1866957903199324        39224.437171125508     
 -0.13099340693689793       -1.8485851618947073        1.2912419241041186E-014  -1.2190000353583876        39224.437170980833     
 -0.13546350131355983       -1.8728285123900008        1.3055357613899972E-014  -1.2515176534046155        39224.437170832418     
 -0.13979616840252418       -1.8969950352784117        9.9766840404355217E-015  -1.2842120487737354        39224.437170680387     
 -0.14397992202339346       -1.9210542799599324        1.0522284059125858E-014  -1.3170440774720511        39224.437170524820     
 -0.14800426394941429       -1.9449740581282349        1.2602128513317155E-014  -1.3499719704572737        39224.437170365840     
 -0.15185984553275220       -1.9687203717737773        1.2574487086754527E-014  -1.3829512497969478        39224.437170203579     
 -0.15553860904325051       -1.9922573620008208        1.1753451498988389E-014  -1.4159346619995272        39224.437170038174     
 -0.15903391576551940       -2.0155472374919015        1.1948321376465864E-014  -1.4488721005765779        39224.437169869765     
 -0.16234065190524349       -2.0385502063424639        1.2651413675291158E-014  -1.4817105343665453        39224.437169698518     
 -0.16545530300174366       -2.0612244391813093        1.1436065737790391E-014  -1.5143939628131484        39224.437169524652     
 -0.16837600004113651       -2.0835260416029939        1.4796987371163086E-014  -1.5468633840816324        39224.437169348341     
 -0.17110251614753552       -2.1054091124967513        1.1818580707778178E-014  -1.5790568343725653        39224.437169169774     
 -0.17363620703105426       -2.1268259149205093        1.2299095655566446E-014  -1.6109095234892337        39224.437168989200     
 -0.17597991892490619       -2.1477270724352238        1.4574737710541984E-014  -1.6423540059287802        39224.437168806850     
 -0.17813785795298498       -2.1680618307344695        1.1658582660173959E-014  -1.6733204192545621        39224.437168622986     
 -0.18011542316042639       -2.1877784059409571        9.2869771656969316E-015  -1.7037368091833347        39224.437168437857     
 -0.18191901886663606       -2.2068243720952161        9.0825076770575257E-015  -1.7335295075424249        39224.437168251767     
 -0.18355582245116450       -2.2251471870428183        7.5205668685609643E-015  -1.7626236424497232        39224.437168065000     
 -0.18503351734633397       -2.2426948431938634        9.2565905645198368E-015  -1.7909437748659265        39224.437167877870     
 -0.18636002505599150       -2.2594164710114519        8.5107374290938083E-015  -1.8184145265335498        39224.437167690689     
 -0.18754320405442026       -2.2752629916119318        8.4666705975895794E-015  -1.8449612729280478        39224.437167503827     
 -0.18859053550753618       -2.2901877519755587        6.1290969875554730E-015  -1.8705108464260345        39224.437167317607     
 -0.18950886089662844       -2.3041470288738424        9.4257866114850546E-015  -1.8949921524788600        39224.437167132412     
 -0.19030413574952432       -2.3171003879742216        4.4774847396013739E-015  -1.9183366796054102        39224.437166948628     
 -0.19098125001333049       -2.3290113997856210        5.9167696782724942E-015  -1.9404793132920322        39224.437166766613     
 -0.19154394824800047       -2.3398477230031958        5.8153468277587853E-015  -1.9613586350256469        39224.437166586817     
 -0.19199489563492927       -2.3495812009107020        6.2902014755029628E-015  -1.9809172256053103        39224.437166409625     
 -0.19233578027332948       -2.3581877447631712        5.0806111166158918E-015  -1.9991017804925963        39224.437166235490     
 -0.19256748448817118       -2.3656462230375226        2.8012907213694374E-015  -2.0158623639107578        39224.437166064839     
 -0.19269041177335905       -2.3719377539985587        7.0193651397300301E-015  -2.0311519691305655        39224.437165898140     
 -0.19270477924653190       -2.3770440331708755        5.8053353014716893E-015  -2.0449252236392628        39224.437165735842     
 -0.19261091810483172       -2.3809464953572643        5.0674302903466290E-015  -2.0571377719886765        39224.437165578434     
 -0.19240944128110843       -2.3836259076258592        5.7420979767197976E-015  -2.0677460146278506        39224.437165426389     
 -0.19210124975137577       -2.3850629223166742        3.3976960488454381E-015  -2.0767076773420339        39224.437165280200     
 -0.19168737968265448       -2.3852394294469157        7.1432970539415716E-015  -2.0839830931979044        39224.437165140400     
 -0.19116868601533910       -2.3841399671341286        5.0860558446403871E-015  -2.0895365596752935        39224.437165007454     
 -0.19054553364316995       -2.3817541169283949        3.4592469750118200E-015  -2.0933385793315917        39224.437164881936     
 -0.18981739972463996       -2.3780770653468366        3.3720905033484351E-015  -2.0953665076642647        39224.437164764327     
 -0.18898275140470008       -2.3731096456828382       -2.2035687453299504E-015  -2.0956047297682101        39224.437164655188     
 -0.18803904747129707       -2.3668580504532635       -1.2665228855600056E-015  -2.0940445241258185        39224.437164555042     
 -0.18698275412205270       -2.3593318235898764       -7.6271913823640358E-016  -2.0906823766661233        39224.437164464463     
 -0.18580978886059274       -2.3505415650319748       -8.3880676911458759E-015  -2.0855180035746077        39224.437164383984     
 -0.18451584562392548       -2.3404972936409898       -6.1832474359716085E-016  -2.0785529324069536        39224.437164314164     
 -0.18309690488367125       -2.3292048322547814       -1.9711625971148377E-015  -2.0697873148575763        39224.437164255578     
 -0.18154972442745335       -2.3166649798654078       -4.6756183153656855E-015  -2.0592192131491611        39224.437164208764     
 -0.17987203494246085       -2.3028732197836490       -3.1430283060645047E-015  -2.0468443809545374        39224.437164174320     
 -0.17806317647824532       -2.2878143357745699       -1.8781540775416854E-015  -2.0326515431377050        39224.437164152798     
 -0.17612395094046743       -2.2714723196320250       -2.9991360538281396E-015  -2.0166312971478693        39224.437164144780     
 -0.17405693041701537       -2.2538176242803907       -2.4724555895799019E-015  -1.9987649162831076        39224.437164150833     
 -0.17186664834148008       -2.2348245958910873       -5.4314331089726785E-015  -1.9790399815929707        39224.437164171541     
 -0.16955901471326104       -2.2144622541437506        1.6295599813171338E-015  -1.9574423534632377        39224.437164207462     
 -0.16714166812544440       -2.1926987343435798       -2.9161290118841833E-015  -1.9339602836910377        39224.437164259194     
 -0.16462320009196776       -2.1695079611753272       -1.7075979553324606E-015  -1.9085904590936149        39224.437164327290     
 -0.16201292136783452       -2.1448611894781706        4.8467577672167042E-015  -1.8813306745717515        39224.437164412317     
 -0.15932006431147902       -2.1187370489024779        5.6957413633143315E-015  -1.8521888047810311        39224.437164514849     
 -0.15655339815797595       -2.0911161543780281       -1.7114104250093520E-015  -1.8211781522416768        39224.437164635456     
 -0.15372075908596394       -2.0619874078031160        1.2245350169271340E-015  -1.7883230165237336        39224.437164774703     
 -0.15082844545718221       -2.0313463262329634       -4.1808424606385417E-015  -1.7536572207442607        39224.437164933130     
 -0.14788154636158329       -1.9991914839775724       -4.5976332752341054E-015  -1.7172210188965309        39224.437165111318     
 -0.14488397707448453       -1.9655349815562602        6.4338793170834610E-016  -1.6790700512043220        39224.437165309791     
 -0.14183796030567025       -1.9303905176599265       -3.3526987312799569E-015  -1.6392649455082289        39224.437165529118     
 -0.13874514745703403       -1.8937707427118582       -4.6942596739999562E-015  -1.5978690641631328        39224.437165769814     
 -0.13560685813096246       -1.8556948605150936       -2.4988903485409282E-015  -1.5549549204117170        39224.437166032425     
 -0.13242340725304277       -1.8161802187968696       -2.9473677479104116E-015  -1.5105969999029778        39224.437166317468     
 -0.12919472905235821       -1.7752396726128978       -3.2980466015840759E-015  -1.4648696387408808        39224.437166625474     
 -0.12592059518186649       -1.7328877995354794       -1.0930255512135327E-014  -1.4178522633555186        39224.437166956952     
 -0.12259989203912816       -1.6891399844906481       -7.8325064810488551E-015  -1.3696285992993342        39224.437167312382     
 -0.11923094310108370       -1.6440090518608947       -8.9417332147189025E-015  -1.3202839414408647        39224.437167692311     
 -0.11581218471637100       -1.5975109825058738       -1.0696919615056936E-014  -1.2699098047011450        39224.437168097189     
 -0.11234170560289378       -1.5496667387747038       -4.5172148132446470E-015  -1.2186052347033076        39224.437168527511     
 -0.10881729948376401       -1.5004992095523306       -1.3348791453698419E-014  -1.1664742058882922        39224.437168983743     
 -0.10523691276553718       -1.4500367396592893       -7.2885412602248321E-015  -1.1136282160583377        39224.437169466371     
 -0.10159873509675332       -1.3983122712595453       -3.7372534959994472E-015  -1.0601853322120682        39224.437169975819     
  -9.7901901413428721E-002  -1.3453558069765243       -1.0867677190579438E-014  -1.0062642572513134        39224.437170512567     
  -9.4147041810968779E-002  -1.2911941387754595       -1.1069311911607839E-014 -0.95198420377921700        39224.437171077036     
  -9.0335887787577840E-002  -1.2358533420482196       -1.1801784557863940E-014 -0.89746681016867669        39224.437171669662     
  -8.6471027128390110E-002  -1.1793573178359296       -1.6142392203144958E-014 -0.84283507817468006        39224.437172290876     
  -8.2555992044329174E-002  -1.1217261481072995       -1.5320788649425520E-014 -0.78821228629973561        39224.437172941078     
  -7.8595023263338948E-002  -1.0629811042036472       -1.5720897218509988E-014 -0.73372563037460203        39224.437173620681     
  -7.4592688205425667E-002  -1.0031473264771087       -1.8074999448953939E-014 -0.67950792341975941        39224.437174330094     
  -7.0553964591273000E-002 -0.94225123526096155       -1.6861483758285564E-014 -0.62569557257920039        39224.437175069688     
  -6.6484213196055936E-002 -0.88032040694100999       -2.6751967019823272E-014 -0.57242834461339065        39224.437175839848     
  -6.2389174639820411E-002 -0.81737892252718325       -2.2547272509667946E-014 -0.51984625135117213        39224.437176640953     
  -5.8275047107703565E-002 -0.75345214638547731       -2.4249644757100411E-014 -0.46809269427202516        39224.437177473374     
  -5.4148278332479260E-002 -0.68857209532281516       -2.4137637978571103E-014 -0.41731755337855603        39224.437178337452     
  -5.0015452308868308E-002 -0.62277027551883535       -2.9560171227785912E-014 -0.36767236080135746        39224.437179233559     
  -4.5883156328607511E-002 -0.55607717544478419       -2.1433767312668412E-014 -0.31930994058742890        39224.437180162000     
  -4.1757838869997344E-002 -0.48852382242157688       -2.7261362566477753E-014 -0.27238525061995134        39224.437181123139     
  -3.7645851105724160E-002 -0.42013976025519639       -3.2501489138706969E-014 -0.22705413497085480        39224.437182117283     
  -3.3553392092223855E-002 -0.35095283923534737       -3.2318298652511250E-014 -0.18347323101248847        39224.437183144779     
  -2.9486258111179692E-002 -0.28098981849429094       -3.3996109171340198E-014 -0.14180031769640777        39224.437184205875     
  -2.5449569496768298E-002 -0.21027657437520375       -3.1590894509146174E-014 -0.10219441514635008        39224.437185300929     
  -2.1447645517192249E-002 -0.13883808502027151       -2.7705513419583254E-014  -6.4815761672726069E-002   39224.437186430223     
  -1.7484014943600995E-002  -6.6698751783285104E-002  -2.4961472444900970E-014  -2.9825947629940508E-002   39224.437187594027     
  -1.3561489747820732E-002   6.1176974316055066E-003  -2.8817105211628410E-014   2.6121635084104255E-003   39224.437188792610     
  -9.6822847605547158E-003   7.9588828551276691E-002  -2.5733231289973553E-014   3.2334712553184985E-002   39224.437190026263     
  -5.8481644243722486E-003  0.15369428618058834       -2.6661191232584812E-014   5.9177103125966468E-002   39224.437191295212     
  -2.0606715930351072E-003  0.22841680701600353       -3.1658710212426004E-014   8.2974232483021382E-002   39224.437192599718     
   1.6785565817812875E-003  0.30374373535090271       -2.6771426469132723E-014  0.10356074314448627        39224.437193940044     
   5.3676095434463666E-003  0.37966903513382277       -2.8030976028255189E-014  0.12077120139992559        39224.437195316379     
   9.0037967452336054E-003  0.45619526546418143       -2.8506387484023737E-014  0.13443994639057699        39224.437196728963     
   1.2582833191639331E-002  0.53333540483778918       -2.6440223181120984E-014  0.14440056085982889        39224.437198177991     
   1.6098116707743054E-002  0.61111536819920786       -2.1387177492104472E-014  0.15048517329410505        39224.437199663669     
   1.9539982315616822E-002  0.68957679012905260       -2.2388916859288115E-014  0.15252335274790063        39224.437201186171     
   2.2894841147876432E-002  0.76877908474451218       -2.2826610276916488E-014  0.15034032367014971        39224.437202745656     
   2.6144195765454625E-002  0.84880115617972862       -2.0021691847812106E-014  0.14375466141290660        39224.437204342306     
   2.9263697764682878E-002  0.92974216891679262       -1.8002952910483848E-014  0.13257542239897546        39224.437205976239     
   3.2222581217360879E-002   1.0117211701023940       -1.5281082884206780E-014  0.11659884141195676        39224.437207647585     
   3.4983549476356401E-002   1.0948758442243616       -1.3339177556796880E-014   9.5604832436627873E-002   39224.437209356467     
   3.7503042907339329E-002   1.1793616758568284       -1.4892557342110516E-014   6.9353542710430593E-002   39224.437211102981     
   3.9731780612264345E-002   1.2653512261052384       -1.6985423886312915E-014   3.7581880428739167E-002   39224.437212887176     
   4.1615214484322816E-002   1.3530328816066692       -1.3642142969840516E-014  -6.6095403362324134E-015   39224.437214709149     
