 force-1force-2force-3workmass
   3.1086244689504383E-015  -6.6613381477509392E-015  -2.1618456724884413E-014   0.0000000000000000       0.78539909798813146     
   1.4077627952246985E-013   1.6875389974302379E-014  -2.5345340689428503E-014  -1.1767949175669687E-008  0.78539909798813090     
  -1.6431300764452317E-014  -1.1146639167236572E-013  -1.7966424324144412E-014  -1.8834683210983139E-007  0.78539909798813201     
  -4.1300296516055823E-014  -2.3891999489933369E-013  -2.6355942809051440E-014  -9.5259195568957178E-007  0.78539909798813112     
   5.1514348342607263E-014   1.3988810110276972E-013  -1.8495577987306986E-014  -2.9935247204838228E-006  0.78539909798813179     
   1.6875389974302379E-014  -1.0302869668521453E-013  -2.1175286155349136E-014  -7.2319509533090576E-006  0.78539909798813157     
  -9.0150109599562711E-014  -1.3322676295501878E-014  -2.0054417284421641E-014  -1.4762172422379954E-005  0.78539909798813146     
   1.3899992268306960E-013  -1.4388490399142029E-013  -2.0630863280115999E-014  -2.6774741222444776E-005  0.78539909798813201     
   1.8474111129762605E-013   2.8421709430404007E-014  -1.9189594952376784E-014  -4.4448887620403277E-005  0.78539909798813190     
   9.5923269327613525E-014   1.0658141036401503E-014  -2.0436773426618767E-014  -6.8835449315671204E-005  0.78539909798813223     
  -6.8833827526759706E-014  -2.2648549702353193E-014  -2.2491816154200126E-014  -1.0070304279333198E-004  0.78539909798813190     
   6.3504757008558954E-014   2.0694557179012918E-013  -2.3383390249308337E-014  -1.4037689288540212E-004  0.78539909798813179     
  -3.6415315207705135E-014   3.1086244689504383E-014  -1.5130364810430715E-014  -1.8765307015336519E-004  0.78539909798813201     
   2.7977620220553945E-014   5.1958437552457326E-014  -1.9111456227252509E-014  -2.4175935354017741E-004  0.78539909798813135     
   3.3750779948604759E-014   4.4408920985006262E-014  -1.9969923481525698E-014  -3.0111683035874415E-004  0.78539909798813179     
   4.6185277824406512E-014  -7.1498362785860081E-014  -1.9664811353802980E-014  -3.6307138169061615E-004  0.78539909798813257     
   3.6859404417555197E-014   6.2172489379008766E-015  -2.0766296002405420E-014  -4.2440120489140032E-004  0.78539909798813379     
  -2.4158453015843406E-013   1.9362289549462730E-013  -1.1151960663650759E-014  -4.8280043900944536E-004  0.78539909798813412     
  -3.1086244689504383E-014  -1.7719159473017498E-013  -1.9201622493689634E-014  -5.3824373906469214E-004  0.78539909798813501     
   7.1942451995710144E-014   1.4610535004067060E-013  -2.3490149753503214E-014  -5.9306910765388743E-004  0.78539909798813468     
   1.5099033134902129E-014   1.5365486660812167E-013  -2.1328753844608178E-014  -6.5085174938284140E-004  0.78539909798813445     
  -8.1712414612411521E-014  -7.1498362785860081E-014  -2.0774145146997415E-014  -7.1511382438338433E-004  0.78539909798813623     
  -1.6964207816272392E-013  -1.6786572132332367E-013  -1.0686930485882157E-014  -7.8874722497057626E-004  0.78539909798813734     
  -2.1316282072803006E-014  -6.6613381477509392E-014  -1.7233042967559096E-014  -8.7422098705297602E-004  0.78539909798813645     
  -1.2567724638756772E-013  -1.0480505352461478E-013  -2.2397246172585457E-014  -9.7405979763870443E-004  0.78539909798813690     
   5.2402526762307389E-014   8.3044682241961709E-014  -2.4233430993670826E-014  -1.0910309357681225E-003  0.78539909798813934     
  -1.5187850976872141E-013   1.9406698470447736E-013  -1.8800235429005650E-014  -1.2278060927941037E-003  0.78539909798814178     
   7.2386541205560206E-014  -7.1942451995710144E-014  -1.7479781671212563E-014  -1.3863016415612828E-003  0.78539909798814378     
  -2.1627144519698049E-013  -4.6629367034256575E-014  -1.9018325664186484E-014  -1.5670886420250385E-003  0.78539909798814278     
   2.2071233729548112E-013  -1.6076029396572267E-013  -1.7294593131960742E-014  -1.7689613914413371E-003  0.78539909798814178     
   9.0150109599562711E-014   2.1449508835758024E-013  -1.7311064746420840E-014  -1.9883629206005615E-003  0.78539909798814711     
   2.3092638912203256E-014   8.8817841970012523E-016  -1.9579215278297530E-014  -2.2186390546095058E-003  0.78539909798815311     
  -2.1760371282653068E-014  -8.1268325402561459E-014  -1.8348769208515428E-014  -2.4499245279432369E-003  0.78539909798815777     
  -4.0412118096355698E-014   5.9952043329758453E-014  -1.8908314316557445E-014  -2.6706929257770406E-003  0.78539909798815621     
   1.8207657603852567E-013   6.2172489379008766E-014  -2.3879988583629669E-014  -2.8709182533611655E-003  0.78539909798815488     
  -4.0856207306205761E-014   1.5987211554602254E-013  -2.2780892938504565E-014  -3.0452857254354981E-003  0.78539909798816465     
  -1.2034817586936697E-013   1.3056222769591841E-013  -2.1421700615064519E-014  -3.1945184298690643E-003  0.78539909798817176     
  -1.4521717162097048E-013   1.0036416142611415E-013  -1.5021089322050434E-014  -3.3241260758131164E-003  0.78539909798817620     
   8.1268325402561459E-014  -9.4591001698063337E-014  -2.1122294334878573E-014  -3.4416499086715735E-003  0.78539909798817609     
   8.2600593032111647E-014  -3.1086244689504383E-015  -2.1119793768204297E-014  -3.5543039906322793E-003  0.78539909798817609     
  -7.1942451995710144E-014  -1.7896795156957523E-013  -1.9718667546899384E-014  -3.6682733092779918E-003  0.78539909798817564     
   9.9475983006414026E-014  -1.1768364061026659E-013  -1.9366310087134372E-014  -3.7895216123464692E-003  0.78539909798817820     
   1.4210854715202004E-014  -1.7319479184152442E-014  -1.7158020025140419E-014  -3.9249516450297062E-003  0.78539909798818042     
  -6.3948846218409017E-014  -8.3488771451811772E-014  -1.6040399932221277E-014  -4.0827929990998602E-003  0.78539909798817931     
   8.9261931179862586E-014   7.7715611723760958E-014  -2.3150295511026084E-014  -4.2718559059826688E-003  0.78539909798817931     
   9.0150109599562711E-014  -2.3536728122053319E-014  -2.4017571284348085E-014  -4.4999499270739207E-003  0.78539909798818719     
   4.5741188614556449E-014   3.1530333899354446E-014  -2.1891420824002938E-014  -4.7718645732270915E-003  0.78539909798819196     
  -1.4566126083082054E-013   6.6613381477509392E-014  -1.6550303158657496E-014  -5.0871788546933416E-003  0.78539909798819663     
   5.9952043329758453E-014  -9.4591001698063337E-014  -1.5279449716565344E-014  -5.4383876403356624E-003  0.78539909798819485     
   8.9706020389712648E-014   3.4194869158454821E-014  -1.7542832946479487E-014  -5.8103532177773420E-003  0.78539909798819307     
  -1.1723955140041653E-013  -9.8587804586713901E-014  -1.1059339687992443E-014  -6.1821445652940898E-003  0.78539909798821217     
   2.8421709430404007E-014  -6.2172489379008766E-014  -1.9032555393602823E-014  -6.5313387122318822E-003  0.78539909798822571     
   1.4876988529977098E-013   5.0182080713057076E-014  -1.6381746716075508E-014  -6.8392907227561306E-003  0.78539909798823482     
  -6.8833827526759706E-014   3.0508928716699302E-013  -1.3062308658287485E-014  -7.0949879910886526E-003  0.78539909798823138     
   9.0594198809412774E-014   1.1501910535116622E-013  -1.3680345712631171E-014  -7.2957819225398790E-003  0.78539909798823071     
   5.9063864910058328E-014   2.4158453015843406E-013  -1.6084281903054723E-014  -7.4451652178098016E-003  0.78539909798822971     
   5.1958437552457326E-014   1.7319479184152442E-014  -1.8397918757904045E-014  -7.5494689613211374E-003  0.78539909798823127     
  -1.0080825063596421E-013  -3.4194869158454821E-014  -2.0486067628517073E-014  -7.6156774981792630E-003  0.78539909798823349     
   8.2156503822261584E-014   1.8962609260597674E-013  -1.7831007181445837E-014  -7.6514142779504635E-003  0.78539909798823371     
  -2.9487523534044158E-013  -5.5955240441107890E-014  -1.8027860503963543E-014  -7.6665277571168478E-003  0.78539909798823482     
   5.1070259132757201E-014  -1.1501910535116622E-013  -1.8820778946246186E-014  -7.6747492330730971E-003  0.78539909798823548     
  -9.5479180117763462E-014  -4.0412118096355698E-014  -2.3504347063265604E-014  -7.6940118657182754E-003  0.78539909798822838     
  -9.8143715376863838E-014   1.7763568394002505E-015  -1.0572732353249802E-014  -7.7447949979025932E-003  0.78539909798822305     
   8.8817841970012523E-015  -5.7731597280508140E-014  -1.2498940472949337E-014  -7.8466739530116403E-003  0.78539909798822283     
   1.3233858453531866E-013   5.3290705182007514E-014  -1.1269041433179923E-014  -8.0138642361164969E-003  0.78539909798822372     
   8.4821039081361960E-014  -2.2470914018413168E-013  -1.1821457224127227E-014  -8.2510178682211333E-003  0.78539909798823315     
  -6.6613381477509392E-014   1.2345680033831741E-013  -1.1591486141167281E-014  -8.5507962905997381E-003  0.78539909798823537     
   1.7319479184152442E-014  -4.8849813083506888E-014  -1.7739675683930579E-014  -8.8944618713671098E-003  0.78539909798824126     
   4.0412118096355698E-014   7.3274719625260332E-014  -1.2711182306686073E-014  -9.2556681324342804E-003  0.78539909798823648     
  -1.2123635428906709E-013   3.2862601528904634E-014  -8.2208218065076724E-015  -9.6061623652010653E-003  0.78539909798823537     
  -9.5923269327613525E-014  -1.4033219031261979E-013  -1.5380620978712839E-014  -9.9211458559276267E-003  0.78539909798826146     
  -8.4376949871511897E-015  -2.1316282072803006E-014  -1.6718977450471672E-014  -1.0182306968425259E-002  0.78539909798826890     
   6.7945649107059580E-014  -1.7008616737257398E-013  -2.0384450150916908E-014  -1.0377952704653470E-002  0.78539909798827334     
   3.3306690738754696E-014  -4.7073456244106637E-014  -1.1222897416791235E-014  -1.0501291727308182E-002  0.78539909798827190     
  -7.9491968563161208E-014   2.3669954885008337E-013  -1.7915571340310003E-014  -1.0548723742373145E-002  0.78539909798827390     
   7.9936057773011271E-014   1.1723955140041653E-013  -2.5383426281775350E-014  -1.0519567603692437E-002  0.78539909798827556     
   5.0626169922907138E-014  -3.5083047578154947E-014  -1.9742621456977010E-014  -1.0417451881182593E-002  0.78539909798825702     
   2.6645352591003757E-014   8.3044682241961709E-014  -1.3938094063835714E-014  -1.0252420665460171E-002  0.78539909798824292     
   3.7747582837255322E-014  -3.9968028886505635E-015  -1.9969903466898397E-014  -1.0042287954773688E-002  0.78539909798823881     
  -6.5281113847959205E-014  -8.8817841970012523E-014  -2.2856455531804695E-014  -9.8120355280153504E-003  0.78539909798824514     
   1.9984014443252818E-014   1.1812772982011666E-013  -2.0969187670090941E-014  -9.5908624300284906E-003  0.78539909798824881     
  -1.3855583347321954E-013   1.5543122344752192E-014  -2.1034388737003719E-014  -9.4074876362659765E-003  0.78539909798821628     
   6.2172489379008766E-015  -1.5898393712632242E-013  -1.7725505710648248E-014  -9.2850829446518013E-003  0.78539909798819463     
  -3.1086244689504383E-015  -1.2656542480726785E-013  -2.0976723846036224E-014  -9.2374176089649040E-003  0.78539909798819696     
  -7.6827433304060833E-014   2.1938006966593093E-013  -2.4303015659129259E-014  -9.2672839920298067E-003  0.78539909798820040     
  -3.7747582837255322E-014   2.8865798640254070E-014  -1.7085311344138391E-014  -9.3672834332356736E-003  0.78539909798820418     
   4.3964831775156199E-014  -1.2034817586936697E-013  -2.0711902909745956E-014  -9.5221435956029943E-003  0.78539909798819363     
   5.1514348342607263E-014   1.1723955140041653E-013  -2.3147914777782444E-014  -9.7114292032984828E-003  0.78539909798819074     
   4.9293902293356950E-014   1.3677947663381929E-013  -2.2343878601807001E-014  -9.9118789973453580E-003  0.78539909798818863     
  -3.0642155479654321E-014   9.5479180117763462E-014  -1.9100500242127605E-014  -1.0099255639121729E-002  0.78539909798819085     
   1.2523315717771766E-013   4.2632564145606011E-014  -1.9755441445553858E-014  -1.0250010818411148E-002  0.78539909798820173     
   9.9920072216264089E-014  -1.4033219031261979E-013  -1.3765097218131949E-014  -1.0343025947810780E-002  0.78539909798818197     
  -4.0856207306205761E-014  -2.6822988274943782E-013  -1.5421502027856581E-014  -1.0361373181115408E-002  0.78539909798816776     
   1.7763568394002505E-014   1.0214051826551440E-013  -1.6429973309958322E-014  -1.0293789997081415E-002  0.78539909798816454     
   5.8175686490358203E-014   6.4837024638109142E-014  -1.6066075272281590E-014  -1.0135560453081283E-002  0.78539909798817187     
   8.7485574340462335E-014  -1.2656542480726785E-013  -1.1870927398001406E-014  -9.8886996274671901E-003  0.78539909798817886     
  -4.0856207306205761E-014  -3.7303493627405260E-014  -1.5623113301935346E-014  -9.5615887712110492E-003  0.78539909798812668     
   6.1284310959308641E-014   1.6076029396572267E-013  -2.1326674408001336E-014  -9.1683622316045543E-003  0.78539909798808316     
  -8.1712414612411521E-014  -3.3750779948604759E-014  -1.9963731365553866E-014  -8.7282965787052191E-003  0.78539909798807472     
   1.1368683772161603E-013  -7.9491968563161208E-014  -1.5183563756267978E-014  -8.2651560393931511E-003  0.78539909798808538     
  -3.5527136788005009E-014  -5.3335114102992520E-013  -1.8791158447170330E-014  -7.8060374591082393E-003  0.78539909798809315     
   2.0872192862952943E-014   1.5987211554602254E-014  -1.6365837889931455E-014  -7.3790726194036260E-003  0.78539909798803609     
  -3.6859404417555197E-014   1.3056222769591841E-013  -1.4941048103586504E-014  -7.0097265368156414E-003  0.78539909798799679     
  -1.2878587085651816E-014  -5.1070259132757201E-014  -2.3607810021763826E-014  -6.7163465826309832E-003  0.78539909798800478     
  -8.9706020389712648E-014  -3.2862601528904634E-013  -1.3885261917812092E-014  -6.5065099325236631E-003  0.78539909798801122     
   7.0610184366159956E-014   7.5495165674510645E-014  -1.8944365380075395E-014  -6.3758380546286020E-003  0.78539909798798813     
   1.4654943925052066E-014   6.4392935428259079E-014  -1.4577150156238668E-014  -6.3099820809093821E-003  0.78539909798794205     
  -4.9737991503207013E-014  -4.4853010194856324E-014  -1.8013694572914872E-014  -6.2889103088488163E-003  0.78539909798791663     
   1.5054624213917123E-013   1.5409895581797173E-013  -1.6634981377935876E-014  -6.2914441974948332E-003  0.78539909798792062     
  -5.6843418860808015E-014   4.3964831775156199E-014  -1.9939409294671280E-014  -6.2979905538051995E-003  0.78539909798792773     
   1.0214051826551440E-014   1.2700951401711791E-013  -1.6321096208659022E-014  -6.2906334548835652E-003  0.78539909798790775     
  -6.2616578588858829E-014  -2.5313084961453569E-014  -9.0040834934566681E-015  -6.2514386417622525E-003  0.78539909798785446     
   7.5495165674510645E-015  -1.8873791418627661E-013  -1.4390017782340205E-014  -6.1609711120151900E-003  0.78539909798781993     
  -2.4424906541753444E-014   1.0080825063596421E-013  -1.8105790982435316E-014  -5.9989493780903125E-003  0.78539909798783070     
  -1.2434497875801753E-014  -1.1102230246251565E-013  -1.6271425694428088E-014  -5.7476661585034172E-003  0.78539909798784202     
  -6.9277916736609768E-014   6.3504757008558954E-014  -1.7492491707443085E-014  -5.3969985844641855E-003  0.78539909798779139     
  -1.2123635428906709E-013   3.5127456499139953E-013  -1.5015555630079122E-014  -4.9485728307909760E-003  0.78539909798771934     
   1.7763568394002505E-014  -4.8494541715626838E-013  -1.4899298035979686E-014  -4.4167708841991171E-003  0.78539909798766083     
  -1.9984014443252818E-013   2.0117241206207837E-013  -1.2977886920086479E-014  -3.8258107106705630E-003  0.78539909798767960     
  -9.2814644858663087E-014   7.7715611723760958E-014  -1.7031030365618231E-014  -3.2042039423174629E-003  0.78539909798769258     
   4.7961634663806763E-014  -6.7945649107059580E-014  -8.9144634776631884E-015  -2.5791867272917379E-003  0.78539909798761465     
   1.1501910535116622E-013  -3.3306690738754696E-014  -1.5493056235395745E-014  -1.9734010537120206E-003  0.78539909798750895     
   1.7186252421197423E-013   5.9952043329758453E-014  -7.9626410821518683E-015  -1.4044407645910084E-003  0.78539909798744412     
  -1.6431300764452317E-014  -2.2648549702353193E-013  -1.3240641760379247E-014  -8.8604953861093350E-004  0.78539909798746255     
   8.0380146982861334E-014  -2.3980817331903381E-014  -8.8634901825628615E-015  -4.2900237957255172E-004  0.78539909798747387     
   2.4868995751603507E-014  -7.3274719625260332E-014  -7.1953941547074971E-015  -4.0429941737141206E-005  0.78539909798740681     
  -3.5527136788005009E-015  -2.2204460492503131E-014  -1.3974484636260537E-014   2.7809095551400986E-004  0.78539909798732122     
  -1.0524914273446484E-013  -7.0610184366159956E-014  -1.3565250195018242E-014   5.3214497053533094E-004  0.78539909798727203     
  -2.3137047833188262E-013  -4.9737991503207013E-014  -1.4903539793819475E-014   7.3426135345044941E-004  0.78539909798728402     
  -9.7699626167013776E-015  -5.0759396685862157E-013  -1.7976381815116690E-014   9.0155321291307544E-004  0.78539909798729246     
   8.9261931179862586E-014  -2.2248869413488137E-013  -2.0308634382189528E-014   1.0523824904726808E-003  0.78539909798724739     
   1.3988810110276972E-013  -1.6342482922482304E-013  -1.2038668541932835E-014   1.2038634296924755E-003  0.78539909798718244     
  -7.1054273576010019E-014  -1.1413092693146609E-013  -1.4073808770932493E-014   1.3712951846196475E-003  0.78539909798714103     
  -5.7287508070658077E-014  -1.0436096431476471E-013  -1.1653440237047198E-014   1.5690512117840782E-003  0.78539909798715446     
  -5.9507954119908391E-014   6.0396132539608516E-014  -1.8708602378616025E-014   1.8112683955044950E-003  0.78539909798716567     
   2.3092638912203256E-014   1.7186252421197423E-013  -1.5094676945702596E-014   2.1108496562702861E-003  0.78539909798709973     
   1.4477308241112041E-013   1.2878587085651816E-013  -2.1305758923989682E-014   2.4767464404016337E-003  0.78539909798700425     
  -1.8651746813702630E-014   1.7674750552032492E-013  -2.5526252844298385E-014   2.9110977551334294E-003  0.78539909798693897     
   9.9031893796563963E-014   2.8421709430404007E-014  -1.2876789963905977E-014   3.4082601450871053E-003  0.78539909798696150     
  -8.7929663550312398E-014  -1.7763568394002505E-014  -1.2862556064141372E-014   3.9566264889083769E-003  0.78539909798697705     
  -1.1368683772161603E-013   5.2402526762307389E-014  -1.1576465897572920E-014   4.5422119728026900E-003  0.78539909798687679     
  -1.2256862191861728E-013  -2.1183055309847987E-013  -2.0188057732315567E-014   5.1517427400575855E-003  0.78539909798675667     
   1.9095836023552692E-014  -2.3003821070233244E-013  -2.0021447984925421E-014   5.7734013268584405E-003  0.78539909798668062     
   8.8817841970012523E-014   1.3988810110276972E-013  -2.0413823920434417E-014   6.3951991367270367E-003  0.78539909798670515     
  -4.6629367034256575E-014   6.7501559897209518E-014  -2.0328957729448574E-014   7.0028125227077354E-003  0.78539909798671870     
   5.8175686490358203E-014   1.3544720900426910E-013  -2.0632636710780363E-014   7.5792046458440510E-003  0.78539909798662066     
  -1.1013412404281553E-013   4.2632564145606011E-014  -2.1366108575126453E-014   8.1070517348575954E-003  0.78539909798651475     
  -9.1926466438962962E-014   2.0206059048177849E-013  -1.2731394787953546E-014   8.5728671599425432E-003  0.78539909798644980     
  -1.2523315717771766E-013   9.1482377229112899E-014  -2.1510388829244324E-014   8.9703941915222352E-003  0.78539909798646934     
   9.8587804586713901E-014   8.8817841970012523E-016  -1.4106399268849685E-014   9.3013289983741032E-003  0.78539909798647867     
  -4.2632564145606011E-014  -1.4921397450962104E-013  -1.7383006799915982E-014   9.5733230661547708E-003  0.78539909798640206     
   5.3734794391857577E-014   1.0125233984581428E-013  -1.4876014969818819E-014   9.7969904323012003E-003  0.78539909798632446     
   1.1368683772161603E-013  -2.0428103653102880E-014  -1.2565049408263601E-014   9.9839387483058317E-003  0.78539909798627672     
   1.1546319456101628E-013   1.6786572132332367E-013  -1.9877323978099784E-014   1.0146535369461418E-002  0.78539909798629182     
  -1.4210854715202004E-014   1.2967404927621828E-013  -1.8052619576841970E-014   1.0298407056848369E-002  0.78539909798630037     
  -7.8159700933611020E-014  -1.2434497875801753E-014  -1.2932398160955644E-014   1.0454029483144112E-002  0.78539909798623286     
   1.5276668818842154E-013  -1.5987211554602254E-013  -2.0868697025501934E-014   1.0626700143719248E-002  0.78539909798616292     
  -1.1945999744966684E-013  -9.6811447747313650E-014  -1.0492121533091372E-014   1.0825837033005214E-002  0.78539909798611562     
  -3.7747582837255322E-014  -1.3145040611561853E-013  -1.8915311571836373E-014   1.1055423948861165E-002  0.78539909798613394     
  -2.0250467969162855E-013   6.6613381477509392E-014  -1.5703398372286757E-014   1.1314721669686278E-002  0.78539909798614427     
  -2.9753977059954195E-014   8.8817841970012523E-015  -1.6151282774799872E-014   1.1600648662777768E-002  0.78539909798605789     
  -5.6843418860808015E-014  -6.1284310959308641E-014  -1.1586280129011532E-014   1.1909967047236236E-002  0.78539909798596497     
  -1.3766765505351941E-014   2.1405099914773018E-013  -1.9003755984568915E-014   1.2239678216759309E-002  0.78539909798589957     
  -7.9936057773011271E-014   1.0036416142611415E-013  -1.6041755909980857E-014   1.2585608080846633E-002  0.78539909798592589     
   1.3322676295501878E-013   1.7941204077942530E-013  -1.4636956570218721E-014   1.2940694559682608E-002  0.78539909798593832     
   1.9095836023552692E-014   2.2559731860383181E-013  -2.7179761280806711E-014   1.3294683998773760E-002  0.78539909798582741     
   1.3145040611561853E-013  -1.1901590823981678E-013  -9.0356075947990974E-015   1.3635683491476591E-002  0.78539909798572316     
  -2.2160051571518125E-013  -1.9451107391432743E-013  -1.6860068206155100E-014   1.3952442310470659E-002  0.78539909798565621     
   3.7747582837255322E-014   4.4408920985006262E-014  -1.3960717900457457E-014   1.4235717273280546E-002  0.78539909798568130     
   4.0856207306205761E-014   1.4743761767022079E-013  -1.1270564292957993E-014   1.4478010281878895E-002  0.78539909798569030     
  -9.4146912488213275E-014  -1.1723955140041653E-013  -1.3467373269744046E-014   1.4672458968301161E-002  0.78539909798559504     
  -8.8817841970012523E-015   2.2915003228263231E-013  -1.8337785627614254E-014   1.4812366920581077E-002  0.78539909798551799     
  -3.2418512319054571E-014  -2.3803181647963356E-013  -1.3137890752292169E-014   1.4892181594818421E-002  0.78539909798546947     
   1.6164847238542279E-013  -3.9079850466805510E-014  -1.8673913150867695E-014   1.4909321594169356E-002  0.78539909798548813     
   1.0214051826551440E-013   3.9079850466805510E-014  -2.2253909449874661E-014   1.4865399059824647E-002  0.78539909798549401     
   1.2478906796786760E-013  -1.3233858453531866E-013  -1.7568844905820769E-014   1.4765813691860918E-002  0.78539909798542062     
   1.3500311979441904E-013  -2.5490720645393594E-013  -1.8526960874840467E-014   1.4617977890383216E-002  0.78539909798537355     
   1.2523315717771766E-013  -1.4033219031261979E-013  -1.4161328932648965E-014   1.4429403855046985E-002  0.78539909798534224     
  -1.5321077739827160E-014  -3.6237679523765109E-013  -2.0182701254116447E-014   1.4206732755941420E-002  0.78539909798535679     
   7.1942451995710144E-014   2.3536728122053319E-013  -1.7729315172980871E-014   1.3955763466801274E-002  0.78539909798535978     
  -4.5075054799781356E-014  -1.2700951401711791E-013  -1.1987176877527167E-014   1.3681652840920489E-002  0.78539909798530272     
   7.9714013168086240E-014  -5.6843418860808015E-014  -1.6240034778862992E-014   1.3388504876836071E-002  0.78539909798526986     
   5.1292303737682232E-014   2.9309887850104133E-013  -1.9728659014764135E-014   1.3078400856823658E-002  0.78539909798524254     
  -7.8381745538536052E-014   0.0000000000000000       -2.2256940237970242E-014   1.2750670734155589E-002  0.78539909798525931     
   1.1080025785759062E-013  -1.1546319456101628E-014  -1.3854421415174826E-014   1.2402132284105027E-002  0.78539909798526386     
   1.4344081478157023E-013   1.7585932710062480E-013  -2.1357417197220055E-014   1.2028220472401152E-002  0.78539909798519314     
  -5.9285909514983359E-014  -1.8118839761882555E-013  -1.2654512084809701E-014   1.1624183072115102E-002  0.78539909798514496     
   8.0158102377936302E-014  -3.1796787425264483E-013  -1.6863798914966027E-014   1.1185525138843522E-002  0.78539909798510588     
   1.6053824936079764E-013   8.7929663550312398E-014  -2.4090502584468123E-014   1.0707599368189546E-002  0.78539909798512730     
  -5.7065463465733046E-014  -6.3060667798708891E-014  -2.1532383525391420E-014   1.0184968339068790E-002  0.78539909798513241     
   2.6201263381153694E-014   3.2418512319054571E-013  -1.8392161461256769E-014   9.6112610356351436E-003  0.78539909798504914     
  -4.9515946898281982E-014   2.8066438062523957E-013  -1.9410209798899236E-014   8.9797083883954576E-003  0.78539909798499907     
  -4.9960036108132044E-014  -2.0872192862952943E-013  -1.7677070445582558E-014   8.2839457163486063E-003  0.78539909798496299     
  -3.4861002973229915E-014  -8.7929663550312398E-014  -1.5108086772150833E-014   7.5185593407556262E-003  0.78539909798498253     
   6.4837024638109142E-014  -3.6859404417555197E-013  -1.5882685028420519E-014   6.6792338635828230E-003  0.78539909798498397     
  -5.7509552675583109E-014  -1.8474111129762605E-013  -1.4304805129087159E-014   5.7627574153493732E-003  0.78539909798491936     
   5.3512749786932545E-014  -7.9936057773011271E-014  -2.2744137169393891E-014   4.7671530839755172E-003  0.78539909798489926     
   6.5947247662734299E-014   1.6076029396572267E-013  -1.9691638372548859E-014   3.6918773707348418E-003  0.78539909798488328     
   1.6875389974302379E-013  -7.5495165674510645E-014  -1.8820105033794608E-014   2.5377692283634345E-003  0.78539909798489649     
   2.5535129566378600E-014  -9.0594198809412774E-014  -2.0630324181201490E-014   1.3065455175448187E-003  0.78539909798489393     
  -6.0840221749458578E-014  -2.9309887850104133E-014  -1.4541936613890400E-014  -2.1880529412451207E-016  0.78539909798486018     
