      1  0.1000000E-01  -0.1286551071E-02  0.6167468752E-01   0.9251203128E-01
      2  0.2000000E-01  -0.4944135517E-02  0.6167325573E-01   0.9250988360E-01
      3  0.3000000E-01  -0.1046004489E-01  0.6166939195E-01   0.9250408792E-01
      4  0.4000000E-01  -0.1711962589E-01  0.6165958520E-01   0.9248937780E-01
      5  0.5000000E-01  -0.2420579747E-01  0.6163912187E-01   0.9245868280E-01
      6  0.6000000E-01  -0.3105391544E-01  0.6160302611E-01   0.9240453917E-01
      7  0.7000000E-01  -0.3707044575E-01  0.6154766661E-01   0.9232149991E-01
      8  0.8000000E-01  -0.4173445477E-01  0.6147260669E-01   0.9220891003E-01
      9  0.9000000E-01  -0.4459356591E-01  0.6138253096E-01   0.9207379645E-01
     10  0.1000000E+00  -0.4525913349E-01  0.6128912739E-01   0.9193369109E-01
     11  0.1100000E+00  -0.4340193486E-01  0.6121283741E-01   0.9181925611E-01
     12  0.1200000E+00  -0.3874851492E-01  0.6118437881E-01   0.9177656822E-01
     13  0.1300000E+00  -0.3107805927E-01  0.6124598016E-01   0.9186897024E-01
     14  0.1400000E+00  -0.2021965383E-01  0.6145227918E-01   0.9217841876E-01
     15  0.1500000E+00  -0.6049827214E-02  0.6187085269E-01   0.9280627904E-01
     16  0.1600000E+00   0.1150969115E-01  0.6258235727E-01   0.9387353591E-01
     17  0.1700000E+00   0.3249406420E-01  0.6368026754E-01   0.9552040131E-01
     18  0.1800000E+00   0.5689736625E-01  0.6527021191E-01   0.9790531786E-01
     19  0.1900000E+00   0.8467459675E-01  0.6746892305E-01   0.1012033846E+00
     20  0.2000000E+00   0.1157438182E+00  0.7040282821E-01   0.1056042423E+00
     21  0.2100000E+00   0.1499885321E+00  0.7420632898E-01   0.1113094935E+00
     22  0.2200000E+00   0.1872603656E+00  0.7901982658E-01   0.1185297399E+00
     23  0.2300000E+00   0.2273821425E+00  0.8498756297E-01   0.1274813445E+00
     24  0.2400000E+00   0.2701512008E+00  0.9225535414E-01   0.1383830312E+00
     25  0.2500000E+00   0.3153432372E+00  0.1009682291E+00   0.1514523437E+00
     26  0.2600000E+00   0.3627158463E+00  0.1112681292E+00   0.1669021938E+00
     27  0.2700000E+00   0.4120118494E+00  0.1232916023E+00   0.1849374034E+00
     28  0.2800000E+00   0.4629621439E+00  0.1371675351E+00   0.2057513026E+00
     29  0.2900000E+00   0.5152882165E+00  0.1530149223E+00   0.2295223835E+00
     30  0.3000000E+00   0.5687042666E+00  0.1709407589E+00   0.2564111384E+00
     31  0.3100000E+00   0.6229194315E+00  0.1910381299E+00   0.2865571949E+00
     32  0.3200000E+00   0.6776399299E+00  0.2133844191E+00   0.3200766287E+00
     33  0.3300000E+00   0.7325714867E+00  0.2380399007E+00   0.3570598511E+00
     34  0.3400000E+00   0.7874219938E+00  0.2650466825E+00   0.3975700237E+00
     35  0.3500000E+00   0.8419043224E+00  0.2944280663E+00   0.4416420995E+00
     36  0.3600000E+00   0.8957390019E+00  0.3261881872E+00   0.4892822807E+00
     37  0.3700000E+00   0.9486569201E+00  0.3603120834E+00   0.5404681251E+00
     38  0.3800000E+00   0.1000401205E+01  0.3967660034E+00   0.5951490051E+00
     39  0.3900000E+00   0.1050728655E+01  0.4354977913E+00   0.6532466870E+00
     40  0.4000000E+00   0.1099410995E+01  0.4764375006E+00   0.7146562509E+00
     41  0.4100000E+00   0.1146235924E+01  0.5194981525E+00   0.7792472288E+00
     42  0.4200000E+00   0.1191007914E+01  0.5645766827E+00   0.8468650241E+00
     43  0.4300000E+00   0.1233549065E+01  0.6115551596E+00   0.9173327394E+00
     44  0.4400000E+00   0.1273699571E+01  0.6603019492E+00   0.9904529238E+00
     45  0.4500000E+00   0.1311318161E+01  0.7106730600E+00   0.1066009590E+01
     46  0.4600000E+00   0.1346282458E+01  0.7625136887E+00   0.1143770533E+01
     47  0.4700000E+00   0.1378489081E+01  0.8156596858E+00   0.1223489529E+01
     48  0.4800000E+00   0.1407854151E+01  0.8699394609E+00   0.1304909191E+01
     49  0.4900000E+00   0.1434312270E+01  0.9251748797E+00   0.1387762320E+01
     50  0.5000000E+00   0.1457817253E+01  0.9811836901E+00   0.1471775535E+01
     51  0.5100000E+00   0.1478341546E+01  0.1037781012E+01   0.1556671518E+01
     52  0.5200000E+00   0.1495875634E+01  0.1094780764E+01   0.1642171146E+01
     53  0.5300000E+00   0.1510427383E+01  0.1151997060E+01   0.1727995590E+01
     54  0.5400000E+00   0.1522021165E+01  0.1209245626E+01   0.1813868439E+01
     55  0.5500000E+00   0.1530697654E+01  0.1266345775E+01   0.1899518662E+01
     56  0.5600000E+00   0.1536511587E+01  0.1323120253E+01   0.1984680380E+01
     57  0.5700000E+00   0.1539531551E+01  0.1379397290E+01   0.2069095935E+01
     58  0.5800000E+00   0.1539839052E+01  0.1435012085E+01   0.2152518128E+01
     59  0.5900000E+00   0.1537525574E+01  0.1489805444E+01   0.2234708167E+01
     60  0.6000000E+00   0.1532692740E+01  0.1543626145E+01   0.2315439218E+01
     61  0.6100000E+00   0.1525451227E+01  0.1596332172E+01   0.2394498259E+01
     62  0.6200000E+00   0.1515918426E+01  0.1647789793E+01   0.2471684689E+01
     63  0.6300000E+00   0.1504217533E+01  0.1697874117E+01   0.2546811175E+01
     64  0.6400000E+00   0.1490477006E+01  0.1746470068E+01   0.2619705103E+01
     65  0.6500000E+00   0.1474828587E+01  0.1793471692E+01   0.2690207538E+01
     66  0.6600000E+00   0.1457406272E+01  0.1838782888E+01   0.2758174333E+01
     67  0.6700000E+00   0.1438345554E+01  0.1882317869E+01   0.2823476803E+01
     68  0.6800000E+00   0.1417781958E+01  0.1923999405E+01   0.2885999107E+01
     69  0.6900000E+00   0.1395850456E+01  0.1963759010E+01   0.2945638515E+01
     70  0.7000000E+00   0.1372685181E+01  0.2001537942E+01   0.3002306914E+01
     71  0.7100000E+00   0.1348418612E+01  0.2037287598E+01   0.3055931397E+01
     72  0.7200000E+00   0.1323178779E+01  0.2070965430E+01   0.3106448145E+01
     73  0.7300000E+00   0.1297089328E+01  0.2102534050E+01   0.3153801074E+01
     74  0.7400000E+00   0.1270270715E+01  0.2131963392E+01   0.3197945088E+01
     75  0.7500000E+00   0.1242840024E+01  0.2159231134E+01   0.3238846701E+01
     76  0.7600000E+00   0.1214910331E+01  0.2184321250E+01   0.3276481875E+01
     77  0.7700000E+00   0.1186590552E+01  0.2207222851E+01   0.3310834277E+01
     78  0.7800000E+00   0.1157985422E+01  0.2227928504E+01   0.3341892756E+01
     79  0.7900000E+00   0.1129195551E+01  0.2246432383E+01   0.3369648575E+01
     80  0.8000000E+00   0.1100317860E+01  0.2262730508E+01   0.3394095762E+01
     81  0.8100000E+00   0.1071446186E+01  0.2276821280E+01   0.3415231921E+01
     82  0.8200000E+00   0.1042672056E+01  0.2288704481E+01   0.3433056722E+01
     83  0.8300000E+00   0.1014084623E+01  0.2298378789E+01   0.3447568184E+01
     84  0.8400000E+00   0.9857707638E+00  0.2305840395E+01   0.3458760592E+01
     85  0.8500000E+00   0.9578154398E+00  0.2311081152E+01   0.3466621728E+01
     86  0.8600000E+00   0.9303022796E+00  0.2314087446E+01   0.3471131169E+01
     87  0.8700000E+00   0.9033137650E+00  0.2314840784E+01   0.3472261176E+01
     88  0.8800000E+00   0.8769268661E+00  0.2313312338E+01   0.3469968507E+01
     89  0.8900000E+00   0.8512162410E+00  0.2309470266E+01   0.3464205400E+01
     90  0.9000000E+00   0.8262524863E+00  0.2303277632E+01   0.3454916448E+01
     91  0.9100000E+00   0.8021003071E+00  0.2294687701E+01   0.3442031552E+01
     92  0.9200000E+00   0.7788184802E+00  0.2283646062E+01   0.3425469093E+01
     93  0.9300000E+00   0.7564587881E+00  0.2270092243E+01   0.3405138364E+01
     94  0.9400000E+00   0.7350632337E+00  0.2253959778E+01   0.3380939667E+01
     95  0.9500000E+00   0.7146623647E+00  0.2235178962E+01   0.3352768443E+01
     96  0.9600000E+00   0.6952747248E+00  0.2213676799E+01   0.3320515199E+01
     97  0.9700000E+00   0.6769052347E+00  0.2189372731E+01   0.3284059096E+01
     98  0.9800000E+00   0.6595439685E+00  0.2162178592E+01   0.3243267888E+01
     99  0.9900000E+00   0.6431645352E+00  0.2131997660E+01   0.3197996491E+01
    100  0.1000000E+01   0.6277236244E+00  0.2098731848E+01   0.3148097773E+01
    101  0.1010000E+01   0.6131601731E+00  0.2062289214E+01   0.3093433821E+01
    102  0.1020000E+01   0.5993946382E+00  0.2022586148E+01   0.3033879222E+01
    103  0.1030000E+01   0.5863288208E+00  0.1979546721E+01   0.2969320081E+01
    104  0.1040000E+01   0.5738454780E+00  0.1933101002E+01   0.2899651504E+01
    105  0.1050000E+01   0.5618076522E+00  0.1883188796E+01   0.2824783194E+01
    106  0.1060000E+01   0.5500589625E+00  0.1829758295E+01   0.2744637442E+01
    107  0.1070000E+01   0.5384249820E+00  0.1772763300E+01   0.2659144950E+01
    108  0.1080000E+01   0.5267139495E+00  0.1712171496E+01   0.2568257244E+01
    109  0.1090000E+01   0.5147178888E+00  0.1647974388E+01   0.2471961581E+01
    110  0.1100000E+01   0.5022132176E+00  0.1580184039E+01   0.2370276058E+01
    111  0.1110000E+01   0.4889612682E+00  0.1508825904E+01   0.2263238856E+01
    112  0.1120000E+01   0.4747095657E+00  0.1433941652E+01   0.2150912478E+01
    113  0.1130000E+01   0.4591937052E+00  0.1355596457E+01   0.2033394685E+01
    114  0.1140000E+01   0.4421406613E+00  0.1273888480E+01   0.1910832720E+01
    115  0.1150000E+01   0.4232734798E+00  0.1188956263E+01   0.1783434395E+01
    116  0.1160000E+01   0.4023149893E+00  0.1100977154E+01   0.1651465731E+01
    117  0.1170000E+01   0.3789900008E+00  0.1010157966E+01   0.1515236949E+01
    118  0.1180000E+01   0.3530275899E+00  0.9167279620E+00   0.1375091943E+01
    119  0.1190000E+01   0.3241646712E+00  0.8209427355E+00   0.1231414103E+01
    120  0.1200000E+01   0.2921505912E+00  0.7230905959E+00   0.1084635894E+01
    121  0.1210000E+01   0.2567537501E+00  0.6234916615E+00   0.9352374923E+00
    122  0.1220000E+01   0.2177682042E+00  0.5224946031E+00   0.7837419047E+00
    123  0.1230000E+01   0.1750162948E+00  0.4204753977E+00   0.6307130966E+00
    124  0.1240000E+01   0.1283497512E+00  0.3178437410E+00   0.4767656116E+00
    125  0.1250000E+01   0.7765514916E-01  0.2150501520E+00   0.3225752281E+00
    126  0.1260000E+01   0.2285969910E-01  0.1125805597E+00   0.1688708396E+00
    127  0.1270000E+01  -0.3606686362E-01  0.1093847793E-01   0.1640771694E-01
    128  0.1280000E+01  -0.9911001587E-01 -0.8936759334E-01  -0.1340513900E+00
    129  0.1290000E+01  -0.1662072716E+00 -0.1878268175E+00  -0.2817402262E+00
    130  0.1300000E+01  -0.2372447526E+00 -0.2839236085E+00  -0.4258854127E+00
    131  0.1310000E+01  -0.3120547110E+00 -0.3771372106E+00  -0.5657058159E+00
    132  0.1320000E+01  -0.3904122393E+00 -0.4669446770E+00  -0.7004170155E+00
    133  0.1330000E+01  -0.4720323399E+00 -0.5528294986E+00  -0.8292442479E+00
    134  0.1340000E+01  -0.5565713231E+00 -0.6342946546E+00  -0.9514419819E+00
    135  0.1350000E+01  -0.6436326890E+00 -0.7108743681E+00  -0.1066311552E+01
    136  0.1360000E+01  -0.7327755681E+00 -0.7821445695E+00  -0.1173216854E+01
    137  0.1370000E+01  -0.8235192982E+00 -0.8477308970E+00  -0.1271596345E+01
    138  0.1380000E+01  -0.9153443770E+00 -0.9073135444E+00  -0.1360970316E+01
    139  0.1390000E+01  -0.1007692928E+01 -0.9606272889E+00  -0.1440940933E+01
    140  0.1400000E+01  -0.1099969895E+01 -0.1007457709E+01  -0.1511186564E+01
    141  0.1410000E+01  -0.1191548704E+01 -0.1047638244E+01  -0.1571457365E+01
    142  0.1420000E+01  -0.1281778878E+01 -0.1081049976E+01  -0.1621574964E+01
    143  0.1430000E+01  -0.1369991078E+01 -0.1107623850E+01  -0.1661435775E+01
    144  0.1440000E+01  -0.1455506504E+01 -0.1127350985E+01  -0.1691026477E+01
    145  0.1450000E+01  -0.1537651186E+01 -0.1140296475E+01  -0.1710444712E+01
    146  0.1460000E+01  -0.1615777988E+01 -0.1146609643E+01  -0.1719914464E+01
    147  0.1470000E+01  -0.1689281286E+01 -0.1146522237E+01  -0.1719783355E+01
    148  0.1480000E+01  -0.1757597060E+01 -0.1140333282E+01  -0.1710499923E+01
    149  0.1490000E+01  -0.1820197909E+01 -0.1128391455E+01  -0.1692587182E+01
    150  0.1500000E+01  -0.1876595959E+01 -0.1111084748E+01  -0.1666627122E+01
    151  0.1510000E+01  -0.1926351161E+01 -0.1088835444E+01  -0.1633253167E+01
    152  0.1520000E+01  -0.1969075170E+01 -0.1062093397E+01  -0.1593140095E+01
    153  0.1530000E+01  -0.2004429684E+01 -0.1031327534E+01  -0.1546991301E+01
    154  0.1540000E+01  -0.2032121248E+01 -0.9970172683E+00  -0.1495525902E+01
    155  0.1550000E+01  -0.2051904480E+01 -0.9596479632E+00  -0.1439471945E+01
    156  0.1560000E+01  -0.2063587761E+01 -0.9197065723E+00  -0.1379559858E+01
    157  0.1570000E+01  -0.2067032506E+01 -0.8776766219E+00  -0.1316514933E+01
    158  0.1580000E+01  -0.2062147813E+01 -0.8340320604E+00  -0.1251048091E+01
    159  0.1590000E+01  -0.2048887916E+01 -0.7892330293E+00  -0.1183849544E+01
    160  0.1600000E+01  -0.2027256132E+01 -0.7437248577E+00  -0.1115587287E+01
    161  0.1610000E+01  -0.1997302455E+01 -0.6979327112E+00  -0.1046899067E+01
    162  0.1620000E+01  -0.1959115943E+01 -0.6522534814E+00  -0.9783802220E+00
    163  0.1630000E+01  -0.1912820021E+01 -0.6070497901E+00  -0.9105746852E+00
    164  0.1640000E+01  -0.1858569898E+01 -0.5626466375E+00  -0.8439699561E+00
    165  0.1650000E+01  -0.1796548822E+01 -0.5193303347E+00  -0.7789955020E+00
    166  0.1660000E+01  -0.1726966858E+01 -0.4773502118E+00  -0.7160253177E+00
    167  0.1670000E+01  -0.1650063517E+01 -0.4369215756E+00  -0.6553823634E+00
    168  0.1680000E+01  -0.1566112585E+01 -0.3982284430E+00  -0.5973426644E+00
    169  0.1690000E+01  -0.1475424160E+01 -0.3614249040E+00  -0.5421373560E+00
    170  0.1700000E+01  -0.1378343451E+01 -0.3266350003E+00  -0.4899525004E+00
    171  0.1710000E+01  -0.1275247587E+01 -0.2939524460E+00  -0.4409286691E+00
    172  0.1720000E+01  -0.1166533957E+01 -0.2634362333E+00  -0.3951543500E+00
    173  0.1730000E+01  -0.1052615644E+01 -0.2351101123E+00  -0.3526651685E+00
    174  0.1740000E+01  -0.9339136439E+00 -0.2089658767E+00  -0.3134488151E+00
    175  0.1750000E+01  -0.8108519105E+00 -0.1849643615E+00  -0.2774465423E+00
    176  0.1760000E+01  -0.6838550187E+00 -0.1630382935E+00  -0.2445574403E+00
    177  0.1770000E+01  -0.5533451561E+00 -0.1430941987E+00  -0.2146412982E+00
    178  0.1780000E+01  -0.4197451598E+00 -0.1250163319E+00  -0.1875244979E+00
    179  0.1790000E+01  -0.2834739031E+00 -0.1086704695E+00  -0.1630057043E+00
    180  0.1800000E+01  -0.1449437542E+00 -0.9390755336E-01  -0.1408613301E+00
    181  0.1810000E+01  -0.4566219212E-02 -0.8056703231E-01  -0.1208505486E+00
    182  0.1820000E+01   0.1372510258E+00 -0.6848001085E-01  -0.1027200164E+00
    183  0.1830000E+01   0.2801070151E+00 -0.5747271812E-01  -0.8620907731E-01
    184  0.1840000E+01   0.4236064453E+00 -0.4737023238E-01  -0.7105534870E-01
    185  0.1850000E+01   0.5673597161E+00 -0.3800049533E-01  -0.5700074314E-01
    186  0.1860000E+01   0.7109832604E+00 -0.2919752813E-01  -0.4379629234E-01
    187  0.1870000E+01   0.8540998418E+00 -0.2080465199E-01  -0.3120697813E-01
    188  0.1880000E+01   0.9963397035E+00 -0.1267824643E-01  -0.1901736980E-01
    189  0.1890000E+01   0.1137344016E+01 -0.4691698331E-02  -0.7037547647E-02
    190  0.1900000E+01   0.1276769157E+01  0.3261495554E-02   0.4892243179E-02
    191  0.1910000E+01   0.1414289338E+01  0.1126480299E-01   0.1689720433E-01
    192  0.1920000E+01   0.1549596673E+01  0.1937540646E-01   0.2906310953E-01
    193  0.1930000E+01   0.1682405244E+01  0.2762023565E-01   0.4143035333E-01
    194  0.1940000E+01   0.1812446287E+01  0.3599286285E-01   0.5398929412E-01
    195  0.1950000E+01   0.1939465751E+01  0.4445130376E-01   0.6667695549E-01
    196  0.1960000E+01   0.2063222028E+01  0.5291808912E-01   0.7937713354E-01
    197  0.1970000E+01   0.2183486778E+01  0.6128196615E-01   0.9192294908E-01
    198  0.1980000E+01   0.2300046706E+01  0.6939915945E-01   0.1040987390E+00
    199  0.1990000E+01   0.2412705829E+01  0.7709419475E-01   0.1156412920E+00
    200  0.2000000E+01   0.2521286338E+01  0.8416065725E-01   0.1262409857E+00