 force-1force-2force-3workmass
   1.2434497875801753E-014   4.4408920985006262E-015  -2.1618456724884384E-014   0.0000000000000000       0.78539909798813223     
  -9.7603920501398989E-009  -1.4086999891231855E-003  -1.4154597424728616E-014  -3.3559564380659240E-007  0.78539909798813223     
  -1.2603183918713512E-007  -5.4722835847518247E-003  -2.4612507251290201E-014  -4.7802670926286317E-006  0.78539909798813223     
  -5.1273379897409654E-007  -1.2242541582648148E-002  -2.3844476537464173E-014  -2.2579838652142525E-005  0.78539909798813201     
  -1.3669179743658333E-006  -2.1687133179395079E-002  -1.9765470094520426E-014  -6.7937178000538473E-005  0.78539909798813234     
  -2.8541913859037038E-006  -3.3877193399334260E-002  -2.0593750873134585E-014  -1.6008355822474604E-004  0.78539909798813112     
  -5.0997138156816391E-006  -4.8863607448979440E-002  -2.5423778858863029E-014  -3.2317834014679997E-004  0.78539909798813179     
  -8.1908450582091064E-006  -6.6663113392246398E-002  -2.8168457377295862E-014  -5.8599752566577956E-004  0.78539909798812868     
  -1.2172505374774545E-005  -8.7289085397428412E-002  -2.2402573037477212E-014  -9.8176232839769506E-004  0.78539909798813023     
  -1.7039609918167997E-005 -0.11072847825322452       -2.3119882862948739E-014  -1.5476127539891943E-003  0.78539909798812269     
  -2.2726323808175408E-005 -0.13690473305258877       -2.0978502811499100E-014  -2.3235389198731637E-003  0.78539909798812557     
  -2.9079168317291959E-005 -0.16566802908205114       -2.1028108880071382E-014  -3.3510277199995525E-003  0.78539909798811136     
  -3.5849199839343981E-005 -0.19686877486764098       -2.4982108268865787E-014  -4.6728273455230729E-003  0.78539909798811613     
  -4.2760337344294186E-005 -0.23042770823940772       -2.2472623911444200E-014  -6.3337643605821253E-003  0.78539909798809393     
  -4.9530046243084769E-005 -0.26624809834929053       -2.7544910673800791E-014  -8.3790387862964777E-003  0.78539909798810048     
  -5.5706775645703033E-005 -0.30397008847096041       -2.5756130270312483E-014  -1.0846330093785828E-002  0.78539909798807250     
  -6.0491222964031977E-005 -0.34277307472451746       -2.0761080192927703E-014  -1.3753859452938805E-002  0.78539909798807894     
  -6.2813307236009308E-005 -0.38142087667314239       -1.7912884535370927E-014  -1.7091994938180921E-002  0.78539909798805296     
  -6.1648255623047987E-005 -0.41854063219376192       -2.5093225524784710E-014  -2.0824536120050807E-002  0.78539909798805652     
  -5.6303223580744799E-005 -0.45295826937130634       -2.5283050241003570E-014  -2.4899053035948360E-002  0.78539909798804308     
  -4.6489410138406129E-005 -0.48390999313328864       -2.4676212327093010E-014  -2.9259994220928731E-002  0.78539909798804119     
  -3.2224692167126534E-005 -0.51106041390686974       -2.0460703215019424E-014  -3.3857646608977110E-002  0.78539909798804775     
  -1.3689052192233930E-005 -0.53437654890900577       -2.3109286754083323E-014  -3.8649825364484969E-002  0.78539909798805130     
   8.9069675417441374E-006 -0.55396483893716164       -2.5203658155867751E-014  -4.3598233646413742E-002  0.78539909798805096     
   3.5374476643035280E-005 -0.56995946423700783       -1.7946549247883013E-014  -4.8664115220307613E-002  0.78539909798805119     
   6.5404654486567182E-005 -0.58248375665094976       -2.3699083860974483E-014  -5.3806337563357953E-002  0.78539909798805141     
   9.8256030041543596E-005 -0.59165000349336205       -2.6766017538417214E-014  -5.8981331700052875E-002  0.78539909798805141     
   1.3256006313477897E-004 -0.59755874612459436       -2.1394927104722655E-014  -6.4142562015125026E-002  0.78539909798805119     
   1.6653384265508109E-004 -0.60029622652404102       -2.6791177485518153E-014  -6.9239380944910223E-002  0.78539909798805130     
   1.9848797294841347E-004 -0.59996066803259041       -2.2019355943553723E-014  -7.4218811807279961E-002  0.78539909798805152     
   2.2717826497720139E-004 -0.59674020906016834       -1.8403634872989192E-014  -7.9034735246289234E-002  0.78539909798805096     
   2.5174691284091111E-004 -0.59102417803069018       -1.8298612959534549E-014  -8.3665226750426758E-002  0.78539909798805130     
   2.7153137559254859E-004 -0.58349032919241628       -1.7641041679220665E-014  -8.8132578455241584E-002  0.78539909798805096     
   2.8623265379890128E-004 -0.57510650496837057       -1.8661286729269896E-014  -9.2516387861427463E-002  0.78539909798805074     
   2.9656238607156382E-004 -0.56702269005351358       -1.9519543299376578E-014  -9.6951515610231742E-002  0.78539909798805119     
   3.0496272196645080E-004 -0.56038583694732180       -1.5973838735290447E-014 -0.10160948582497542       0.78539909798805141     
   3.1586942451689026E-004 -0.55614949043447304       -1.7319424420280776E-014 -0.10667002498859901       0.78539909798805141     
   3.3531444321344139E-004 -0.55494944387243716       -2.1713104402813175E-014 -0.11229388161264775       0.78539909798805163     
   3.7006896595137562E-004 -0.55707941889542401       -2.1261361551298492E-014 -0.11860638460266237       0.78539909798805119     
   4.2673953611815918E-004 -0.56255351527708974       -2.2159386767051836E-014 -0.12569509947769886       0.78539909798805119     
   5.1125139104923889E-004 -0.57121271387041794       -1.9331586491647351E-014 -0.13361863799072704       0.78539909798805130     
   6.2901522302238888E-004 -0.58283107198517392       -2.6422162563522423E-014 -0.14242048128808915       0.78539909798805141     
   7.8571123342019433E-004 -0.59719333166077471       -2.1495190617672716E-014 -0.15214188305759035       0.78539909798805152     
   9.8811199426762641E-004 -0.61413246202804617       -2.4070196395139570E-014 -0.16282953752879115       0.78539909798805163     
   1.2440713439101359E-003 -0.63352429350510420       -1.7189276273740453E-014 -0.17453492495302525       0.78539909798805141     
   1.5611000541313480E-003 -0.65524035818523929       -2.2235224648765895E-014 -0.18730317269502628       0.78539909798805163     
   1.9437508596602537E-003 -0.67906757623905634       -2.1678247241898270E-014 -0.20115135634735704       0.78539909798805130     
   2.3907883279070674E-003 -0.70461699434105629       -2.3143826444636548E-014 -0.21604023107794679       0.78539909798805141     
   2.8932769457146179E-003 -0.73125626233468366       -1.8669548765925964E-014 -0.23184808687933822       0.78539909798805152     
   3.4342285464079580E-003 -0.75810077216775262       -2.0675881092062116E-014 -0.24835772709807014       0.78539909798805130     
   3.9897333702896276E-003 -0.78408092522617467       -2.7016770430968371E-014 -0.26526496150979728       0.78539909798805185     
   4.5310457758289679E-003 -0.80807379772484578       -2.0488275436305863E-014 -0.28220968958996973       0.78539909798805185     
   5.0270645163617012E-003 -0.82906095969183768       -2.6023912765347614E-014 -0.29882190115694485       0.78539909798805185     
   5.4468347273508577E-003 -0.84626394349130529       -2.2610773549810464E-014 -0.31476913378411409       0.78539909798805185     
   5.7618043942850861E-003 -0.85921909216153480       -2.3119564560221537E-014 -0.32979183336731088       0.78539909798805163     
   5.9474654939424276E-003 -0.86777749832054396       -2.2312270608772969E-014 -0.34371822610128544       0.78539909798805163     
   5.9838679014627694E-003 -0.87204129031893629       -2.5007163304172571E-014 -0.35645779852128445       0.78539909798805185     
   5.8546895809694632E-003 -0.87226474999321280       -2.0097041202361799E-014 -0.36797907810178865       0.78539909798805174     
   5.5452450815303145E-003 -0.86875426394301680       -2.2312005522600496E-014 -0.37828126585835098       0.78539909798805185     
   5.0408348604680242E-003 -0.86179693366950305       -2.4056878151114410E-014 -0.38737020442093995       0.78539909798805196     
   4.3274930006194090E-003 -0.85163725653368694       -2.6284347413951462E-014 -0.39524764045411498       0.78539909798805174     
   3.3967386741977634E-003 -0.83850700552350821       -2.3543722049914781E-014 -0.40191904120510147       0.78539909798805152     
   2.2541886301308267E-003 -0.82269702414244361       -2.1956898726857879E-014 -0.40741950846564401       0.78539909798805152     
   9.2950193509988566E-004 -0.80464438684149175       -2.5472845243117648E-014 -0.41185050639574028       0.78539909798805174     
  -5.1650869345820638E-004 -0.78499965409673911       -1.4363966403037841E-014 -0.41541440425182863       0.78539909798805174     
  -1.9915135772334835E-003 -0.76464198245058679       -1.9784010231166206E-014 -0.41843204689598101       0.78539909798805208     
  -3.3796879102512278E-003 -0.74462579256040673       -2.1269588087428768E-014 -0.42133249026578334       0.78539909798805208     
  -4.5565108021552447E-003 -0.72606651780826348       -2.0839964315717592E-014 -0.42461294293865737       0.78539909798805208     
  -5.4061363194009004E-003 -0.70999512044299173       -1.9858873456844090E-014 -0.42877750867593178       0.78539909798805208     
  -5.8363571847817042E-003 -0.69722231040605198       -2.4603637155204532E-014 -0.43427112858536976       0.78539909798805185     
  -5.7873136119850344E-003 -0.68824953833165770       -2.9936846422509114E-014 -0.44142695538291354       0.78539909798805219     
  -5.2323751110563421E-003 -0.68324731874526512       -2.2250053890900659E-014 -0.45044067452797920       0.78539909798805208     
  -4.1720597163603657E-003 -0.68209945631079527       -2.3443616657140948E-014 -0.46137607865680375       0.78539909798805219     
  -2.6238711120827318E-003 -0.68449227702325177       -2.1515202491890073E-014 -0.47419598017491937       0.78539909798805219     
  -6.1235752138610877E-004 -0.69001665489082686       -2.3456925794979960E-014 -0.48880468350024708       0.78539909798805208     
   1.8356994323456277E-003 -0.69824976493208446       -1.7566306487355197E-014 -0.50508502063321759       0.78539909798805196     
   4.6868191798381531E-003 -0.70879253010205978       -2.5143709644640574E-014 -0.52291533496821341       0.78539909798805219     
   7.8856982918988905E-003 -0.72125495819604479       -2.5723244380876007E-014 -0.54215926024123062       0.78539909798805185     
   1.1332641745584127E-002 -0.73520049643919960       -2.2348509911627217E-014 -0.56263167822010463       0.78539909798805185     
   1.4861642744660841E-002 -0.75007632487144993       -2.3674038943773264E-014 -0.58405447818592515       0.78539909798805241     
   1.8229827541846433E-002 -0.76516338186816191       -1.7143639411259394E-014 -0.60602174300340295       0.78539909798805230     
   2.1127187626009736E-002 -0.77957451244652842       -1.9293756827684118E-014 -0.62799282639085474       0.78539909798805219     
   2.3209127483476699E-002 -0.79231262871857133       -2.0020681554643798E-014 -0.64932319930661020       0.78539909798805208     
   2.4145712333454306E-002 -0.80237909186526202       -1.7885688578087833E-014 -0.66932992084539134       0.78539909798805163     
   2.3674447515181996E-002 -0.80890403543563960       -2.3310412593375034E-014 -0.68737624611616166       0.78539909798805208     
   2.1641248184919526E-002 -0.81126215058107931       -1.5827218125737700E-014 -0.70295309235813574       0.78539909798805208     
   1.8017978543030999E-002 -0.80914228604214533       -1.9139692517226478E-014 -0.71573626062219420       0.78539909798805196     
   1.2892982669335140E-002 -0.80255466660827079       -2.2121704417029901E-014 -0.72560654438356442       0.78539909798805185     
   6.4402304733279792E-003 -0.79177951980156758       -2.8817706398286077E-014 -0.73263174037436229       0.78539909798805208     
  -1.1201633901931629E-003 -0.77727837464613314       -2.0191969978055612E-014 -0.73702088219119233       0.78539909798805208     
  -9.5544923205617138E-003 -0.75959866629541439       -1.8460230745190368E-014 -0.73906815572123064       0.78539909798805208     
  -1.8628002936369903E-002 -0.73930090409446736       -1.9644597809271654E-014 -0.73910493149407630       0.78539909798805196     
  -2.8091725701834491E-002 -0.71692638034446698       -2.5709765617024227E-014 -0.73747308548271162       0.78539909798805208     
  -3.7648378614266065E-002 -0.69300628189777536       -2.3396784425366180E-014 -0.73452312912428352       0.78539909798805241     
  -4.6912518441303952E-002 -0.66809633533728574       -1.8645081884461785E-014 -0.73063003732583676       0.78539909798805230     
  -5.5386233295359411E-002 -0.64281112861246825       -2.3767741151054736E-014 -0.72621202729701029       0.78539909798805185     
  -6.2469941988466005E-002 -0.61783300227165894       -2.5593588110735803E-014 -0.72173597648008192       0.78539909798805208     
  -6.7517348596962456E-002 -0.59388159421134512       -2.4688559249035058E-014 -0.71769846136528059       0.78539909798805208     
  -6.9927311716803331E-002 -0.57164701880118374       -2.3956317899760275E-014 -0.71458152921477769       0.78539909798805185     
  -6.9249650619148895E-002 -0.55170511265519240       -2.0363684145026701E-014 -0.71279319759403403       0.78539909798805163     
  -6.5273667099634558E-002 -0.53444088422313785       -2.8501213046857588E-014 -0.71260988253247604       0.78539909798805163     
  -5.8071613438729131E-002 -0.52000358418375470       -2.9262430977386555E-014 -0.71413857431053263       0.78539909798805163     
  -4.7983806897088144E-002 -0.50830548075719628       -2.1895753778115245E-014 -0.71731038789388313       0.78539909798805163     
  -3.5552217599652103E-002 -0.49906154449314855       -2.8494229485174236E-014 -0.72190660638067250       0.78539909798805163     
  -2.1427338068628288E-002 -0.49185472580395606       -2.3869342920986576E-014 -0.72760767448523822       0.78539909798805152     
  -6.2818485103397492E-003 -0.48620574463407262       -2.6668334325090972E-014 -0.73404894661327358       0.78539909798805141     
   9.2397214939117234E-003 -0.48162876582694425       -2.3809489372102813E-014 -0.74086684456380958       0.78539909798805096     
   2.4522343211955899E-002 -0.47766326986585650       -1.9854661994893585E-014 -0.74772523032740335       0.78539909798805119     
   3.8942121844148581E-002 -0.47388373705045339       -2.5206217168365551E-014 -0.75432138566796336       0.78539909798805096     
   5.1817061344477722E-002 -0.46989759194994019       -2.6792406632279530E-014 -0.76037965146161879       0.78539909798805130     
   6.2384205195060716E-002 -0.46534458239633114       -2.7884090659254289E-014 -0.76564458344197206       0.78539909798805141     
   6.9832902885353043E-002 -0.45990659667737166       -2.2958808070983784E-014 -0.76988282237064398       0.78539909798805141     
   7.3402208969624461E-002 -0.45332830834748439       -2.8356637188032704E-014 -0.77289542134620248       0.78539909798805185     
   7.2522527917474378E-002 -0.44544055617870537       -2.6934612283076063E-014 -0.77453432190513416       0.78539909798805152     
   6.6959178137015130E-002 -0.43617442053615285       -2.2241777556617273E-014 -0.77471253067020740       0.78539909798805119     
   5.6908700621262298E-002 -0.42555651775794301       -2.0127687155152738E-014 -0.77339958911111228       0.78539909798805163     
   4.3011487853697794E-002 -0.41368366043607807       -2.2962865272160350E-014 -0.77060088205966792       0.78539909798805163     
   2.6272448830331641E-002 -0.40068372763954718       -1.8175923372203893E-014 -0.76632722906490347       0.78539909798805185     
   7.9140037392004814E-003 -0.38667494958281523       -2.3618286111942086E-014 -0.76056574225513662       0.78539909798805185     
  -1.0790621750099483E-002 -0.37173529253241000       -1.7793278700097906E-014 -0.75326187169218883       0.78539909798805230     
  -2.8651278077714615E-002 -0.35588779336309972       -2.4711349009848471E-014 -0.74431676834868510       0.78539909798805241     
  -4.4626543551208542E-002 -0.33909984663006076       -2.8326608648288744E-014 -0.73359687253054684       0.78539909798805230     
  -5.7817774683161183E-002 -0.32128888240066855       -2.3294185847538681E-014 -0.72094783081955116       0.78539909798805274     
  -6.7421402992571711E-002 -0.30232657721455825       -1.5952680641754885E-014 -0.70620485359752738       0.78539909798805252     
  -7.2688758781983331E-002 -0.28203874813880736       -2.0344411569184890E-014 -0.68919621322999891       0.78539909798805285     
  -7.2938924376711789E-002 -0.26020536616197698       -1.9341200262575831E-014 -0.66974305344329332       0.78539909798805363     
  -6.7643952229927251E-002 -0.23657016846047507       -2.7123154254412399E-014 -0.64766329755612073       0.78539909798805341     
  -5.6568450054433672E-002 -0.21086860674881880       -1.5187199916187563E-014 -0.62278738741059358       0.78539909798805396     
  -3.9913853295328927E-002 -0.18287585985509480       -2.1301181938212189E-014 -0.59498848019851991       0.78539909798805474     
  -1.8406503017995846E-002 -0.15246645215199717       -2.2089300331581125E-014 -0.56422187563289228       0.78539909798805474     
   6.7161005990858946E-003 -0.11966890823512077       -2.2972450844575648E-014 -0.53056178681990529       0.78539909798805563     
   3.3830537312024678E-002  -8.4697548414000678E-002  -1.8186871160090528E-014 -0.49422184765037036       0.78539909798805585     
   6.1132334785936937E-002  -4.7950520950021058E-002  -2.9100804805289095E-014 -0.45555055939653633       0.78539909798805629     
   8.6859570071830206E-002  -9.9756790999512290E-003  -2.5903891780539232E-014 -0.41500259266862871       0.78539909798805696     
  0.10947076639223852        2.8582127370435195E-002  -2.2931224235113348E-014 -0.37309689660366807       0.78539909798805763     
  0.12773628919635316        6.7033701756212594E-002  -2.8607582656528855E-014 -0.33037741646716379       0.78539909798805829     
  0.14074237192212657       0.10468427587683049       -2.8321119276050423E-014 -0.28738851830668732       0.78539909798805874     
  0.14784434516380074       0.14085694985145292       -1.3846727818074811E-014 -0.24466620467714684       0.78539909798805962     
  0.14862295287202265       0.17491229147115295       -2.2875934526075339E-014 -0.20273371425392428       0.78539909798805985     
  0.14288698405800759       0.20628131685867146       -2.0597034626712414E-014 -0.16208371797366139       0.78539909798806118     
  0.13073276353752172       0.23452328686180923       -2.7326294423091833E-014 -0.12313398185073288       0.78539909798806151     
  0.11263297207084655       0.25940452310995088       -2.6938245928229558E-014  -8.6157945555500604E-002  0.78539909798806240     
   8.9502864943191818E-002  0.28097747263959238       -2.2256922369489779E-014  -5.1208959226541229E-002  0.78539909798806340     
   6.2693373569419508E-002  0.29963003018600087       -1.8615936557048777E-014  -1.8067126412116163E-002  0.78539909798806418     
   3.3887356197701002E-002  0.31607993734242790       -2.3843591845495829E-014   1.3765969005156364E-002  0.78539909798806484     
   4.9148061180162017E-003  0.33130721198682522       -2.1685284791480372E-014   4.5016456853689935E-002  0.78539909798806584     
  -2.2463636576760315E-002  0.34644103969000728       -2.0842872496267785E-014   7.6545490393035376E-002  0.78539909798806662     
  -4.6743896226840220E-002  0.36263464951061852       -2.2090418897092247E-014  0.10924475665214395       0.78539909798806784     
  -6.6790839392614876E-002  0.38096298760109981       -2.0109012364975128E-014  0.14395090853403181       0.78539909798806873     
  -8.1864512148195234E-002  0.40236200203042749       -2.0776139744958491E-014  0.18139448396105973       0.78539909798806939     
  -9.1584459421442777E-002  0.42760319901085708       -2.1206903535649790E-014  0.22217644058893793       0.78539909798807039     
  -9.5875644592274045E-002  0.45727679432606028       -2.6459307116131982E-014  0.26674872498779179       0.78539909798807139     
  -9.4934140608432749E-002  0.49175351091171571       -2.3770118072289188E-014  0.31537459510429677       0.78539909798807250     
  -8.9225683841718473E-002  0.53111188021422162       -2.5248416175144212E-014  0.36806049916616956       0.78539909798807350     
  -7.9500257585122469E-002  0.57504661606219898       -2.3346529324519286E-014  0.42447602657376660       0.78539909798807461     
  -6.6787816916805021E-002  0.62279857221669399       -2.1437433400338127E-014  0.48389746435375169       0.78539909798807583     
  -5.2343597937772435E-002  0.67315255595468315       -3.6443662060022701E-014  0.54521246752665231       0.78539909798807683     
  -3.7533926431767117E-002  0.72453039559207166       -3.3530749562910551E-014  0.60700523672416518       0.78539909798807761     
  -2.3682754245927695E-002  0.77517042736890485       -3.4971397186160214E-014  0.66771153261905525       0.78539909798807883     
  -1.1919827252329540E-002  0.82334795902078373       -2.3908802978969394E-014  0.72580409805174417       0.78539909798807961     
  -3.0722842307953080E-003  0.86757438815347587       -3.0948119406247943E-014  0.77995740572247740       0.78539909798808094     
   2.3771832662222714E-003  0.90672442338371617       -1.5812455492406359E-014  0.82915234633287360       0.78539909798808150     
   4.2703519293398884E-003  0.94007666059249750       -1.3896380904103158E-014  0.87271076436650841       0.78539909798808227     
   2.7186390613143097E-003  0.96729357371915015       -8.7784156637428069E-016  0.91028143298220288       0.78539909798808272     
  -1.9538874209703572E-003  0.98839084936315569       -2.4827024307787618E-014  0.94181577137087302       0.78539909798808427     
  -9.2491791891178288E-003   1.0037396210961056       -2.5954436051530839E-014  0.96756422241449203       0.78539909798808494     
  -1.8516262722655163E-002   1.0141120132745236       -1.5181788599562041E-014  0.98809794312412036       0.78539909798808583     
  -2.8972828380362969E-002   1.0207386171267459       -2.0186142359220575E-014   1.0043294575669117       0.78539909798808705     
  -3.9748995109623042E-002   1.0253209858980750       -1.5529484335927211E-014   1.0174892001756888       0.78539909798808749     
  -4.9963148966729154E-002   1.0299480694357603       -2.5436165627947110E-014   1.0290263147886729       0.78539909798808827     
  -5.8820063798702638E-002   1.0369024716434456       -3.0542251969861222E-014   1.0404339223426415       0.78539909798808927     
  -6.5705808845873293E-002   1.0483922939237686       -2.1596370866841788E-014   1.0530352195038173       0.78539909798809027     
  -7.0250720554021928E-002   1.0662806523798061       -2.7670866534299397E-014   1.0677888482235587       0.78539909798809104     
  -7.2342953977535540E-002   1.0918877099640749       -1.9574148041563964E-014   1.0851662990399258       0.78539909798809138     
  -7.2094522624986723E-002   1.1259071480964664       -2.6638313555869172E-014   1.1051232676402711       0.78539909798809227     
  -6.9778861014427207E-002   1.1684284757091543       -4.3205258528807513E-014   1.1271505756132330       0.78539909798809293     
  -6.5764783687266348E-002   1.2190160487742183       -1.8707896196554653E-014   1.1503669683761228       0.78539909798809360     
  -6.0465591985616296E-002   1.2767849731587502       -3.5933894990767939E-014   1.1736126242570681       0.78539909798809404     
  -5.4308579505856436E-002   1.3404393591988537       -2.6619534058999200E-014   1.1955223683089207       0.78539909798809449     
  -4.7717490039516974E-002   1.4082821347401131       -3.7354039211748782E-014   1.2145867022198784       0.78539909798809504     
  -4.1095433895931954E-002   1.4782423281323664       -2.5635851870230350E-014   1.2292239510144691       0.78539909798809560     
  -3.4799882032457763E-002   1.5479719071141798       -2.4354720563153541E-014   1.2378847917672129       0.78539909798809626     
  -2.9109972361569980E-002   1.6150373695283227       -2.2489856458919738E-014   1.2391880166760225       0.78539909798809648     
  -2.4195641361720366E-002   1.6771823652280284       -2.4047399258349322E-014   1.2320608894022309       0.78539909798809671     
  -2.0100436548376344E-002   1.7325979662066198       -2.8884981920368497E-014   1.2158468252350036       0.78539909798809737     
  -1.6744395438226700E-002   1.7801266741769215       -3.1662792675383520E-014   1.1903464054732824       0.78539909798809771     
  -1.3947611736033538E-002   1.8193509166316764       -2.9997600772187707E-014   1.1557797826402085       0.78539909798809826     
  -1.1467274610304168E-002   1.8505652400609751       -2.2911546441334449E-014   1.1126901826306381       0.78539909798809870     
  -9.0373471440181596E-003   1.8746760134101796       -3.2566099412186994E-014   1.0618199826637553       0.78539909798809915     
  -6.4046082095206014E-003   1.8930833696940068       -1.1779403709356726E-014   1.0039904885493292       0.78539909798809959     
  -3.3547986072557379E-003   1.9075852520042673       -1.1141057440256985E-014  0.94000316872796974       0.78539909798809948     
   2.7322583138134071E-004   1.9203072948501472       -2.0360232679520786E-014  0.87056028047302414       0.78539909798810004     
   4.5814013687999200E-003   1.9336186172786309       -3.7605188899978065E-014  0.79619367502397020       0.78539909798810048     
   9.6162998141764433E-003   1.9499981605526173       -3.0361778683122821E-014  0.71719791280989598       0.78539909798810026     
   1.5381285179034254E-002   1.9718309725071084       -3.8780777591398095E-014  0.63357369128220142       0.78539909798810048     
   2.1854084598934786E-002   2.0011542851920359       -3.5094166767870869E-014  0.54499947407077243       0.78539909798810104     
   2.9005764640350540E-002   2.0394158647565881       -3.4383487213975199E-014  0.45084934753757022       0.78539909798810137     
   3.6813384592146337E-002   2.0873045953150502       -3.1041444377152012E-014  0.35026075729687800       0.78539909798810170     
   4.5264420615374279E-002   2.1446963126738465       -3.7240342345230008E-014  0.24224060806323511       0.78539909798810159     
   5.4352276589367365E-002   2.2107130086258024       -2.6142459674642620E-014  0.12578655516328247       0.78539909798810192     
   6.4065480821929643E-002   2.2838535858790951       -3.8931302397868646E-014  -2.1283451595333527E-014  0.78539909798810159     
