 force-1force-2force-3workmass
   1.2434497875801753E-014   4.4408920985006262E-015  -2.1618456724884384E-014   0.0000000000000000       0.78539909798813223     
   5.4178883601707639E-014   8.1268325402561459E-014  -1.5756303494111097E-014  -7.6412086044656560E-019  0.78539909798813212     
  -8.3488771451811772E-014   2.0472512574087887E-013  -1.4236615981699337E-014  -5.6767480383433725E-017  0.78539909798813223     
   2.4114044094858400E-013   6.5281113847959205E-014  -1.9442893039807329E-014  -2.4210899647531868E-016  0.78539909798813268     
  -1.9406698470447736E-013  -2.4114044094858400E-013  -1.9151538895845824E-014  -6.3091832073132288E-016  0.78539909798813246     
  -1.0880185641326534E-013  -1.8562928971732617E-013  -2.2024321057505374E-014  -1.3026930275192732E-015  0.78539909798813234     
  -2.0428103653102880E-014  -4.5297099404706387E-014  -1.8839640347399998E-014  -2.2771667320973868E-015  0.78539909798813201     
   3.6859404417555197E-014   2.0472512574087887E-013  -1.6483322167695636E-014  -3.4887886085057538E-015  0.78539909798813223     
  -2.6734170432973769E-013  -4.9293902293356950E-014  -1.5975307917630023E-014  -5.3144974586183065E-015  0.78539909798813201     
   1.4299672557172016E-013   1.0036416142611415E-013  -2.1744900023312650E-014  -7.5810690410446547E-015  0.78539909798813179     
   8.8373752760162461E-014   8.9261931179862586E-014  -1.7051941871401471E-014  -1.0970457290942544E-014  0.78539909798813223     
   1.6431300764452317E-014   1.8340884366807586E-013  -1.4142628954865516E-014  -1.3730704440816239E-014  0.78539909798813179     
  -2.7533531010703882E-014   9.1926466438962962E-014  -1.7579241041750722E-014  -1.8183772366618405E-014  0.78539909798813234     
   2.2293278334473143E-013  -2.9043434324194095E-013  -1.6239426031608834E-014  -2.2997557849217405E-014  0.78539909798813234     
  -3.1086244689504383E-014   1.3322676295501878E-015  -2.2575368105676029E-014  -2.8239621791585795E-014  0.78539909798813223     
   2.0294876890147862E-013   4.4408920985006262E-015  -1.6919355873396339E-014  -3.4051859344953517E-014  0.78539909798813168     
  -3.0198066269804258E-014   1.2256862191861728E-013  -1.9842176870083659E-014  -4.1552491867543302E-014  0.78539909798813201     
  -2.4868995751603507E-014   1.9495516312417749E-013  -1.8152705416828037E-014  -4.9790911924759755E-014  0.78539909798813201     
  -1.3811174426336947E-013  -3.0908609005564358E-013  -2.1838886943435931E-014  -5.9309936133927820E-014  0.78539909798813190     
  -9.8143715376863838E-014   3.8058445284150366E-013  -2.0190365118600858E-014  -6.8679768459629044E-014  0.78539909798813246     
  -9.5035090907913400E-014   3.9968028886505635E-014  -2.1695523995663858E-014  -8.0792365783977565E-014  0.78539909798813223     
   1.6431300764452317E-014   1.2434497875801753E-014  -2.3057868042272614E-014  -9.0253372762591022E-014  0.78539909798813246     
  -8.8817841970012523E-016  -2.0072832285222830E-013  -2.2989405534809896E-014  -1.0638213122538533E-013  0.78539909798813212     
   2.9221070008134120E-013   2.3714363805993344E-013  -1.8361269524310906E-014  -1.1869833044160052E-013  0.78539909798813179     
  -2.5357493882438575E-013  -2.2204460492503131E-013  -1.7393347907409766E-014  -1.3525082330371745E-013  0.78539909798813223     
   1.6342482922482304E-013   3.5305092183079978E-013  -2.3056242538064173E-014  -1.5252052511441683E-013  0.78539909798813223     
  -9.3258734068513149E-015  -2.4114044094858400E-013  -1.6996549557905423E-014  -1.6934571954568801E-013  0.78539909798813234     
  -5.4178883601707639E-014   1.5676349107707210E-013  -2.1998187193823486E-014  -1.8888659769115642E-013  0.78539909798813223     
   2.8554936193359026E-013  -1.4477308241112041E-013  -2.3446833212220559E-014  -2.1076405640275126E-013  0.78539909798813290     
   3.1530333899354446E-014   3.3972824553529790E-013  -2.2743467143084314E-014  -2.3445368747137158E-013  0.78539909798813323     
  -6.3504757008558954E-014  -4.0145664570445661E-013  -2.1090536281804030E-014  -2.5407827211260518E-013  0.78539909798813246     
  -1.0569323194431490E-013   8.8817841970012523E-014  -2.6021564741267622E-014  -2.8230022962764603E-013  0.78539909798813234     
  -3.6415315207705135E-014   1.7408297026122455E-013  -1.9967564271035327E-014  -3.0812128739440850E-013  0.78539909798813268     
   2.4424906541753444E-013  -2.9176661087149114E-013  -2.1377612811640785E-014  -3.3547093152273041E-013  0.78539909798813268     
   2.0383694732117874E-013   8.9261931179862586E-014  -2.8385331631132920E-014  -3.6526078868657206E-013  0.78539909798813279     
   1.4921397450962104E-013  -7.7271522513910895E-014  -1.3808202232470624E-014  -3.9486378027079360E-013  0.78539909798813268     
   1.5587531265737198E-013  -2.5490720645393594E-013  -1.4199227054991422E-014  -4.3043873180397332E-013  0.78539909798813279     
  -2.6467716907063732E-013   2.5091040356528538E-013  -1.5707464075448657E-014  -4.6922472430676145E-013  0.78539909798813268     
   1.4033219031261979E-013  -2.7888802378583932E-013  -2.2109554856006305E-014  -5.0538968235682355E-013  0.78539909798813290     
  -1.3145040611561853E-013   8.0380146982861334E-014  -1.3010959955413153E-014  -5.4662566794929865E-013  0.78539909798813312     
  -9.7699626167013776E-015  -3.6459724128690141E-013  -1.8259156645981954E-014  -5.8637598088687708E-013  0.78539909798813312     
   2.1760371282653068E-013   1.7408297026122455E-013  -1.7924443357976271E-014  -6.2914789306961385E-013  0.78539909798813301     
  -2.6645352591003757E-013  -2.1893598045608087E-013  -1.7992537071173648E-014  -6.7280896474796191E-013  0.78539909798813312     
   2.2071233729548112E-013  -2.5135449277513544E-013  -1.3954170233336135E-014  -7.2014984930467011E-013  0.78539909798813312     
  -9.1926466438962962E-014   3.4239278079439828E-013  -1.3231886326072939E-014  -7.6896087071441247E-013  0.78539909798813357     
  -7.6383344094210770E-014  -1.6031620475587260E-013  -1.4716640395454481E-014  -8.2121273403232585E-013  0.78539909798813357     
   4.0856207306205761E-014   1.8474111129762605E-013  -1.5352577039273912E-014  -8.7049728794068131E-013  0.78539909798813345     
  -1.2789769243681803E-013  -1.8385293287792592E-013  -2.0485223788795520E-014  -9.2528520940728847E-013  0.78539909798813401     
   3.2684965844964609E-013   4.8849813083506888E-014  -2.1792130461796551E-014  -9.8214113778005713E-013  0.78539909798813357     
  -2.2160051571518125E-013  -1.7319479184152442E-013  -1.7543651041107178E-014  -1.0383335070005730E-012  0.78539909798813379     
   2.5757174171303632E-013  -7.0166095156309893E-014  -1.6151169541734185E-014  -1.1031876658446557E-012  0.78539909798813434     
   1.8207657603852567E-014  -6.8389738316909643E-014  -1.6085118357977006E-014  -1.1639621148504852E-012  0.78539909798813423     
  -1.4788170688007085E-013  -1.1635137298071641E-013  -9.6752463308921231E-015  -1.2333780115601368E-012  0.78539909798813423     
   1.1945999744966684E-013  -5.5067062021407764E-014  -1.3317140528314282E-014  -1.3026578444970315E-012  0.78539909798813423     
   8.6153306710912148E-014   1.2434497875801753E-014  -1.5539436476725706E-014  -1.3771387601091265E-012  0.78539909798813401     
   1.1146639167236572E-013  -1.0658141036401503E-013  -1.2004382637500845E-014  -1.4448123600212199E-012  0.78539909798813490     
   2.9887203822909214E-013   3.1086244689504383E-013  -1.5255252330322263E-014  -1.5142635673109811E-012  0.78539909798813501     
   1.0924594562311540E-013  -3.9701575360595598E-013  -1.6775309543782999E-014  -1.5962779915207361E-012  0.78539909798813468     
  -5.2402526762307389E-014   1.4299672557172016E-013  -1.8972692192071646E-014  -1.6721918744860739E-012  0.78539909798813456     
   4.3121062276441080E-013  -2.6645352591003757E-014  -1.9891417836901883E-014  -1.7554367703292946E-012  0.78539909798813490     
   2.6201263381153694E-014   1.9539925233402755E-014  -1.4523787610629923E-014  -1.8333439732824279E-012  0.78539909798813512     
  -1.5543122344752192E-014  -7.1054273576010019E-014  -1.6370269115167494E-014  -1.9318850877190233E-012  0.78539909798813468     
  -2.9576341376014170E-013  -7.2830630415410269E-014  -1.5145952959898856E-014  -2.0074729628436768E-012  0.78539909798813490     
   2.7622348852673895E-013   4.4053649617126212E-013  -9.1134629009516359E-015  -2.0981933140815724E-012  0.78539909798813501     
  -6.0040861171728466E-013  -3.3217872896784684E-013  -1.6030542792772992E-014  -2.1871094449077514E-012  0.78539909798813523     
  -9.4146912488213275E-014  -3.0908609005564358E-013  -2.4731234822348383E-014  -2.2780370100506986E-012  0.78539909798813556     
   1.3589129821411916E-013   4.0678571622265736E-013  -1.6011790165787827E-014  -2.3690503931837298E-012  0.78539909798813501     
   2.1849189124623081E-013  -1.3500311979441904E-013  -1.7556655497196552E-014  -2.4624054463332905E-012  0.78539909798813490     
   1.2079226507921703E-013   2.6645352591003757E-015  -1.5164308099919580E-014  -2.5660784350299440E-012  0.78539909798813556     
   2.8066438062523957E-013   4.6185277824406512E-014  -1.4839605811667696E-014  -2.6707188664307105E-012  0.78539909798813456     
   7.6383344094210770E-014  -3.9168668308775523E-013  -1.9676390777687392E-014  -2.7668117524119458E-012  0.78539909798813501     
   7.0166095156309893E-014   1.0924594562311540E-013  -1.4625554385061523E-014  -2.8744310445282092E-012  0.78539909798813501     
  -1.5365486660812167E-013   3.1086244689504383E-014  -7.8278251456958630E-015  -2.9810042981767004E-012  0.78539909798813545     
  -7.0166095156309893E-014   1.9984014443252818E-013  -1.6534806244103559E-014  -3.0883147946911635E-012  0.78539909798813468     
   3.9968028886505635E-014  -6.0396132539608516E-014  -1.9395956065350822E-014  -3.1933046140536617E-012  0.78539909798813445     
  -5.0626169922907138E-014   1.5276668818842154E-013  -1.6981182810210384E-014  -3.3189116723266046E-012  0.78539909798813445     
   6.9277916736609768E-014  -1.4921397450962104E-013  -2.0598836770721636E-014  -3.4348309911651020E-012  0.78539909798813445     
   6.0396132539608516E-014  -1.7941204077942530E-013  -1.4542546979720642E-014  -3.5640118264969030E-012  0.78539909798813445     
   2.5135449277513544E-013   2.0694557179012918E-013  -1.0890039669373440E-014  -3.6773860775090049E-012  0.78539909798813334     
  -2.4602542225693469E-013  -2.2648549702353193E-013  -1.5890713990631188E-014  -3.7917570194846467E-012  0.78539909798813390     
   1.0036416142611415E-013  -3.0464519795714295E-013  -9.8300716514825305E-015  -3.9229432362357749E-012  0.78539909798813357     
   1.8385293287792592E-013  -4.7961634663806763E-014  -1.4674707110813179E-014  -4.0572128250743552E-012  0.78539909798813379     
  -1.5099033134902129E-014   1.8918200339612667E-013  -1.4667190249110488E-014  -4.1594173915244180E-012  0.78539909798813357     
   3.8191672047105385E-013   3.7303493627405260E-013  -1.3960852097938387E-014  -4.2987470582046231E-012  0.78539909798813368     
  -2.7533531010703882E-014   1.9184653865522705E-013  -1.0309702924898617E-014  -4.4175330205044246E-012  0.78539909798813301     
  -4.2987835513486061E-013  -2.9398705692074145E-013  -5.3736359887312050E-015  -4.5653909405817542E-012  0.78539909798813257     
   9.8143715376863838E-014   5.5955240441107890E-014  -1.1485672680099261E-014  -4.7062198113211279E-012  0.78539909798813212     
   5.7731597280508140E-014  -7.4606987254810520E-014  -9.3678694333158607E-015  -4.8364171916452360E-012  0.78539909798813212     
   6.6169292267659330E-014   2.9576341376014170E-013  -1.2196539631762089E-014  -4.9781190693854333E-012  0.78539909798813201     
  -2.7666757773658901E-013  -2.6556534749033744E-013  -1.5502403999906592E-014  -5.1234276511080056E-012  0.78539909798813190     
   1.2034817586936697E-013   3.5260683262094972E-013  -2.0065479788620968E-014  -5.2486712680838306E-012  0.78539909798813179     
  -1.7985612998927536E-013  -2.5579538487363607E-013  -1.3235194653642175E-014  -5.4004750595939671E-012  0.78539909798813179     
   4.1966430330830917E-013  -7.9936057773011271E-014  -1.7235574540118631E-014  -5.5465095405055233E-012  0.78539909798813179     
   9.8587804586713901E-014   2.9931612743894220E-013  -1.5093358435041375E-014  -5.6813967897926480E-012  0.78539909798813135     
  -4.9737991503207013E-013  -2.1671553440683056E-013  -9.9022433840637640E-015  -5.8081609810453844E-012  0.78539909798813023     
   8.0380146982861334E-014   2.7533531010703882E-013  -1.8568952842822105E-014  -5.9462170938788441E-012  0.78539909798813090     
  -1.7319479184152442E-014  -2.4424906541753444E-013  -1.5602632777764618E-014  -6.0973610655695525E-012  0.78539909798813023     
   7.0610184366159956E-014   6.4837024638109142E-014  -1.9917085172957053E-014  -6.2030043975323953E-012  0.78539909798812990     
  -5.0182080713057076E-014  -1.9628743075372768E-013  -2.0170494175804254E-014  -6.3342277475726563E-012  0.78539909798812957     
  -8.8151708155237429E-014   1.1457501614131615E-013  -1.9045751773309591E-014  -6.5106940601773495E-012  0.78539909798812968     
   4.2077452633293433E-013  -2.2737367544323206E-013  -1.4358480122130793E-014  -6.6387901141778873E-012  0.78539909798812912     
  -3.4194869158454821E-014   2.5401902803423582E-013  -1.6134162837634570E-014  -6.7702197311403649E-012  0.78539909798812890     
  -2.5757174171303632E-013  -2.5757174171303632E-014  -1.4290393888284321E-014  -6.8989631131301829E-012  0.78539909798812801     
   5.4400928206632670E-015  -1.1013412404281553E-013  -1.4684780426066278E-014  -7.0261860642034158E-012  0.78539909798812779     
   1.9850787680297799E-013   1.7497114868092467E-013  -1.3691777151726744E-014  -7.1652231140346295E-012  0.78539909798812779     
   2.4402702081260941E-013  -1.9273471707492718E-013  -1.5262572215347292E-014  -7.2804944691856198E-012  0.78539909798812757     
   3.5038638657169940E-013  -3.5527136788005009E-014  -2.0388244338111126E-014  -7.4064102214164095E-012  0.78539909798812757     
  -1.0577649867116179E-013  -2.9043434324194095E-013  -1.0191800572010093E-014  -7.5150949429139485E-012  0.78539909798812713     
  -1.3780296348464560E-013  -1.1546319456101628E-014  -1.8922283531847456E-014  -7.6343377962678066E-012  0.78539909798812668     
   1.3769541062913504E-013  -1.1013412404281553E-013  -1.3849392529682578E-014  -7.7439470948848551E-012  0.78539909798812668     
   1.3306022950132501E-013   1.2434497875801753E-013  -1.3429546856314987E-014  -7.8397722015642113E-012  0.78539909798812590     
   1.0114131754335176E-013  -3.7303493627405260E-014  -8.6952419333764052E-015  -7.9361779671166023E-012  0.78539909798812590     
  -3.3162361745553426E-013  -1.3411494137471891E-013  -1.6549513025555145E-014  -8.0569985129318622E-012  0.78539909798812602     
   1.6431300764452317E-013   4.1300296516055823E-014  -1.6770344679591075E-014  -8.1451251315476855E-012  0.78539909798812557     
  -1.9428902930940239E-013  -8.3488771451811772E-014  -1.9556398268049447E-014  -8.2304792016864910E-012  0.78539909798812579     
  -7.1276318180935050E-014  -1.7230661342182430E-013  -1.7429924882341786E-014  -8.2921360665351223E-012  0.78539909798812513     
   4.1611158962950867E-013  -3.0242475190789264E-013  -8.3272527480070929E-015  -8.3684653534101558E-012  0.78539909798812513     
  -3.3395508580724709E-013  -1.6964207816272392E-013  -1.5608513250032435E-014  -8.4209365343104205E-012  0.78539909798812557     
  -2.0627943797535409E-013   2.6956215037898801E-013  -1.5779005105337066E-014  -8.4831903125943443E-012  0.78539909798812546     
  -1.7985612998927536E-013  -4.8849813083506888E-014  -8.2075333620664303E-015  -8.5038133701976202E-012  0.78539909798812513     
   4.7695181137896725E-013  -4.5741188614556449E-014  -1.2873831603090043E-014  -8.5459522272138754E-012  0.78539909798812546     
   9.4591001698063337E-014  -2.3536728122053319E-013  -9.7743487872213670E-015  -8.5962857387831767E-012  0.78539909798812491     
  -1.8074430840897548E-013   1.5987211554602254E-014  -1.6476811421649766E-014  -8.6073260043341719E-012  0.78539909798812535     
   5.6576965334897977E-013   9.3702823278363212E-014  -1.8335696518893855E-014  -8.6253683206832040E-012  0.78539909798812535     
  -1.3944401189291966E-013  -7.4606987254810520E-014  -1.9543264476450691E-014  -8.6151775432044607E-012  0.78539909798812513     
   3.2507330161024584E-013   1.0125233984581428E-013  -2.3010148773320661E-014  -8.6012233703889793E-012  0.78539909798812513     
  -2.0738966099997924E-013  -2.6334490144108713E-013  -1.8596193532680688E-014  -8.5805848743396903E-012  0.78539909798812468     
  -2.7622348852673895E-013  -1.2034817586936697E-013  -1.2219942375338439E-014  -8.5584590379864502E-012  0.78539909798812513     
   3.1086244689504383E-015   7.9491968563161208E-014  -1.2907836125588233E-014  -8.5353949546724812E-012  0.78539909798812513     
  -4.3609560407276149E-013   1.2434497875801753E-014  -1.5556034107685010E-014  -8.4562391175819107E-012  0.78539909798812513     
  -3.8724579098925460E-013   1.7719159473017498E-013  -1.6151975057218319E-014  -8.4257724220126648E-012  0.78539909798812479     
   3.7481129311345285E-013  -9.6811447747313650E-014  -1.8944170353097056E-014  -8.3520147246243966E-012  0.78539909798812435     
  -5.9330318435968366E-013   1.1191048088221578E-013  -1.2854204256553197E-014  -8.2654720123036761E-012  0.78539909798812491     
   5.0714987764877151E-013   1.4921397450962104E-013  -1.7754820740176175E-014  -8.1996002297708280E-012  0.78539909798812468     
  -1.2434497875801753E-014  -5.2846615972157451E-013  -1.5200901219953520E-014  -8.0674670939238989E-012  0.78539909798812468     
  -1.7674750552032492E-013  -7.9936057773011271E-015  -1.0865097539114964E-014  -7.9816572446735382E-012  0.78539909798812457     
   1.6164847238542279E-013  -8.3577589293781784E-013  -1.2759337294995703E-014  -7.8505992642637014E-012  0.78539909798812380     
  -1.2079226507921703E-013   1.1457501614131615E-013  -1.9324771173335289E-014  -7.7187813775625978E-012  0.78539909798812413     
  -7.6383344094210770E-014  -2.3980817331903381E-013  -1.0908438710072600E-014  -7.5734207113605824E-012  0.78539909798812357     
   2.7799984536613920E-013   1.4921397450962104E-013  -1.9393600639802430E-014  -7.4473568215376474E-012  0.78539909798812357     
  -2.0428103653102880E-014  -9.8587804586713901E-014  -1.4707602664822421E-014  -7.2948946522816756E-012  0.78539909798812357     
   4.2454928461665986E-013  -5.4178883601707639E-014  -2.3569062702943608E-014  -7.1174301532767742E-012  0.78539909798812313     
  -2.8421709430404007E-014   2.6556534749033744E-013  -1.3811322241302722E-014  -6.9268070359762763E-012  0.78539909798812313     
  -8.4376949871511897E-014  -1.5987211554602254E-013  -1.5066138756109490E-014  -6.7716032811091572E-012  0.78539909798812269     
   1.5631940186722204E-013  -1.5987211554602254E-014  -1.3943766189845311E-014  -6.5854124178651638E-012  0.78539909798812235     
   9.5035090907913400E-014  -1.4566126083082054E-013  -3.8494872613706962E-015  -6.3647573887013116E-012  0.78539909798812191     
  -5.3290705182007514E-015   2.3536728122053319E-014  -9.4065613366221987E-015  -6.1546583767760257E-012  0.78539909798812146     
  -3.5260683262094972E-013  -3.5171865420124959E-013  -3.8907830633740456E-015  -5.9198630151660939E-012  0.78539909798812135     
  -8.7929663550312398E-014   3.5882408155885059E-013  -8.9621619983165765E-015  -5.7259445216900173E-012  0.78539909798812069     
  -7.4606987254810520E-014  -2.1360690993788012E-013  -6.5297453064015961E-015  -5.4873643034695628E-012  0.78539909798812069     
   1.7497114868092467E-013  -1.9317880628477724E-013  -3.3731075378188952E-015  -5.2553214656307428E-012  0.78539909798812013     
   1.7053025658242404E-013   7.4606987254810520E-014  -2.5262492179615510E-014  -5.0044330552759329E-012  0.78539909798812002     
  -4.4408920985006262E-014   5.4622972811557702E-014  -1.6092147308934720E-014  -4.7547899896061094E-012  0.78539909798811958     
  -3.3839597790574771E-013   5.1292303737682232E-013  -1.8227384350359961E-014  -4.4938591807690915E-012  0.78539909798811958     
   4.0500935938325711E-013  -1.8962609260597674E-013  -4.8075816208764162E-015  -4.2267375745625661E-012  0.78539909798811902     
  -1.1546319456101628E-014   1.3322676295501878E-014  -6.8259070775760760E-015  -3.9523109050736507E-012  0.78539909798811858     
  -6.6613381477509392E-014  -4.7561954374941706E-013  -1.2193908815155302E-014  -3.6764964411338443E-012  0.78539909798811858     
   2.3003821070233244E-013   3.1508129438861943E-013  -1.5851797539665553E-014  -3.3993216558332747E-012  0.78539909798811802     
   3.8191672047105385E-014  -2.5890400934258651E-013  -1.2168457372167039E-014  -3.1313672125281744E-012  0.78539909798811802     
  -3.9968028886505635E-014   3.7703173916270316E-013  -1.6100371662599740E-014  -2.8493553663847286E-012  0.78539909798811758     
  -2.9043434324194095E-013   2.0672352718520415E-013  -1.8574425656882644E-014  -2.5831665759636741E-012  0.78539909798811713     
   7.4606987254810520E-014  -2.7866597918091429E-013  -2.1478427257514151E-014  -2.3159934451664837E-012  0.78539909798811725     
  -1.9184653865522705E-013   5.6155080585540418E-013  -2.0274380062809473E-014  -2.0487278467470568E-012  0.78539909798811680     
   2.3447910280083306E-013   2.3148150063434514E-013  -1.5390651252540472E-014  -1.7568581392603906E-012  0.78539909798811669     
  -2.8421709430404007E-013  -3.5693670241698783E-013  -1.4487553824793553E-014  -1.4837240361197546E-012  0.78539909798811647     
   3.0464519795714295E-013  -7.2108985449403917E-014  -1.5701131064792646E-014  -1.1996532146648265E-012  0.78539909798811602     
   2.5135449277513544E-013  -2.9121149935917856E-013  -1.4170478560719053E-014  -9.5785742051330354E-013  0.78539909798811591     
  -1.4832579608992091E-013   5.5747073623990673E-013  -1.8776603518889018E-014  -7.0539213741322652E-013  0.78539909798811602     
  -1.2878587085651816E-013  -2.3825386108455859E-013  -1.7605095834630839E-014  -4.4532332584278382E-013  0.78539909798811602     
   1.8651746813702630E-013   5.9721672052148733E-013  -8.8119438037764912E-015  -2.0595655769794846E-013  0.78539909798811580     
  -3.2152058793144533E-013  -4.5508041779385167E-013  -1.1964602760770477E-014   3.8107038209081630E-014  0.78539909798811591     
   6.3060667798708891E-014   2.0861090632706691E-013  -1.1619779944539183E-014   2.5531933329903784E-013  0.78539909798811613     
   1.6608936448392342E-013  -4.0356606945124440E-013  -1.1172205631914335E-014   4.6237930175913316E-013  0.78539909798811591     
   1.3722356584366935E-013   1.6819878823071122E-013  -1.0558614678073912E-014   6.6136716989870529E-013  0.78539909798811558     
  -2.2204460492503131E-013  -6.4970251401064161E-013  -1.6915568750359020E-014   8.9633493744175415E-013  0.78539909798811580     
  -9.9475983006414026E-014   4.9604764740251994E-013  -1.6025765915854938E-014   1.0615682457481944E-012  0.78539909798811525     
   1.6076029396572267E-013  -2.5113244817021041E-013  -2.2008712786399953E-014   1.2187576923302653E-012  0.78539909798811547     
  -1.3145040611561853E-013   2.0516921495072893E-013  -2.3410300347634000E-014   1.3808294656194301E-012  0.78539909798811602     
  -5.2846615972157451E-014  -5.0270898555027088E-013  -1.0432352411243365E-014   1.5208587215864862E-012  0.78539909798811558     
   9.1482377229112899E-014   1.2456702336294256E-013  -1.2957541100746174E-014   1.6537599676622928E-012  0.78539909798811536     
   2.7533531010703882E-014  -9.1926466438962962E-014  -9.4369251586335716E-015   1.7641345249718018E-012  0.78539909798811580     
   6.6613381477509392E-014  -3.4239278079439828E-013  -1.5437954909084393E-014   1.8507656779083692E-012  0.78539909798811525     
  -9.7699626167013776E-015   4.2033043712308427E-013  -1.0687853755800778E-014   1.9321584036517621E-012  0.78539909798811525     
   1.2256862191861728E-013   1.2256862191861728E-013  -7.7114014601439840E-015   1.9870100167020469E-012  0.78539909798811536     
   5.4622972811557702E-014  -5.3868021154812595E-013  -8.2368356417616305E-015   2.0227130134117696E-012  0.78539909798811514     
  -1.9984014443252818E-014   2.5934809855243657E-013  -1.1464464762286662E-014   2.0388381547527116E-012  0.78539909798811514     
   9.8143715376863838E-014  -4.3076653355456074E-014  -1.8818503667355977E-014   2.0455703080312265E-012  0.78539909798811469     
  -1.0880185641326534E-013   4.6185277824406512E-013  -1.0235429957303347E-014   2.0187487379647222E-012  0.78539909798811480     
   2.6201263381153694E-014  -1.7852386235972517E-013  -9.0066334155869886E-015   1.9778521132108887E-012  0.78539909798811447     
   4.9515946898281982E-013  -1.0080825063596421E-013  -1.6280274389876916E-014   1.9232241138940638E-012  0.78539909798811491     
  -2.5446311724408588E-013   2.9887203822909214E-013  -1.4655839132138482E-014   1.8387636944313141E-012  0.78539909798811447     
   3.0420110874729289E-013  -1.1102230246251565E-014  -1.7841494778239798E-014   1.7323136240431883E-012  0.78539909798811447     
   7.9936057773011271E-014  -3.7880809600210341E-013  -9.7732573435737666E-015   1.6142858761922205E-012  0.78539909798811469     
  -5.0048853950102057E-013   9.3258734068513149E-015  -1.1557864859456313E-014   1.4779016292608757E-012  0.78539909798811447     
   4.3831605012201180E-013   6.3948846218409017E-014  -1.3436136726026798E-014   1.3124118244490512E-012  0.78539909798811469     
  -3.0553337637684308E-013   9.9475983006414026E-014  -2.2219700249884852E-014   1.1384517606272369E-012  0.78539909798811447     
  -2.7089441800853820E-014   1.8074430840897548E-013  -2.4293804180663873E-014   9.3871143304537246E-013  0.78539909798811436     
   2.0961010704922955E-013  -1.8252066524837574E-013  -1.0378920118635783E-014   7.2667469968673448E-013  0.78539909798811469     
  -5.6088467204062908E-013   2.3137047833188262E-013  -2.0362407199496675E-014   4.9732532021166912E-013  0.78539909798811469     
   2.9443114613059151E-013   2.3447910280083306E-013  -2.1128464343865386E-014   2.5447019405877640E-013  0.78539909798811480     
  -1.5987211554602254E-014  -5.8753002463163284E-013  -2.0508389227240581E-014  -4.2566082214202242E-026  0.78539909798811469     
