 force-1force-2force-3workmass
   4.4408920985006262E-016   1.7763568394002505E-015  -1.9398089615056787E-014   0.0000000000000000       0.78539816362971648     
   3.1086244689504383E-015  -4.2632564145606011E-014  -2.6386266178462666E-014  -1.2764363234300021E-008  0.78539816362971648     
  -1.8207657603852567E-014  -1.1723955140041653E-013  -2.9662857855458707E-014  -1.9743094687363003E-007  0.78539816362971682     
   1.5543122344752192E-014  -1.7763568394002505E-014  -2.4184251434308819E-014  -9.8141066110510669E-007  0.78539816362971648     
  -6.9277916736609768E-014  -1.6520118606422329E-013  -3.0930306068189423E-014  -3.0518821071837468E-006  0.78539816362971671     
  -5.0626169922907138E-014  -6.9277916736609768E-014  -3.4659915645853907E-014  -7.3198735640322976E-006  0.78539816362971671     
   2.0428103653102880E-014  -9.2370555648813024E-014  -2.8101846309651739E-014  -1.4864975271726075E-005  0.78539816362971693     
   1.7763568394002505E-014  -4.6185277824406512E-014  -3.2030633909508001E-014  -2.6856598678060700E-005  0.78539816362971704     
  -4.8849813083506888E-015  -7.9936057773011271E-014  -2.7535480292370811E-014  -4.4453607521449667E-005  0.78539816362971726     
  -3.6415315207705135E-014  -1.0658141036401503E-014  -3.3550353858661362E-014  -6.8691405270202011E-005  0.78539816362971715     
   4.3964831775156199E-014  -8.5265128291212022E-014  -2.5936459163112632E-014  -1.0034578672310501E-004  0.78539816362971759     
   3.1974423109204508E-014   2.6645352591003757E-014  -3.2319225379592120E-014  -1.3978656248932880E-004  0.78539816362971759     
   5.6399329650957952E-014  -6.7501559897209518E-014  -2.7813965541262682E-014  -1.8684155026280763E-004  0.78539816362971793     
   2.4868995751603507E-014  -4.9737991503207013E-014  -3.0590505763044242E-014  -2.4066829096270476E-004  0.78539816362971859     
   5.1958437552457326E-014  -3.1974423109204508E-014  -2.7907038203413412E-014  -2.9964057337117378E-004  0.78539816362971893     
   5.9952043329758453E-014  -9.2370555648813024E-014  -2.8001238826219599E-014  -3.6137575518004061E-004  0.78539816362971937     
   9.9475983006414026E-014  -4.7961634663806763E-014  -2.8908634489666727E-014  -4.2318601537590095E-004  0.78539816362972026     
   5.2402526762307389E-014  -1.0835776720341528E-013  -2.9645044860044458E-014  -4.8307571545530559E-004  0.78539816362972092     
   4.5741188614556449E-014  -4.6185277824406512E-014  -2.4180036972568795E-014  -5.4081391784062405E-004  0.78539816362972181     
   2.5757174171303632E-014  -6.0396132539608516E-014  -2.6245539058114124E-014  -5.9824501377381267E-004  0.78539816362972259     
   3.9079850466805510E-014   7.6383344094210770E-014  -2.9202638153945281E-014  -6.5852841952412922E-004  0.78539816362972348     
   4.3964831775156199E-014  -1.2612133559741778E-013  -2.9762937265162642E-014  -7.2495826050000822E-004  0.78539816362972437     
   2.4424906541753444E-014  -7.1054273576010019E-015  -3.3554382423341390E-014  -8.0029681990292922E-004  0.78539816362972581     
   6.2616578588858829E-014  -9.9475983006414026E-014  -3.5116849797416927E-014  -8.8690397200530402E-004  0.78539816362972670     
   4.6185277824406512E-014   2.1316282072803006E-014  -3.1157101078790873E-014  -9.8719127958166175E-004  0.78539816362972781     
  -4.8849813083506888E-015   9.2370555648813024E-014  -3.2033744562945314E-014  -1.1038098196706758E-003  0.78539816362972914     
  -4.4408920985006262E-014  -4.2632564145606011E-014  -3.2619061203447722E-014  -1.2393710877506570E-003  0.78539816362973036     
   4.8405723873656825E-014   7.6383344094210770E-014  -3.5196062320608243E-014  -1.3958601122428527E-003  0.78539816362973203     
   3.3750779948604759E-014   1.1546319456101628E-013  -3.0080183100724677E-014  -1.5739666451713430E-003  0.78539816362973347     
  -2.6201263381153694E-014   2.3092638912203256E-014  -3.8123311666436524E-014  -1.7724572779532211E-003  0.78539816362973491     
  -2.3536728122053319E-014  -3.0198066269804258E-014  -3.2560315769527328E-014  -1.9876624036772039E-003  0.78539816362973625     
  -8.8817841970012523E-015   1.4210854715202004E-014  -3.3612748225000856E-014  -2.2132562788015897E-003  0.78539816362973802     
  -1.5543122344752192E-014  -8.8817841970012523E-015  -3.3690811970743924E-014  -2.4406666891175766E-003  0.78539816362973969     
   1.2878587085651816E-014  -5.3290705182007514E-015  -4.0260413176100990E-014  -2.6604084283941565E-003  0.78539816362974180     
  -3.2862601528904634E-014   1.2434497875801753E-014  -3.3725125031524408E-014  -2.8642054419333873E-003  0.78539816362974357     
  -1.0214051826551440E-013  -1.7763568394002505E-014  -3.8508783813918898E-014  -3.0471328365020978E-003  0.78539816362974524     
   7.5495165674510645E-015  -6.7501559897209518E-014  -3.6188270072675424E-014  -3.2087197434297332E-003  0.78539816362974713     
  -3.9968028886505635E-015  -7.9936057773011271E-014  -3.7493717277834305E-014  -3.3524274024269718E-003  0.78539816362974901     
   1.9095836023552692E-014  -8.7041485130612273E-014  -3.9645714970406850E-014  -3.4839197988508763E-003  0.78539816362975090     
  -8.8817841970012523E-015   7.4606987254810520E-014  -4.1108632443174693E-014  -3.6092884333451813E-003  0.78539816362975268     
   1.1546319456101628E-014   4.0856207306205761E-014  -4.0128062787736100E-014  -3.7342607321210197E-003  0.78539816362975434     
   1.0658141036401503E-014  -4.7961634663806763E-014  -3.7615053695503719E-014  -3.8645578259923763E-003  0.78539816362975623     
   3.3306690738754696E-014  -2.1316282072803006E-014  -3.9994620279957714E-014  -4.0067077586295463E-003  0.78539816362975801     
   3.0198066269804258E-014  -1.8829382497642655E-013  -3.4882683367047521E-014  -4.1683850193042771E-003  0.78539816362975978     
   4.8405723873656825E-014  -2.4336088699783431E-013  -3.7895614452416105E-014  -4.3577549421136563E-003  0.78539816362976156     
   2.2204460492503131E-015  -2.8421709430404007E-014  -3.8365227762228026E-014  -4.5819114042557896E-003  0.78539816362976334     
   7.5495165674510645E-014   7.1054273576010019E-015  -4.0559658822445438E-014  -4.8448982502795612E-003  0.78539816362976511     
   6.7057470687359455E-014  -6.3948846218409017E-014  -3.7473151270618757E-014  -5.1459177163180048E-003  0.78539816362976678     
   5.9063864910058328E-014  -8.1712414612411521E-014  -3.9628090637868915E-014  -5.4782962208845820E-003  0.78539816362976866     
   4.9737991503207013E-014  -1.7053025658242404E-013  -3.5050834560857063E-014  -5.8296857693614923E-003  0.78539816362977022     
   8.3488771451811772E-014  -8.1712414612411521E-014  -3.8859816671571948E-014  -6.1837413653087481E-003  0.78539816362977199     
   4.3520742565306136E-014  -1.4743761767022079E-013  -3.7834658820910048E-014  -6.5230325749032758E-003  0.78539816362977377     
   6.8833827526759706E-014  -4.2632564145606011E-014  -3.5485034307254122E-014  -6.8323505228807813E-003  0.78539816362977533     
   3.9079850466805510E-014  -4.9737991503207013E-014  -3.6314340735633172E-014  -7.1012412087853027E-003  0.78539816362977666     
   4.0856207306205761E-014   1.7763568394002505E-015  -3.6097261177838038E-014  -7.3248776435247409E-003  0.78539816362977799     
   1.7763568394002505E-014  -1.4210854715202004E-014  -3.5109464713170190E-014  -7.5032288342258280E-003  0.78539816362977899     
  -1.4654943925052066E-014  -4.2632564145606011E-014  -3.6633894782719349E-014  -7.6393868171831247E-003  0.78539816362977999     
   3.1974423109204508E-014  -8.8817841970012523E-014  -3.5514061533459727E-014  -7.7382593384538456E-003  0.78539816362978065     
   5.3290705182007514E-015  -2.4868995751603507E-014  -3.5449331970582156E-014  -7.8063883410806056E-003  0.78539816362978110     
   4.0856207306205761E-014  -7.1054273576010019E-015  -3.8267942646364942E-014  -7.8527437200580641E-003  0.78539816362978110     
   1.0214051826551440E-014   3.7303493627405260E-014  -3.4468969151649383E-014  -7.8895963615649434E-003  0.78539816362978088     
   2.0872192862952943E-014   8.8817841970012523E-015  -3.5282198799495505E-014  -7.9324444591336585E-003  0.78539816362978088     
   2.7089441800853820E-014   5.8619775700208265E-014  -4.0476993061897510E-014  -7.9984495765541563E-003  0.78539816362978065     
   3.2418512319054571E-014   1.7763568394002505E-015  -3.5770395687707051E-014  -8.1035805356010071E-003  0.78539816362978010     
   4.8405723873656825E-014  -5.6843418860808015E-014  -4.0033889533056842E-014  -8.2592675383443837E-003  0.78539816362977966     
  -6.3948846218409017E-014  -4.6185277824406512E-014  -3.8797215470820182E-014  -8.4696171041132029E-003  0.78539816362977910     
  -1.9539925233402755E-014  -3.0198066269804258E-014  -3.9998946748883145E-014  -8.7301011460045874E-003  0.78539816362977866     
  -2.2204460492503131E-015  -1.0658141036401503E-014  -4.4452855287856694E-014  -9.0281807172685191E-003  0.78539816362977821     
  -3.5971225997855072E-014  -3.1974423109204508E-014  -4.0467044777714180E-014  -9.3456852483415620E-003  0.78539816362977755     
  -8.8817841970012523E-015   9.5923269327613525E-014  -3.7273582917256266E-014  -9.6621539882773000E-003  0.78539816362977677     
   1.3766765505351941E-014   0.0000000000000000       -4.0183589585508407E-014  -9.9580325413255455E-003  0.78539816362977555     
  -5.7731597280508140E-015  -6.0396132539608516E-014  -4.4364527869818190E-014  -1.0216799861798576E-002  0.78539816362977444     
   1.5099033134902129E-014  -2.4868995751603507E-014  -4.2968394623632238E-014  -1.0425724171250872E-002  0.78539816362977266     
  -1.5987211554602254E-014  -5.3290705182007514E-015  -4.5827694809475050E-014  -1.0575673509339634E-002  0.78539816362977044     
   1.6875389974302379E-014  -8.1712414612411521E-014  -4.7171660458917932E-014  -1.0660811404562542E-002  0.78539816362976844     
   7.9936057773011271E-015  -4.4408920985006262E-014  -4.7457100071303173E-014  -1.0678860594184769E-002  0.78539816362976533     
  -3.9968028886505635E-015   9.9475983006414026E-014  -5.2982448882874072E-014  -1.0632041848899876E-002  0.78539816362976178     
   3.3306690738754696E-014  -1.2612133559741778E-013  -4.6532654954183413E-014  -1.0528172638096134E-002  0.78539816362975845     
   2.5757174171303632E-014  -1.4566126083082054E-013  -4.6991610002407639E-014  -1.0381116898147580E-002  0.78539816362975401     
   7.2830630415410269E-014  -9.2370555648813024E-014  -4.5443149134671470E-014  -1.0209955450035890E-002  0.78539816362974957     
   1.3322676295501878E-014  -6.7501559897209518E-014  -4.2853375158814184E-014  -1.0036764497316719E-002  0.78539816362974457     
   3.2862601528904634E-014   3.9079850466805510E-014  -4.6557282146153039E-014  -9.8834631033515308E-003  0.78539816362973980     
   7.2830630415410269E-014  -9.5923269327613525E-014  -4.4388387272466007E-014  -9.7685519764960649E-003  0.78539816362973469     
   3.5527136788005009E-014  -1.9539925233402755E-014  -4.7466089266837063E-014  -9.7045773319970330E-003  0.78539816362972992     
   6.7501559897209518E-014  -9.0594198809412774E-014  -4.4100122678340463E-014  -9.6968416616265429E-003  0.78539816362972459     
   2.7977620220553945E-014  -8.5265128291212022E-014  -4.3623931246361324E-014  -9.7434131093263598E-003  0.78539816362971970     
   7.1498362785860081E-014   0.0000000000000000       -3.8132837197147098E-014  -9.8360847536269613E-003  0.78539816362971504     
   1.0214051826551440E-014  -5.8619775700208265E-014  -4.2296869992195700E-014  -9.9617824876263583E-003  0.78539816362971027     
   3.1530333899354446E-014  -1.1546319456101628E-013  -4.1790921484349270E-014  -1.0104042894727661E-002  0.78539816362970494     
   3.9968028886505635E-014  -6.3948846218409017E-014  -3.9972744256404675E-014  -1.0244442009612609E-002  0.78539816362969972     
  -1.7319479184152442E-014  -7.9936057773011271E-014  -4.6708659941308943E-014  -1.0364046457910447E-002  0.78539816362969395     
   5.4622972811557702E-014   7.1054273576010019E-014  -4.2280636101825481E-014  -1.0444957170836267E-002  0.78539816362968795     
   2.4868995751603507E-014  -2.6645352591003757E-014  -3.8566068387615611E-014  -1.0471865727186502E-002  0.78539816362968162     
   8.5709217501062085E-014   1.9539925233402755E-013  -4.0672851283710312E-014  -1.0433402101506672E-002  0.78539816362967485     
   2.2648549702353193E-014  -9.9475983006414026E-014  -4.2894664882936242E-014  -1.0323053652199210E-002  0.78539816362966741     
  -1.4654943925052066E-014  -7.8159700933611020E-014  -3.6323735547244497E-014  -1.0139581015356836E-002  0.78539816362965931     
   3.6859404417555197E-014  -1.7763568394002505E-014  -4.3913802440346028E-014  -9.8870282259928555E-003  0.78539816362965098     
   3.4194869158454821E-014  -1.7408297026122455E-013  -4.3619556458529496E-014  -9.5744856986501592E-003  0.78539816362964210     
   7.1054273576010019E-015  -7.1054273576010019E-015  -4.4149831084204110E-014  -9.2156687952638094E-003  0.78539816362963322     
  -2.5313084961453569E-014  -4.6185277824406512E-014  -4.5955335489485870E-014  -8.8281960174445562E-003  0.78539816362962378     
  -2.9753977059954195E-014   3.5527136788005009E-014  -4.1550516663108474E-014  -8.4323348093513495E-003  0.78539816362961445     
  -4.6185277824406512E-014  -9.2370555648813024E-014  -3.8892276049315954E-014  -8.0490541303392948E-003  0.78539816362960524     
   1.0214051826551440E-014  -4.2632564145606011E-014  -3.8123295343885180E-014  -7.6975015800389013E-003  0.78539816362959569     
  -5.4622972811557702E-014  -6.0396132539608516E-014  -3.5400455296842521E-014  -7.3923890285378935E-003  0.78539816362958681     
  -6.6613381477509392E-015   5.6843418860808015E-014  -4.0042182672687105E-014  -7.1420061168576687E-003  0.78539816362957782     
   1.9095836023552692E-014   9.9475983006414026E-014  -3.2545704956496644E-014  -6.9474897833969873E-003  0.78539816362956916     
   5.3734794391857577E-014   2.1671553440683056E-013  -3.7625311187405436E-014  -6.8035314170842298E-003  0.78539816362956050     
   8.6597395920762210E-014  -4.6185277824406512E-014  -4.1095955947356553E-014  -6.7001051019786040E-003  0.78539816362955195     
   6.8389738316909643E-014  -2.4868995751603507E-013  -4.2569432544596509E-014  -6.6243945466843979E-003  0.78539816362954351     
   4.1300296516055823E-014  -6.3948846218409017E-014  -4.2379882265969447E-014  -6.5621486569309440E-003  0.78539816362953485     
   6.2172489379008766E-014  -3.1974423109204508E-014  -3.8967079301646248E-014  -6.4981970481643447E-003  0.78539816362952641     
   6.6613381477509392E-015  -4.2632564145606011E-014  -3.6507438743067102E-014  -6.4165020418247565E-003  0.78539816362951775     
   7.1054273576010019E-015  -8.5265128291212022E-014  -3.9640759353138328E-014  -6.3004998171853899E-003  0.78539816362950876     
  -1.5543122344752192E-014  -7.1054273576010019E-014  -3.5113420004859779E-014  -6.1343400218136779E-003  0.78539816362949966     
  -5.2402526762307389E-014  -1.3145040611561853E-013  -3.6662235239260844E-014  -5.9050480154332341E-003  0.78539816362949022     
  -4.6629367034256575E-014  -1.3500311979441904E-013  -4.5153292050521564E-014  -5.6049648890903470E-003  0.78539816362948056     
   2.2648549702353193E-014  -8.1712414612411521E-014  -3.8940606165297006E-014  -5.2334822710462525E-003  0.78539816362947046     
   5.6843418860808015E-014  -6.7501559897209518E-014  -3.6639747005704048E-014  -4.7972990351661249E-003  0.78539816362946036     
   9.0594198809412774E-014   1.7408297026122455E-013  -4.2604865562732700E-014  -4.3090728258123878E-003  0.78539816362944970     
   4.9293902293356950E-014   1.5276668818842154E-013  -3.5096811282558733E-014  -3.7850453681158580E-003  0.78539816362943937     
   1.4077627952246985E-013   1.0658141036401503E-013  -3.3926595619519556E-014  -3.2425774141147112E-003  0.78539816362942894     
   5.2402526762307389E-014   0.0000000000000000       -3.6350446119696919E-014  -2.6983495954455705E-003  0.78539816362941850     
   4.1744385725905886E-014  -7.4606987254810520E-014  -3.4064718519320574E-014  -2.1674244184266556E-003  0.78539816362940851     
   7.1054273576010019E-015  -3.5527136788005009E-015  -3.5700698904306902E-014  -1.6628144750832075E-003  0.78539816362939896     
   4.6185277824406512E-014   1.4210854715202004E-014  -4.7775193996336511E-014  -1.1950223728831588E-003  0.78539816362938952     
   5.6399329650957952E-014  -1.4921397450962104E-013  -4.9626398501795511E-014  -7.7128686898886301E-004  0.78539816362938053     
   5.9952043329758453E-014  -7.8159700933611020E-014  -5.1881020661259443E-014  -3.9473873922890590E-004  0.78539816362937220     
   5.2846615972157451E-014  -2.8421709430404007E-014  -5.8485556426242263E-014  -6.3958917523532222E-005  0.78539816362936432     
  -2.0872192862952943E-014  -4.2632564145606011E-014  -4.5950317615378429E-014   2.2668434828210238E-004  0.78539816362935677     
   6.2172489379008766E-015  -6.0396132539608516E-014  -4.5962431027203109E-014   4.8597017718043922E-004  0.78539816362934967     
  -8.2600593032111647E-014  -2.9842794901924208E-013  -4.1346035799943514E-014   7.2449157434983924E-004  0.78539816362934323     
  -5.6843418860808015E-014  -2.2026824808563106E-013  -4.0818371436886385E-014   9.5359324666732803E-004  0.78539816362933701     
  -3.4638958368304884E-014  -2.5224267119483557E-013  -3.7822360823360217E-014   1.1848144616637413E-003  0.78539816362933101     
  -1.7763568394002505E-015  -3.3750779948604759E-013  -3.9434037022373964E-014   1.4296210291468991E-003  0.78539816362932546     
   0.0000000000000000       -1.7763568394002505E-013  -4.1392306131986807E-014   1.6989703809846546E-003  0.78539816362931936     
  -6.1284310959308641E-014  -1.8829382497642655E-013  -3.8835315367609484E-014   2.0024165627570145E-003  0.78539816362931392     
   9.3258734068513149E-015  -1.2789769243681803E-013  -4.5151479929373183E-014   2.3469060082772497E-003  0.78539816362930825     
  -3.3306690738754696E-014  -2.0961010704922955E-013  -4.3387037370933513E-014   2.7357888515500139E-003  0.78539816362930270     
  -6.7057470687359455E-014   8.5265128291212022E-014  -4.4830549067266844E-014   3.1685631707392137E-003  0.78539816362929726     
  -6.7057470687359455E-014  -4.6185277824406512E-014  -4.5493060795259332E-014   3.6414601764798160E-003  0.78539816362929193     
  -5.7731597280508140E-014   1.2079226507921703E-013  -5.2331739674851987E-014   4.1484656039005863E-003  0.78539816362928661     
  -2.1316282072803006E-014   7.1054273576010019E-015  -4.8001059136693568E-014   4.6821491517430314E-003  0.78539816362928161     
  -2.0428103653102880E-014  -6.0396132539608516E-014  -4.6941205570730935E-014   5.2339181763225717E-003  0.78539816362927728     
   3.1974423109204508E-014   9.2370555648813024E-014  -3.9425209328547983E-014   5.7938419398810836E-003  0.78539816362927295     
   2.2648549702353193E-014  -2.8421709430404007E-014  -3.4872705015201223E-014   6.3506020952224240E-003  0.78539816362926951     
   1.0658141036401503E-014  -2.4868995751603507E-014  -3.4525358137072889E-014   6.8920967196257621E-003  0.78539816362926651     
  -9.3258734068513149E-015   1.9895196601282805E-013  -3.8331552732999340E-014   7.4067768874614970E-003  0.78539816362926440     
  -2.3980817331903381E-014   1.1013412404281553E-013  -3.4005176111369902E-014   7.8852634605552918E-003  0.78539816362926285     
  -3.8635761256955448E-014   5.6843418860808015E-014  -4.6086747967184877E-014   8.3215708619170936E-003  0.78539816362926218     
   8.4376949871511897E-015   7.8159700933611020E-014  -4.7773394884879164E-014   8.7135019313466788E-003  0.78539816362926240     
  -2.9087843245179101E-014  -9.9475983006414026E-014  -5.0174729684505528E-014   9.0622711174481729E-003  0.78539816362926318     
   5.7731597280508140E-015  -1.9539925233402755E-013  -6.0250534213312962E-014   9.3717815413318917E-003  0.78539816362926507     
   4.0634162701280729E-014  -2.3447910280083306E-013  -6.0279584943960295E-014   9.6479727913771907E-003  0.78539816362926773     
   6.0840221749458578E-014  -1.5276668818842154E-013  -5.9204876453719139E-014   9.8983396857088568E-003  0.78539816362927106     
   8.5931262105987116E-014  -1.2079226507921703E-013  -5.5278252084490825E-014   1.0131410962287646E-002  0.78539816362927517     
   7.4162898044960457E-014  -1.0658141036401503E-014  -4.8712842022572726E-014   1.0355952122072187E-002  0.78539816362927972     
   9.4591001698063337E-014  -1.5631940186722204E-013  -4.4047805139926844E-014   1.0579928676086814E-002  0.78539816362928505     
   1.0591527654923993E-013  -1.8118839761882555E-013  -4.6374357380152033E-014   1.0809574683724676E-002  0.78539816362929105     
   1.1213252548714081E-013  -1.3145040611561853E-013  -4.3485837983203237E-014   1.1048961250328837E-002  0.78539816362929749     
   3.3084646133829665E-014  -4.2632564145606011E-013  -4.7671095153705810E-014   1.1300181469296344E-002  0.78539816362930459     
   5.9063864910058328E-014  -2.8066438062523957E-013  -5.8235187343251835E-014   1.1563880783371561E-002  0.78539816362931192     
   2.2870594307278225E-014  -1.7763568394002505E-013  -6.3376728324257236E-014   1.1839681432752380E-002  0.78539816362932002     
   5.8175686490358203E-014  -1.5631940186722204E-013  -6.9714520073428568E-014   1.2126218658152998E-002  0.78539816362932835     
   7.0166095156309893E-014   4.2632564145606011E-014  -7.2217438878289422E-014   1.2420874016606520E-002  0.78539816362933734     
   5.1958437552457326E-014  -9.9475983006414026E-014  -6.2871064100454569E-014   1.2719549291426269E-002  0.78539816362934700     
   6.5503158452884236E-014  -3.5527136788005009E-014  -5.5144742384500742E-014   1.3016773317980013E-002  0.78539816362935722     
   2.6423307986078726E-014   4.2632564145606011E-014  -4.2394197960417078E-014   1.3306146383754047E-002  0.78539816362936787     
   1.2434497875801753E-014   1.7763568394002505E-014  -4.3023913679264647E-014   1.3580870240282206E-002  0.78539816362938009     
   1.8651746813702630E-014   1.2434497875801753E-013  -4.1308122027985661E-014   1.3834105344666225E-002  0.78539816362939263     
  -3.1086244689504383E-014   1.0302869668521453E-013  -3.8852693408600554E-014   1.4059122646774558E-002  0.78539816362940629     
  -1.7985612998927536E-014   1.4566126083082054E-013  -4.3632193534095230E-014   1.4249449965408001E-002  0.78539816362942116     
   1.7763568394002505E-015   4.2632564145606011E-014  -4.7045000399826409E-014   1.4399233244347664E-002  0.78539816362943671     
  -3.5527136788005009E-014   1.2789769243681803E-013  -5.1465717761123964E-014   1.4503823848190711E-002  0.78539816362945358     
  -1.0658141036401503E-014   1.7053025658242404E-013  -5.4780804060306928E-014   1.4560356039893696E-002  0.78539816362947157     
   1.3766765505351941E-014  -1.4210854715202004E-013  -5.0133639789258723E-014   1.4568013206396557E-002  0.78539816362949044     
   2.7311486405778851E-014   3.5527136788005009E-014  -4.6225550130424811E-014   1.4527849226884881E-002  0.78539816362951087     
  -9.7699626167013776E-015  -1.4566126083082054E-013  -4.3018805625488395E-014   1.4442282665519057E-002  0.78539816362953196     
  -1.7763568394002505E-014  -1.5276668818842154E-013  -3.8060868617247395E-014   1.4314510809635528E-002  0.78539816362955461     
  -4.4186876380081230E-014  -3.7303493627405260E-013  -3.2997206382077865E-014   1.4148020435051589E-002  0.78539816362957826     
  -7.0610184366159956E-014  -1.8474111129762605E-013  -3.9168146929119293E-014   1.3946205764593267E-002  0.78539816362960291     
  -8.8817841970012523E-014  -2.2026824808563106E-013  -3.4643549982769311E-014   1.3712010727871649E-002  0.78539816362962855     
  -8.4376949871511897E-014  -7.8159700933611020E-014  -4.0108733172182076E-014   1.3447564791241096E-002  0.78539816362965487     
  -8.4376949871511897E-014  -3.5527136788005009E-014  -4.0251792195747451E-014   1.3153898356011662E-002  0.78539816362968229     
  -1.0502709812953981E-013  -2.2026824808563106E-013  -4.6204773156669594E-014   1.2830864257234009E-002  0.78539816362971071     
  -8.7263529735537304E-014  -1.4210854715202004E-014  -5.7496451701175036E-014   1.2477298872109466E-002  0.78539816362973991     
  -6.7279515292284486E-014  -8.1712414612411521E-014  -5.4165979872995637E-014   1.2091308821447710E-002  0.78539816362976977     
  -3.7747582837255322E-014  -2.1316282072803006E-013  -5.6844334106354823E-014   1.1670501300693359E-002  0.78539816362980053     
  -3.3306690738754696E-015   5.3290705182007514E-014  -5.3503034289804420E-014   1.1212047669445613E-002  0.78539816362983217     
  -3.7747582837255322E-015  -9.2370555648813024E-014  -5.5854840426990014E-014   1.0712615415362614E-002  0.78539816362986437     
   4.4408920985006262E-016  -7.4606987254810520E-014  -5.2602253061979542E-014   1.0168300034427591E-002  0.78539816362989789     
   1.2656542480726785E-014   1.4210854715202004E-014  -4.9871161485786306E-014   9.5746694947515532E-003  0.78539816362993231     
  -9.9920072216264089E-015   7.1054273576010019E-015  -5.2758089445940713E-014   8.9269398053454796E-003  0.78539816362996751     
   3.8857805861880479E-014   1.5987211554602254E-013  -4.6164366177241885E-014   8.2202238816131423E-003  0.78539816363000370     
   7.2164496600635175E-014   7.1054273576010019E-014  -5.1888241071832489E-014   7.4497904053000830E-003  0.78539816363004111     
   4.6629367034256575E-014  -5.6843418860808015E-014  -5.2206701011144516E-014   6.6113080804783841E-003  0.78539816363007964     
   8.4376949871511897E-014   1.9184653865522705E-013  -6.2065116066310855E-014   5.7010712620756965E-003  0.78539816363011905     
   8.8151708155237429E-014   2.3092638912203256E-013  -6.8662154492929971E-014   4.7161795525223760E-003  0.78539816363016002     
   1.0591527654923993E-013   2.5579538487363607E-013  -6.1484342341244385E-014   3.6546109107845892E-003  0.78539816363020187     
   7.9269923958236177E-014   1.5276668818842154E-013  -6.9437348963427446E-014   2.5151359657575034E-003  0.78539816363024506     
   1.0125233984581428E-013   6.0396132539608516E-014  -6.5143390440304023E-014   1.2970795188854342E-003  0.78539816363028936     
   5.6843418860808015E-014   9.9475983006414026E-014  -5.7362388063515666E-014  -2.1766567840265472E-016  0.78539816363033521     
