 force-1force-2force-3workmass
  -8.8817841970012523E-015  -8.8817841970012523E-016  -2.1618456724884375E-014   0.0000000000000000       0.78539909798813157     
  -1.7896795156957523E-013  -1.2053435808696555E-003  -2.0868263454703576E-014  -1.7989752944480792E-007  0.78539909798813157     
   1.1990408665951691E-013  -5.5184188920409660E-003  -2.0979168282847069E-014  -3.2779408218727626E-006  0.78539909798813179     
   1.1146639167236572E-013  -1.2238356576286691E-002  -2.2781288349163569E-014  -1.6273954657316549E-005  0.78539909798813157     
   1.7275070263167436E-013  -2.1604335107119788E-002  -2.2835267052098539E-014  -5.0813396171934914E-005  0.78539909798813157     
  -2.0516921495072893E-013  -3.3924647404831809E-002  -2.0744212814815045E-014  -1.2403699207392399E-004  0.78539909798813090     
  -6.5281113847959205E-014  -4.9062299322676139E-002  -1.9915052277462338E-014  -2.5698832385216003E-004  0.78539909798813123     
   2.2426505097428162E-013  -6.6945137352804274E-002  -2.2596998771961953E-014  -4.7482512295912369E-004  0.78539909798812890     
  -3.1974423109204508E-014  -8.7577539344492639E-002  -2.4372241439698814E-014  -8.0711460259884349E-004  0.78539909798812968     
   1.4788170688007085E-013 -0.11097917236154986       -2.0833047956411972E-014  -1.2877190817041292E-003  0.78539909798812402     
   1.7985612998927536E-013 -0.13721320770641565       -2.5547105458645169E-014  -1.9552882098163582E-003  0.78539909798812602     
   3.5527136788005009E-014 -0.16632927327440550       -2.7038058049773220E-014  -2.8528381128843372E-003  0.78539909798811502     
   6.7057470687359455E-014 -0.19823444677503543       -2.4112111493012393E-014  -4.0249522073203675E-003  0.78539909798811847     
   2.2204460492503131E-015 -0.23260008427263967       -2.4133779383793025E-014  -5.5131453474511483E-003  0.78539909798810248     
   3.0642155479654321E-014 -0.26884262377522727       -2.1526457236607802E-014  -7.3506950192623044E-003  0.78539909798810648     
   1.3322676295501878E-015 -0.30616634197807446       -2.2493451366415425E-014  -9.5581304886280249E-003  0.78539909798808827     
   1.3944401189291966E-013 -0.34365578044807110       -2.5434586109607849E-014  -1.2140671411669343E-002  0.78539909798809160     
   5.1514348342607263E-014 -0.38038953078559512       -2.4929511454909863E-014  -1.5088245835993233E-002  0.78539909798807628     
  -1.1546319456101628E-013 -0.41553796881765148       -2.3454446801170917E-014  -1.8377582208929488E-002  0.78539909798807794     
   5.2846615972157451E-014 -0.44842317723545611       -2.6605946344788834E-014  -2.1975314117806344E-002  0.78539909798807095     
   1.8740564655672642E-013 -0.47853599570558369       -2.6041155262916639E-014  -2.5840943768101643E-002  0.78539909798806951     
  -1.2523315717771766E-013 -0.50551731956282842       -2.4878013853145939E-014  -2.9928773766727507E-002  0.78539909798807495     
   1.0613732115416497E-013 -0.52912061797039867       -2.4796267744768423E-014  -3.4188599609539155E-002  0.78539909798807717     
  -1.3189449532546860E-013 -0.54917555604701374       -2.2042441424902284E-014  -3.8565716129512623E-002  0.78539909798807739     
  -2.1316282072803006E-014 -0.56556778226331739       -2.2977942905197888E-014  -4.3001249621044096E-002  0.78539909798807739     
  -3.5083047578154947E-014 -0.57824123926978332       -2.7048102297570529E-014  -4.7433851658849308E-002  0.78539909798807739     
   7.8603790143461083E-014 -0.58721990251288236       -2.4991086118399410E-014  -5.1803365359881393E-002  0.78539909798807761     
   1.0214051826551440E-014 -0.59263854648594894       -2.3231605314912586E-014  -5.6056346675376290E-002  0.78539909798807739     
   6.6613381477509392E-015 -0.59476919578868692       -2.4427322954583996E-014  -6.0152577385284234E-002  0.78539909798807761     
   1.9984014443252818E-014 -0.59403180709963754       -2.3117199395455571E-014  -6.4071231158104092E-002  0.78539909798807706     
  -3.3795188869589765E-013 -0.59098321952548050       -2.5415401577434800E-014  -6.7815324440548719E-002  0.78539909798807761     
  -1.0835776720341528E-013 -0.58628531351687485       -2.6223121339968411E-014  -7.1413508612222010E-002  0.78539909798807772     
   1.6564527527407336E-013 -0.58065923111375506       -2.8397897608520642E-014  -7.4918976635220902E-002  0.78539909798807761     
  -6.1284310959308641E-014 -0.57483561456638022       -2.8312011675796541E-014  -7.8405997028914487E-002  0.78539909798807728     
   6.6169292267659330E-014 -0.56951046691155671       -2.6431375306547217E-014  -8.1965085418844841E-002  0.78539909798807761     
  -2.6645352591003757E-015 -0.56531302423511587       -2.2818229116953420E-014  -8.5697921267642418E-002  0.78539909798807739     
  -4.7517545453956700E-014 -0.56278742038821994       -2.1902407941847391E-014  -8.9712817109244947E-002  0.78539909798807739     
  -2.9753977059954195E-014 -0.56238563696830957       -2.7181785888566866E-014  -9.4121000799424759E-002  0.78539909798807728     
   1.4965806371947110E-013 -0.56446661923055430       -2.3564753310455990E-014  -9.9033410477523676E-002  0.78539909798807717     
  -2.5091040356528538E-013 -0.56929609570304596       -1.9718587935826839E-014 -0.10455734790889393       0.78539909798807739     
   1.3322676295501878E-013 -0.57704331761018590       -1.9564511268981597E-014 -0.11079231698115710       0.78539909798807717     
   1.5543122344752192E-014 -0.58777375289841993       -2.8625781036580600E-014 -0.11782468567570115       0.78539909798807750     
  -1.7319479184152442E-014 -0.60143959690035897       -2.9975366567500278E-014 -0.12572132469846964       0.78539909798807728     
   3.4638958368304884E-014 -0.61787181955957493       -2.9302725679332397E-014 -0.13452289808655649       0.78539909798807706     
   6.2616578588858829E-014 -0.63677783137102528       -2.5199845263586911E-014 -0.14423782013951458       0.78539909798807728     
   1.4654943925052066E-014 -0.65774775253463780       -3.1387697991901709E-014 -0.15483793187010642       0.78539909798807717     
  -1.7186252421197423E-013 -0.68027022311112884       -2.9333050282378472E-014 -0.16625668198791366       0.78539909798807717     
  -8.5265128291212022E-014 -0.70375645348166227       -3.0378343192031616E-014 -0.17839012115877784       0.78539909798807706     
   1.7363888105137448E-013 -0.72756950810711007       -2.8027169262802539E-014 -0.19110049672138074       0.78539909798807706     
  -5.1958437552457326E-014 -0.75105510050459268       -2.4703229922680976E-014 -0.20422183330728105       0.78539909798807717     
   7.0610184366159956E-014 -0.77357053286319788       -2.2518353340254671E-014 -0.21756671236777381       0.78539909798807728     
   1.5365486660812167E-013 -0.79450956582379018       -2.4884139592927442E-014 -0.23093354079408224       0.78539909798807728     
  -1.2789769243681803E-013 -0.81332246343620662       -2.5002555906651421E-014 -0.24411385746559744       0.78539909798807706     
  -1.3544720900426910E-013 -0.82953171191249853       -2.3790582575109026E-014 -0.25689954230853496       0.78539909798807717     
   1.0924594562311540E-013 -0.84274459272328706       -2.0280518691131488E-014 -0.26909003394573205       0.78539909798807717     
  -1.4122036873231991E-013 -0.85266378201145976       -2.5727695407639089E-014 -0.28049973853858079       0.78539909798807739     
  -2.2204460492503131E-014 -0.85909658093649055       -2.3058690961506573E-014 -0.29096570280421741       0.78539909798807717     
   1.3322676295501878E-015 -0.86196255840202740       -2.8122911281765396E-014 -0.30035537877861662       0.78539909798807717     
   3.2418512319054571E-014 -0.86129865830974506       -2.6377917403505480E-014 -0.30857402511800114       0.78539909798807750     
  -1.9095836023552692E-014 -0.85726046198189465       -2.6638085941651112E-014 -0.31557107790781203       0.78539909798807739     
   1.4832579608992091E-013 -0.85011841970556601       -2.9003178030401732E-014 -0.32134476264870293       0.78539909798807772     
  -3.1752378504279477E-013 -0.84024841552367802       -2.5681158864278621E-014 -0.32594433392155397       0.78539909798807761     
  -6.0840221749458578E-014 -0.82811681450650809       -2.4137609124276421E-014 -0.32946958711867258       0.78539909798807739     
   2.6556534749033744E-013 -0.81426091524863820       -2.3601751590585534E-014 -0.33206761158689524       0.78539909798807739     
   1.6830981053317373E-013 -0.79926627783395521       -2.5046497472530971E-014 -0.33392705674880352       0.78539909798807750     
  -1.1945999744966684E-013 -0.78374260090713799       -2.7936630542942044E-014 -0.33527038949430921       0.78539909798807739     
  -9.3258734068513149E-015 -0.76829968328985876       -2.3671894709622120E-014 -0.33634469875127171       0.78539909798807750     
   7.4606987254810520E-014 -0.75352463112387946       -2.7370717104877352E-014 -0.33741156389423166       0.78539909798807761     
  -1.3766765505351941E-013 -0.73996101931475700       -2.4873558891353339E-014 -0.33873639557783242       0.78539909798807761     
   3.4861002973229915E-013 -0.72809033896947906       -2.9766551473679203E-014 -0.34057754370165894       0.78539909798807750     
  -1.1679546219056647E-013 -0.71831585854910251       -2.9487321466829631E-014 -0.34317540142183400       0.78539909798807761     
  -3.7303493627405260E-014 -0.71094901487148165       -2.7684438155515847E-014 -0.34674174294882087       0.78539909798807761     
  -1.3766765505351941E-013 -0.70619857722651291       -2.5203592350386101E-014 -0.35144960873685438       0.78539909798807750     
   1.7408297026122455E-013 -0.70416299576145258       -2.6960001287649375E-014 -0.35742415857031640       0.78539909798807761     
  -3.8635761256955448E-013 -0.70482645145567835       -3.0261146083367903E-014 -0.36473500175218532       0.78539909798807750     
   3.8014036363165360E-013 -0.70805909790260246       -2.5610136944799456E-014 -0.37339053990957582       0.78539909798807761     
  -3.4194869158454821E-014 -0.71362180518468810       -2.6509582984080829E-014 -0.38333479784745128       0.78539909798807772     
  -2.7533531010703882E-014 -0.72117541617784875       -3.0004386975967678E-014 -0.39444707417232561       0.78539909798807739     
   3.4194869158454821E-014 -0.73029417539997210       -2.5362600138534793E-014 -0.40654454332670986       0.78539909798807739     
   2.2604140781368187E-013 -0.74048266979047961       -2.5519946835700624E-014 -0.41938772505123612       0.78539909798807761     
   6.0840221749458578E-014 -0.75119539387428835       -2.6097513003796532E-014 -0.43268854687159131       0.78539909798807739     
  -1.1768364061026659E-013 -0.76185795010403723       -2.9785167753951309E-014 -0.44612058844895808       0.78539909798807761     
   2.3536728122053319E-014 -0.77188891203314780       -2.7912118833441393E-014 -0.45933102243921220       0.78539909798807761     
  -1.3944401189291966E-013 -0.78072147763322430       -3.2393546881793510E-014 -0.47195374526368794       0.78539909798807728     
   1.4033219031261979E-013 -0.78782417306724195       -2.9459729228320472E-014 -0.48362320076913279       0.78539909798807750     
   3.9523939676655573E-014 -0.79271998896211393       -2.5772262375715715E-014 -0.49398841562167317       0.78539909798807739     
  -1.8296475445822580E-013 -0.79500341589829304       -2.4959059784047333E-014 -0.50272677007061661       0.78539909798807750     
   3.3395508580724709E-013 -0.79435489094033684       -2.3821977737208972E-014 -0.50955701636744766       0.78539909798807750     
  -1.5143442055887135E-013 -0.79055219116421638       -2.5529594645683850E-014 -0.51425103814355766       0.78539909798807761     
  -1.6697754290362354E-013 -0.78347834220335910       -2.9772892599924798E-014 -0.51664383472034858       0.78539909798807739     
   1.3367085216486885E-013 -0.77312567719765157       -2.8781162323217313E-014 -0.51664123378733162       0.78539909798807761     
   1.6164847238542279E-013 -0.75959580008561112       -1.9142978549795801E-014 -0.51422489807660843       0.78539909798807761     
  -3.2862601528904634E-014 -0.74309537582771723       -2.8588160457583127E-014 -0.50945430014147175       0.78539909798807750     
   2.0872192862952943E-013 -0.72392787205913312       -3.1052315056327481E-014 -0.50246548627651899       0.78539909798807761     
  -1.8962609260597674E-013 -0.70248158513931447       -3.1177446795152436E-014 -0.49346661926013136       0.78539909798807783     
  -8.8817841970012523E-016 -0.67921447033022853       -2.5536093267053960E-014 -0.48273045933501058       0.78539909798807794     
   1.1679546219056647E-013 -0.65463643887418010       -3.0030115302005809E-014 -0.47058409481182695       0.78539909798807805     
  -1.0436096431476471E-013 -0.62928987350624288       -2.9038280764953783E-014 -0.45739635543110913       0.78539909798807783     
   3.4638958368304884E-014 -0.60372914963420232       -2.7715359137291784E-014 -0.44356342861113918       0.78539909798807783     
   7.5495165674510645E-015 -0.57849994271503480       -2.1533681478789557E-014 -0.42949325384516968       0.78539909798807783     
   2.7977620220553945E-014 -0.55411906801553146       -2.9166234429658759E-014 -0.41558930101164959       0.78539909798807805     
  -2.7178259642823832E-013 -0.53105555005666050       -2.2091729275253476E-014 -0.40223435171000332       0.78539909798807783     
   7.0166095156309893E-014 -0.50971356387995082       -2.3440632397655630E-014 -0.38977490401761461       0.78539909798807761     
  -1.1679546219056647E-013 -0.49041782982427318       -2.4427616356806574E-014 -0.37850681054306534       0.78539909798807772     
  -6.2616578588858829E-014 -0.47340197373078041       -2.1987374210129033E-014 -0.36866273384679316       0.78539909798807794     
  -1.4788170688007085E-013 -0.45880027848896132       -2.5228897822196280E-014 -0.36040195626178217       0.78539909798807783     
   2.6245672302138701E-013 -0.44664314506253699       -2.6877423266006515E-014 -0.35380300764354811       0.78539909798807805     
   7.6827433304060833E-014 -0.43685644996636341       -2.1591275719226080E-014 -0.34885947232262238       0.78539909798807783     
  -5.1203485895712220E-013 -0.42926483540206162       -2.4142155917280909E-014 -0.34547920776894214       0.78539909798807805     
   2.4868995751603507E-014 -0.42359880690635121       -2.2909438112860443E-014 -0.34348705924631284       0.78539909798807794     
  -1.3855583347321954E-013 -0.41950535313919879       -2.1677430312669050E-014 -0.34263099717643586       0.78539909798807805     
   1.7319479184152442E-013 -0.41656165589191696       -2.9296678272569963E-014 -0.34259144882980808       0.78539909798807794     
  -1.2212453270876722E-013 -0.41429133578929278       -2.7067730792928250E-014 -0.34299345406529635       0.78539909798807805     
  -1.5010215292932116E-013 -0.41218258701606514       -2.6992707501859347E-014 -0.34342115434793019       0.78539909798807783     
   3.7303493627405260E-014 -0.40970749505336856       -2.3541291161324836E-014 -0.34343403006852924       0.78539909798807805     
  -1.8518520050747611E-013 -0.40634180368796979       -2.9618219979183093E-014 -0.34258423505305480       0.78539909798807805     
   1.3633538742396922E-013 -0.40158439777022670       -2.2799706863423483E-014 -0.34043433835295822       0.78539909798807783     
   1.5010215292932116E-013 -0.39497579241961844       -2.2167910261835985E-014 -0.33657477049640816       0.78539909798807805     
  -8.1268325402561459E-014 -0.38611496412832214       -2.3543845843575643E-014 -0.33064028277215263       0.78539909798807817     
   1.5942802633617248E-013 -0.37467392226382401       -1.8499171588340870E-014 -0.32232476285056499       0.78539909798807828     
   2.2692958623338200E-013 -0.36040950008252448       -2.3527697050951983E-014 -0.31139380807129813       0.78539909798807805     
  -4.5385917246676399E-013 -0.34317194193186928       -2.3065486607910143E-014 -0.29769453880810115       0.78539909798807783     
   1.8163248682867561E-013 -0.32290997721816517       -2.7985809114096168E-014 -0.28116223790354189       0.78539909798807805     
   6.7057470687359455E-014 -0.29967219971785442       -2.7369033134957281E-014 -0.26182352597544156       0.78539909798807783     
   1.6697754290362354E-013 -0.27360470920943003       -2.7719845592788628E-014 -0.23979592250183668       0.78539909798807783     
  -8.5265128291212022E-014 -0.24494511555230947       -2.7253395302226927E-014 -0.21528379296590172       0.78539909798807772     
  -2.4469315462738450E-013 -0.21401314638719038       -2.4160213516188130E-014 -0.18857083551839260       0.78539909798807805     
   3.7658764995285310E-013 -0.18119823136841484       -1.7864045823429528E-014 -0.16000940848732936       0.78539909798807761     
   5.1825210789502307E-013 -0.14694455133369466       -2.2605707806563595E-014 -0.13000713456876456       0.78539909798807805     
  -3.2862601528904634E-013 -0.11173413465822657       -2.2510537195879494E-014  -9.9011331880636710E-002  0.78539909798807794     
  -1.1146639167236572E-013  -7.6068651342399374E-002  -2.4115726266294162E-014  -6.7491910903538344E-002  0.78539909798807783     
  -3.5926817076870066E-013  -4.0450596464961297E-002  -2.1699245575911929E-014  -3.5923436497148131E-002  0.78539909798807794     
   8.3488771451811772E-014  -5.3645683221108520E-003  -2.6630009975692255E-014  -4.7670841606648473E-003  0.78539909798807828     
  -1.3766765505351941E-013   2.8740665885117700E-002  -2.2421894468920338E-014   2.5546780351807019E-002  0.78539909798807805     
   3.7214675785435247E-013   6.1468660567483013E-002  -2.3317232497733424E-014   5.4634697822911971E-002  0.78539909798807828     
  -6.2883032114768866E-013   9.2489740572042400E-002  -2.4548307031983509E-014   8.2174244193865320E-002  0.78539909798807794     
   1.8651746813702630E-013  0.12155288834270817       -1.9504824392388686E-014  0.10791562669376420       0.78539909798807794     
  -1.1191048088221578E-013  0.14849464434920057       -1.7823415904143773E-014  0.13169028504508473       0.78539909798807805     
  -1.3766765505351941E-013  0.17324470521205182       -1.7852157321140854E-014  0.15341615572171419       0.78539909798807783     
   1.8518520050747611E-013  0.19582802524187182       -1.8439557173329988E-014  0.17309939236318694       0.78539909798807794     
  -2.1760371282653068E-014  0.21636335642969051       -2.1772523360515301E-014  0.19083248037098510       0.78539909798807805     
   3.6681768733615172E-013  0.23505829517031263       -2.8023900646291811E-014  0.20678883300793371       0.78539909798807783     
   3.3129055054814671E-013  0.25220103591013121       -2.6275004244153845E-014  0.22121410343199877       0.78539909798807794     
  -5.1603166184577276E-013  0.26814915685926355       -2.2599333399363780E-014  0.23441458514329305       0.78539909798807805     
   2.4868995751603507E-013  0.28331587529328761       -1.2386891286208966E-014  0.24674319558343072       0.78539909798807794     
  -2.2648549702353193E-014  0.29815430450568847       -1.6647823258953164E-014  0.25858363790457339       0.78539909798807805     
   2.1138646388862981E-013  0.31314031693062905       -1.5234804785103991E-014  0.27033340932557559       0.78539909798807772     
  -1.6608936448392342E-013  0.32875466556540189       -2.2420486605480631E-014  0.28238636783606186       0.78539909798807772     
   2.6956215037898801E-013  0.34546503717585253       -2.3975419647798439E-014  0.29511558079769573       0.78539909798807817     
  -2.0161650127192843E-013  0.36370870615854534       -2.0974892642681468E-014  0.30885715969253980       0.78539909798807783     
   3.6104452760810091E-013  0.38387642864483951       -2.2945830420755747E-014  0.32389573666908911       0.78539909798807772     
   2.3137047833188262E-013  0.40629816455625889       -2.3699502657966472E-014  0.34045216353924079       0.78539909798807772     
  -3.0864200084579352E-013  0.43123114374832872       -2.9154197978431428E-014  0.35867391642581037       0.78539909798807783     
  -3.8102854205135372E-013  0.45885070357002800       -2.5503749517971755E-014  0.37862857322544752       0.78539909798807805     
   1.5765166949677223E-013  0.48924422220940533       -2.8304823273820492E-014  0.40030060110018262       0.78539909798807761     
   2.2293278334473143E-013  0.52240835802867958       -1.7243386812056685E-014  0.42359155205531440       0.78539909798807772     
   2.5579538487363607E-013  0.55824968310245460       -2.7009280358978065E-014  0.44832362150338323       0.78539909798807772     
  -3.6237679523765109E-013  0.59658867312548125       -2.0310271253144309E-014  0.47424638307480649       0.78539909798807761     
  -2.1538326677728037E-013  0.63716689021010664       -2.1474185336185602E-014  0.50104637878695613       0.78539909798807761     
   1.6386891843467311E-013  0.67965707487092919       -3.6684964191040229E-014  0.52835912317671818       0.78539909798807761     
  -3.3617553185649740E-013  0.72367575370620818       -2.8141556541441452E-014  0.55578297884636818       0.78539909798807761     
   5.2891024893142458E-013  0.76879787498877628       -2.6928101574336679E-014  0.58289428423932943       0.78539909798807783     
  -5.5466742310272821E-013  0.81457290994083298       -2.1790182270109798E-014  0.60926306628188209       0.78539909798807761     
   1.9007018181582680E-013  0.86054180588754914       -2.1908405264493782E-014  0.63446865292737709       0.78539909798807761     
   6.9011463210699731E-013  0.90625415072689020       -2.8969252898267454E-014  0.65811451422465161       0.78539909798807783     
  -1.7763568394002505E-013  0.95128490658682807       -3.3043899700400740E-014  0.67984170402293964       0.78539909798807772     
   7.2386541205560206E-014  0.99525009312131152       -3.3126122601986747E-014  0.69934034493429831       0.78539909798807772     
  -1.6342482922482304E-013   1.0378208458392670       -2.5836675655812318E-014  0.71635869284788223       0.78539909798807783     
   3.2285285556099552E-013   1.0787353397909567       -2.8088199800478787E-014  0.73070942952623885       0.78539909798807761     
   3.3795188869589765E-013   1.1178081508373339       -2.2404706206210338E-014  0.74227295735851673       0.78539909798807761     
  -4.6451731350316550E-013   1.1549367227215934       -2.8495850909402683E-014  0.75099760394971438       0.78539909798807783     
  -4.0545344859310717E-013   1.1901047155307753       -1.2283579160112458E-014  0.75689678071366795       0.78539909798807783     
   2.5091040356528538E-013   1.2233821262752116       -1.9043148729788585E-014  0.76004327329823940       0.78539909798807783     
   1.6031620475587260E-013   1.2549221916572666       -3.0795220060311869E-014  0.76056096705073006       0.78539909798807794     
  -2.8910207561239076E-013   1.2849552031186513       -1.6199992220377477E-014  0.75861442272759394       0.78539909798807783     
  -2.0738966099997924E-013   1.3137794796692095       -9.8323205574433392E-015  0.75439681059130193       0.78539909798807794     
  -1.8873791418627661E-013   1.3417498506807530       -1.7558828632321909E-014  0.74811678074436361       0.78539909798807794     
  -1.2123635428906709E-013   1.3692640939759801       -1.5398904001882659E-014  0.73998489030299197       0.78539909798807805     
  -8.3000273320976703E-013   1.3967478497232464       -1.4638475502406279E-014  0.73020022136541085       0.78539909798807828     
   7.2208905521620181E-013   1.4246385851100314       -2.6053564850005958E-014  0.71893780726178624       0.78539909798807805     
  -1.1102230246251565E-013   1.4533692159568106       -1.9450237229340403E-014  0.70633743895500012       0.78539909798807828     
  -1.1457501614131615E-013   1.4833519989553330       -2.1365783563955402E-014  0.69249435143830040       0.78539909798807828     
   2.1493917756743031E-013   1.5149632924433605       -2.1368477168947700E-014  0.67745219533506207       0.78539909798807805     
   3.4283687000424834E-013   1.5485297458317695       -1.9738856569454984E-014  0.66119858639153772       0.78539909798807794     
  -4.0545344859310717E-013   1.5843164205767337       -1.4358934458077099E-014  0.64366340082054418       0.78539909798807794     
  -2.1405099914773018E-013   1.6225172709398001       -2.7086972893016893E-014  0.62471985297653121       0.78539909798807828     
  -6.4392935428259079E-014   1.6632483239335638       -2.9570164800155181E-014  0.60418825965545198       0.78539909798807805     
  -1.2434497875801753E-014   1.7065437973857009       -2.1475854093615842E-014  0.58184226799510608       0.78539909798807828     
   3.7081449022480228E-013   1.7523552863045970       -1.4888408843550034E-014  0.55741720715234111       0.78539909798807850     
  -2.3492319201068312E-013   1.8005540338924440       -2.9033023095758982E-014  0.53062012281853710       0.78539909798807828     
  -3.4194869158454821E-014   1.8509361886648543       -2.0470588835405177E-014  0.50114097308099870       0.78539909798807828     
  -9.2370555648813024E-014   1.9032308373179347       -2.1776642142163150E-014  0.46866440818931354       0.78539909798807828     
   1.0080825063596421E-013   1.9571104986357661       -2.9418173520588885E-014  0.43288152853024708       0.78539909798807828     
  -3.9968028886505635E-015   2.0122036716217688       -2.3666234891425998E-014  0.39350101646224844       0.78539909798807805     
   6.3238303482648917E-013   2.0681089548770930       -2.3395084034318512E-014  0.35025906881588559       0.78539909798807872     
  -1.6342482922482304E-013   2.1244101976044836       -2.1206649036719370E-014  0.30292761661465556       0.78539909798807850     
  -5.4134474680722633E-013   2.1806921076678529       -2.3531148143888911E-014  0.25132040402449590       0.78539909798807850     
   3.0864200084579352E-013   2.2365557298901435       -3.3444428531388398E-014  0.19529660547293098       0.78539909798807839     
   1.1413092693146609E-013   2.2916332181291788       -3.1788824484135770E-014  0.13476178302529401       0.78539909798807828     
  -5.3423931944962533E-013   2.3456013563685869       -4.6033043893250530E-014   6.9666119485153319E-002  0.78539909798807850     
  -1.1324274851176597E-013   2.3981933352669405       -3.0200489503096213E-014  -1.1715129616590165E-014  0.78539909798807828     
