 force-1force-2force-3workmass
   6.0004727866972918E-002  -2.2630786133959191E-012   1.1412480241414567E-014   0.0000000000000000        35303.151700739028     
   6.0004726830812816E-002   3.9798234574774938E-003   1.1129444674110467E-014  -9.9669242844407924E-006   35303.151700739007     
   6.0005568117016017E-002   1.5325042154454849E-002   1.1106459526698612E-014  -1.4644440777819914E-004   35303.151700738672     
   6.0013056343744986E-002   3.3290825419825865E-002   1.1356614688818811E-014  -6.8063659333839066E-004   35303.151700734539     
   6.0042761456405802E-002   5.7229486127468476E-002   1.1494665086796060E-014  -1.9715111502698196E-003   35303.151700707494     
   6.0123441507980324E-002   8.6568822578708904E-002   1.1150288484856166E-014  -4.4031885798800352E-003   35303.151700603245     
   6.0299038820974871E-002  0.12079200969059656        1.0963382904521075E-014  -8.3372891912709690E-003   35303.151700289556     
   6.0629492594463041E-002  0.15942725529106383        1.0740116405372385E-014  -1.4078820520595947E-002   35303.151699497714     
   6.1190568787531707E-002  0.20204569748254642        1.0322289184735975E-014  -2.1854158581087857E-002   35303.151697806708     
   6.2072959626630175E-002  0.24826522399605722        1.0250772027112618E-014  -3.1799917480777595E-002   35303.151694757784     
   6.3380867248108180E-002  0.29775570524116901        9.7815682994167088E-015  -4.3961397439197913E-002   35303.151690121631     
   6.5230334635173332E-002  0.35024263504654130        9.1750837654553488E-015  -5.8299037732503445E-002   35303.151684104305     
   6.7747566110115676E-002  0.40550844846768541        8.6138695979130225E-015  -7.4701209722413342E-002   35303.151677219430     
   7.1067500178051357E-002  0.46339175284009571        8.4139405658592560E-015  -9.3001731066754245E-002   35303.151669914769     
   7.5332837113678941E-002  0.52378510395255518        8.2217820313711741E-015 -0.11300062754433426        35303.151662421631     
   8.0693655064345449E-002  0.58663217301210935        7.8642632264882420E-015 -0.13448693564442205        35303.151654857342     
   8.7307695652462769E-002  0.65192445447872771        6.9757446669911583E-015 -0.15726241352362225        35303.151647317849     
   9.5341413214131476E-002  0.71969380565403185        7.0684454156901751E-015 -0.18116353758081960        35303.151639893578     
  0.10497169529990846       0.78999320838176956        7.2259237940197494E-015 -0.20607623564576971        35303.151632669120     
  0.11638755958448521       0.86286394590070969        7.5049015016735675E-015 -0.23193831479451288        35303.151625726015     
  0.12979070333039133       0.93830183116567056        6.9503238522077138E-015 -0.25873177271718517        35303.151619145749     
  0.14539435622737140        1.0162405039095788        7.1935990119294616E-015 -0.28647414652252468        35303.151613011840     
  0.16342096574376397        1.0965571819355979        7.9601585956292481E-015 -0.31521531877139197        35303.151607411448     
  0.18409954776609383        1.1790905609328277        8.2455437163258886E-015 -0.34503690770183604        35303.151602436337     
  0.20766304752302944        1.2636585862577903        9.0640687860622201E-015 -0.37604733456791983        35303.151598183038     
  0.23434583749848126        1.3500721906300015        9.4468202599665017E-015 -0.40836980445488003        35303.151594752417     
  0.26438162818963162        1.4381460978719609        1.0820364129991956E-014 -0.44212546911350259        35303.151592248585     
  0.29800210189851328        1.5277065397672693        1.2832707402735737E-014 -0.47741625344380534        35303.151590777416     
  0.33543652350904551        1.6185943662599556        1.3656421368543844E-014 -0.51431074173404046        35303.151590444511     
  0.37691207242624980        1.7106622867695798        1.4619500691220436E-014 -0.55283238461639561        35303.151591353511     
  0.42265378679884114        1.8037656723414450        1.5266144201467200E-014 -0.59294820197236042        35303.151593604474     
  0.47288306360455890        1.8977485508701655        1.6956571842014716E-014 -0.63455954297559458        35303.151597292672     
  0.52781465987371146        1.9924295130459768        1.9128810496518983E-014 -0.67749719652842844        35303.151602507496     
  0.58765272052262585        2.0875921514642286        2.0341997617685900E-014 -0.72152070791186818        35303.151609332170     
  0.65258609747608975        2.1829805424121940        2.3784832912241977E-014 -0.76632127324130961        35303.151617842494     
  0.72278296311476620        2.2782972363465532        2.4268699666963330E-014 -0.81152862562111849        35303.151628106410     
  0.79838491960015912        2.3732023189240525        2.5661972704930992E-014 -0.85672182536417552        35303.151640184224     
  0.87950103191020457        2.4673141693070733        2.7474513836355327E-014 -0.90144238654370668        35303.151654126748     
  0.96620200561577541        2.5602122637897260        2.7695942119998665E-014 -0.94520777717593596        35303.151669983607     
   1.0585143192274042        2.6514409118569109        2.8427473293851702E-014 -0.98752414936399813        35303.151687775222     
   1.1564141146348152        2.7405127742402300        3.0317090153731652E-014  -1.0278980719065167        35303.151707500256     
   1.2598209995271139        2.8269122042970878        3.2605124360241196E-014  -1.0658470778033924        35303.151729356628     
   1.3685923314730575        2.9100995641922331        3.1823222280229146E-014  -1.1009087322975524        35303.151753345861     
   1.4825183803554891        2.9895172134247563        3.3543419473243253E-014  -1.1326475956698818        35303.151778606465     
   1.6013186804314623        3.0645973512528695        3.5348423543731797E-014  -1.1606603131863111        35303.151805545327     
   1.7246397443525714        3.1347712576795868        3.7085703235025052E-014  -1.1845795821142158        35303.151837285361     
   1.8520543480747769        3.1994794084456473        4.0277471244962958E-014  -1.2040776989046780        35303.151872854760     
   1.9830634148630466        3.2581831503234433        3.8407446842322504E-014  -1.2188708754723057        35303.151903131424     
   2.1171004252932679        3.3103773190122148        3.8471743404844717E-014  -1.2287227075061051        35303.151926199251     
   2.2535380740268742        3.3556031714637111        3.9269510965430240E-014  -1.2334460856722314        35303.151961328767     
   2.3916955315735162        3.3934592672569082        4.0013700734530074E-014  -1.2329024318102064        35303.152026728640     
   2.5308447841800898        3.4236084039841508        4.3480851496385581E-014  -1.2269987081339848        35303.152102697466     
   2.6702187380555333        3.4457835028359582        4.3900153467233055E-014  -1.2156879194749663        35303.152140636150     
   2.8090211514050836        3.4597926862766233        4.3890161185346264E-014  -1.1989704476394132        35303.152121216110     
   2.9464369045059531        3.4655230696470429        4.5515702751723936E-014  -1.1768910749804151        35303.152090829783     
   3.0816430667231405        3.4629443698558351        4.7378085059749164E-014  -1.1495324710441284        35303.152125781060     
   3.2138180433984012        3.4521098302071813        4.4122767365866556E-014  -1.1170039595866670        35303.152260269111     
   3.3421522416866480        3.4331569652417055        4.4521406362686477E-014  -1.0794357486626383        35303.152453151604     
   3.4658688253575445        3.4063132749849139        4.8922392102194507E-014  -1.0369919092928521        35303.152621394242     
   3.5842444571033987        3.3718976684896838        4.6634212426944950E-014 -0.98988269498901138        35303.152701950516     
   3.6966091991098864        3.3303052384469485        4.6495982221815331E-014 -0.93834664979214821        35303.152688212082     
   3.8023309207916718        3.2819846265920614        4.9457345107644731E-014 -0.88261703098436906        35303.152621427551     
   3.9008169682421290        3.2274304256085529        4.8996727225233819E-014 -0.82291922509838411        35303.152556133311     
   3.9915491162471426        3.1671947195738515        4.9817591920287241E-014 -0.75951092347594429        35303.152529599014     
   4.0741224994877552        3.1018951243221302        4.7142167797494347E-014 -0.69271685971476549        35303.152551350620     
   4.1482447978820840        3.0321975528320753        4.7846992838186666E-014 -0.62290740398665934        35303.152610271194     
   4.2136920441444872        2.9587801752961358        4.6876651440673253E-014 -0.55043466487200954        35303.152687989510     
   4.2702675565808264        2.8823065547387259        4.4670156614555743E-014 -0.47559429636294892        35303.152769169639     
   4.3178117843716972        2.8034261994606009        4.4069687243530829E-014 -0.39865967023698001        35303.152845479432     
   4.3562584759268557        2.7227917004223769        4.2881938583874794E-014 -0.31995919445142462        35303.152914728103     
   4.3856802481505621        2.6410645906575008        4.2132421379883825E-014 -0.23991875424157083        35303.152978120997     
   4.4062699773794183        2.5588939798353803        4.3011257072374472E-014 -0.15902210608249456        35303.153037803633     
   4.4182635257773661        2.4768798504147913        4.3149982591782954E-014  -7.7722442507676348E-002   35303.153095508118     
   4.4218657309085021        2.3955480967441405        4.3882956856189044E-014   3.6140001311646408E-003   35303.153152175524     
   4.4172414012983481        2.3153536117140368        4.1534685388644893E-014   8.4681084468502643E-002   35303.153208102536     
   4.4045800556031303        2.2367038715688592        4.1048238003667920E-014  0.16514407760294247        35303.153263227723     
   4.3841825875074214        2.1599798097051215        3.6778837017269386E-014  0.24456176689495623        35303.153317360120     
   4.3564959761262383        2.0855346848935223        3.7319150273887660E-014  0.32238393448782698        35303.153370301225     
   4.3220574487110692        2.0136707603656898        3.6383384948179167E-014  0.39802925850883630        35303.153421885159     
   4.2813783772606211        1.9446118829214489        3.8425908364201371E-014  0.47098489732986359        35303.153471977239     
   4.2348488656907151        1.8784930915871580        3.8509364163118309E-014  0.54085138505302499        35303.153520461055     
   4.1827353903312261        1.8153749941820143        3.7112569729481670E-014  0.60729899440994961        35303.153567228575     
   4.1252792099040221        1.7552726958871894        3.8794743293004620E-014  0.66997043859558247        35303.153612176240     
   4.0628293199793006        1.6981804941635561        3.9342913373085756E-014  0.72840586051506895        35303.153655204471     
   3.9959105816137956        1.6440787082596029        3.7968179453379202E-014  0.78205211261434582        35303.153696217967     
   3.9251627503432189        1.5929227667410566        3.5686128518817195E-014  0.83035882206462652        35303.153735125088     
   3.8511792403063119        1.5446277035078992        3.6151178682003768E-014  0.87289634056676801        35303.153771836965     
   3.7743558089792622        1.4990640870160457        3.5850459016126001E-014  0.90941245008617133        35303.153806267146     
   3.6948541468876428        1.4560724097012518        3.7404676163478726E-014  0.93979632205686225        35303.153838332299     
   3.6127024652594333        1.4154896226250853        3.4617769818081745E-014  0.96398860036856959        35303.153867953806     
   3.5279651276418633        1.3771725313746810        3.3397061206942494E-014  0.98190567565173437        35303.153895059586     
   3.4408721180171415        1.3410039556203648        3.2492238556668568E-014  0.99342507273133873        35303.153919585529     
   3.3518283993736748        1.3068797508412207        3.2109696513435130E-014  0.99843244607396031        35303.153941476005     
   3.2613070245706552        1.2746892752446390        3.0871935424488379E-014  0.99689025523284980        35303.153960683805     
   3.1697071062298878        1.2443050165695588        3.0788755528638674E-014  0.98887984303589893        35303.153977169248     
   3.0772672360407185        1.2155856178856199        2.9650321506049478E-014  0.97459485136896462        35303.153990899445     
   2.9840701053244292        1.1883833730768187        2.9010456706484788E-014  0.95429916449840080        35303.154001847273     
   2.8901115817884673        1.1625469046105996        2.8512753452567191E-014  0.92828050708112630        35303.154009990809     
   2.7953813659015232        1.1379205246745467        2.8917567729040795E-014  0.89682518483662155        35303.154015312815     
   2.6999170477604562        1.1143482814759906        3.0218995030697059E-014  0.86021930740384445        35303.154017800538     
   2.6038257157122651        1.0916834629737364        2.9650262905346481E-014  0.81876259723029787        35303.154017446082     
   2.5072855943054417        1.0697924593798196        2.8868126502562801E-014  0.77277597125628938        35303.154014246407     
   2.4105333363031072        1.0485423977289887        2.8498690922979396E-014  0.72259380496539682        35303.154008204307     
   2.3138263956458882        1.0277770564917561        2.9912200091163698E-014  0.66854352443764009        35303.153999326794     
   2.2173725620162461        1.0072990212617023        2.8872032671354489E-014  0.61091967023726967        35303.153987624231     
   2.1212498882512509       0.98687353021748958        2.7845440417109408E-014  0.54996013723310888        35303.153973108259     
   2.0253543626665653       0.96625097222251100        2.7401645751818439E-014  0.48583100182167538        35303.153955797803     
   1.9293927881433213       0.94518962967512010        2.8777712725640280E-014  0.41862219942031142        35303.153935714472     
   1.8329239604247292       0.92346484940060369        2.7579766349326799E-014  0.34835173220381677        35303.153912882357     
   1.7354283624442566       0.90086329691200318        2.5196063192557831E-014  0.27497199489829427        35303.153887331209     
   1.6363700793730427       0.87716713854457495        2.4249822615024207E-014  0.19837066806458559        35303.153859097089     
   1.5352476526916785       0.85213607220671239        2.1149643289516980E-014  0.11836389057161600        35303.153828222887     
   1.4316333739794711       0.82548995762788246        2.2071842283949357E-014   3.4679251994564453E-002   35303.153794758895     
   1.3251703873552714       0.79688774802663120        1.8963188952609994E-014  -5.3080794086286964E-002   35303.153758762593     
   1.2155216367512445       0.76590519345507868        1.9153340423385946E-014 -0.14549267361092255        35303.153720298098     
   1.1023318880945077       0.73202968564192972        1.6944088124025716E-014 -0.24334348826288554        35303.153679435272     
  0.98525750426443537       0.69469185767535002        1.5066150539624488E-014 -0.34758563934680176        35303.153636248666     
  0.86403815177819787       0.65333112044939057        1.3194957945753157E-014 -0.45919451925142596        35303.153590816473     
  0.73855367045247533       0.60746601733743244        1.3543374923479867E-014 -0.57897420247880405        35303.153543220105     
  0.60889098397831631       0.55674519921927246        1.2422008923393732E-014 -0.70738691694142020        35303.153493545818     
  0.47538958410744137       0.50095146647133859        1.2520701285701847E-014 -0.84450339660045159        35303.153441887334     
  0.33860479801686338       0.43994565855918655        8.9924888165731958E-015 -0.99013157271084751        35303.153388345294     
  0.19919033721078883       0.37356919839522096        8.7491266528310104E-015  -1.1440776078568060        35303.153333026756     
   5.7754832363732689E-002  0.30154882982697995        6.0323759909187772E-015  -1.3063893492160989        35303.153276051162     
  -8.5218367669433803E-002  0.22346126745934214        2.9409890604394979E-015  -1.4774247628920314        35303.153217559084     
 -0.22934764455756351       0.13878254908180399        2.0359013866330040E-015  -1.6577098971834143        35303.153157709239     
 -0.37426982998224112        4.6986409815959362E-002   3.4525862988595693E-015  -1.8476850313333379        35303.153096664450     
 -0.51956907911035266       -5.2367880851573290E-002  -9.5636065170691859E-016  -2.0474741812888038        35303.153034575575     
 -0.66473252742654232      -0.15957735557912311       -2.9573867023150681E-015  -2.2567535829509104        35303.152971548050     
 -0.80911422141671352      -0.27475306244760844       -9.1014087887444623E-016  -2.4747212259369853        35303.152907586817     
 -0.95192063161591634      -0.39780182777002437       -2.7685232797202775E-015  -2.7001340727172618        35303.152842577780     
  -1.0922219816464303      -0.52844386949041500       -4.4957458648110218E-015  -2.9313594526862445        35303.152776371702     
  -1.2289446876500829      -0.66623119874582137       -3.9991860666882406E-015  -3.1663751919691272        35303.152708948575     
  -1.3608643146612529      -0.81054065391337282       -4.4499380485349491E-015  -3.4027413026801803        35303.152640595188     
  -1.4866858770534463      -0.96058157554016255       -7.6734699215482188E-015  -3.6376934009268567        35303.152572057639     
  -1.6051945757228196       -1.1154490810250248       -7.0725099275246928E-015  -3.8684107063741600        35303.152504622558     
  -1.7153746507136383       -1.2741947935456786       -5.2097220558665016E-015  -4.0923022141852510        35303.152440051512     
  -1.8164602623616091       -1.4358980846947453       -4.4294106907057846E-015  -4.3072397142589054        35303.152380285421     
  -1.9078981628490546       -1.5997340703560710       -6.4992717828582380E-015  -4.5117207473676508        35303.152326761192     
  -1.9891953385130723       -1.7649718157462093       -1.0114134230930057E-014  -4.7047579228882270        35303.152279145521     
  -2.0597306261603254       -1.9308285677532808       -1.5675655965737678E-014  -4.8853829718772168        35303.152233775312     
  -2.1187804202999647       -2.0963351296016768       -1.9596149611824238E-014  -5.0523217896538384        35303.152183095772     
  -2.1657579516315906       -2.2603852337241719       -1.6550620811229389E-014  -5.2042215698744574        35303.152117768434     
  -2.2003686548633414       -2.4218576559688199       -2.2760360379289802E-014  -5.3398456856460808        35303.152031663762     
  -2.2224954688163745       -2.5795253303146239       -1.5755243594742398E-014  -5.4576045373772590        35303.151927179497     
  -2.2320568235998213       -2.7318122732674244       -1.9588947782700017E-014  -5.5549431683878083        35303.151816728830     
  -2.2291365531674625       -2.8768250496905647       -2.5690415066387798E-014  -5.6287636943669490        35303.151718025081     
  -2.2143105808464263       -3.0129146125764024       -2.8135988686196184E-014  -5.6772306283566927        35303.151645242120     
  -2.1888258622944399       -3.1394369019393551       -2.7315449739136724E-014  -5.7016768518635814        35303.151601671489     
  -2.1543348039016212       -3.2568979659716266       -3.1967085549154989E-014  -5.7064674546976448        35303.151578797697     
  -2.1123047675283146       -3.3661167825072482       -3.6595193376244846E-014  -5.6963205077513095        35303.151562106577     
  -2.0635944142311322       -3.4671275607141592       -3.6205210796893625E-014  -5.6734200597572624        35303.151539274972     
  -2.0085221071364598       -3.5588242114651720       -3.5777392070817024E-014  -5.6367925032046813        35303.151505397072     
  -1.9472285387832473       -3.6394107132915714       -3.5018009095892579E-014  -5.5836989268185704        35303.151462871843     
  -1.8799645271306442       -3.7069995556892366       -3.6232545511272362E-014  -5.5111982746567421        35303.151417532899     
  -1.8071931358533924       -3.7599561099488401       -2.8108807083755864E-014  -5.4169614494741047        35303.151374440480     
  -1.7295992113416956       -3.7970725947620103       -3.2252442462124188E-014  -5.2996733456458927        35303.151335795425     
  -1.6480947193458277       -3.8177723831867372       -3.2498681756939243E-014  -5.1594622712921314        35303.151301254678     
  -1.5638029398842459       -3.8222995662328287       -2.8150212128615237E-014  -4.9981918304192448        35303.151269421753     
  -1.4779666170604688       -3.8116591065790573       -3.0648152873343092E-014  -4.8191668959271485        35303.151239152328     
  -1.3918057910821755       -3.7872367637691866       -3.0548799493476769E-014  -4.6262194517209991        35303.151210054944     
  -1.3063868224574788       -3.7502749206210524       -3.2766400095336138E-014  -4.4226703058884436        35303.151182319561     
  -1.2225531566598002       -3.7015201076062869       -3.5161386703661935E-014  -4.2107837278979865        35303.151156314139     
  -1.1409418742417374       -3.6412601451124047       -3.5293992518217945E-014  -3.9919555127268858        35303.151132287319     
  -1.0620340285771426       -3.5695812753823670       -3.5490582755221199E-014  -3.7672375157324787        35303.151110277620     
 -0.98619165080957893       -3.4865314664065075       -3.8400690851860077E-014  -3.5376456651339900        35303.151090165586     
 -0.91368634280413463       -3.3920905755833672       -4.1017269169600302E-014  -3.3041079420325534        35303.151071766537     
 -0.84473822961915612       -3.2861222359534139       -4.1689929673217459E-014  -3.0673321788500658        35303.151054899412     
 -0.77956632987433805       -3.1685493071600828       -4.4400026510722422E-014  -2.8279404542256206        35303.151039415970     
 -0.71837406096384937       -3.0395052567341789       -3.8824345596927739E-014  -2.5867808487811654        35303.151025203297     
 -0.66130438576979111       -2.8994051162216863       -3.7954539016900716E-014  -2.3452412601729762        35303.151012175884     
 -0.60844879661719231       -2.7491476855966326       -4.2111137670356769E-014  -2.1054190546745577        35303.151000267608     
 -0.55984589042983846       -2.5899895740159256       -4.0197462565952048E-014  -1.8697939598937818        35303.150989426271     
 -0.51548524149902697       -2.4231830908151100       -4.5314493991325045E-014  -1.6406760667178535        35303.150979609425     
 -0.47532256371216519       -2.2497197375891602       -4.8371895563829130E-014  -1.4198552968051903        35303.150970780087     
 -0.43928290634229317       -2.0702232845505470       -4.2634290501802053E-014  -1.2085462461643939        35303.150962902146     
 -0.40725971151608031       -1.8850923847250609       -5.5036423584794408E-014  -1.0076432227231944        35303.150955935984     
 -0.37909422059783626       -1.6948741050205669       -4.9166892205016705E-014 -0.81814233403026115        35303.150949835137     
 -0.35454174952800022       -1.5006482794288765       -4.6521293806678888E-014 -0.64140808956143047        35303.150944544817     
 -0.33325711685006065       -1.3040705762034612       -3.9161483473885310E-014 -0.47899384449514670        35303.150940002073     
 -0.31481755472302531       -1.1070232026840543       -3.4129465850991102E-014 -0.33217810419273874        35303.150936137667     
 -0.29877145603028155      -0.91123726872596578       -3.0034451119516844E-014 -0.20167321203059352        35303.150932878540     
 -0.28468387678115026      -0.71807927251291659       -2.6228377469557470E-014  -8.7600510180793734E-002   35303.150930150805     
 -0.27216260321252922      -0.52839938797662711       -1.9456765877348706E-014   1.0461092571993902E-002   35303.150927882394     
 -0.26084590768078769      -0.34246766908563231       -1.7585515476098613E-014   9.3354423236679196E-002   35303.150926005284     
 -0.25033903787150524      -0.16028378952072941       -1.2115396589405269E-014  0.16201734279065683        35303.150924457106     
 -0.24013673361995616        1.7869828440833402E-002  -8.3161235135670792E-015  0.21715793140367889        35303.150923182133     
 -0.22961930871509090       0.19125487265681329       -8.2689929328867818E-015  0.25929763839573017        35303.150922131696     
 -0.21816489506096959       0.35906032840815882       -2.7544130229227848E-015  0.28908916630096559        35303.150921264234     
 -0.20530211173396390       0.52081111579397898        2.8897618490527148E-015  0.30747065180494282        35303.150920545013     
 -0.19079079930168452       0.67629892269182079        6.8304332974946774E-015  0.31548637345933184        35303.150919945554     
 -0.17460199190691333       0.82521267586278313        1.0917171258468500E-014  0.31404784975195277        35303.150919443033     
 -0.15685338255788450       0.96702017645946725        2.0082614917530664E-014  0.30391601235488430        35303.150919030755     
 -0.13775449520376826        1.1012251746496453        2.7325393644523431E-014  0.28583683116906045        35303.150918711428     
 -0.11756295822183793        1.2275705401469530        3.1032007297536359E-014  0.26060002455536369        35303.150918490486     
  -9.6533403238647675E-002   1.3458676982008484        3.9181016944779866E-014  0.22897545278702847        35303.150918376079     
  -7.4870715565186208E-002   1.4556694366761462        4.4971917264338781E-014  0.19166623009290884        35303.150918376821     
  -5.2721232967083864E-002   1.5561987120443561        4.6749258602661355E-014  0.14935718583421131        35303.150918500847     
  -3.0206303878313912E-002   1.6466519685884933        4.8542876024144155E-014  0.10278814695351335        35303.150918755680     
  -7.4634362027287127E-003   1.7266294182894697        4.9311056255679178E-014   5.2751303635602598E-002   35303.150919147316     
   1.5330807774913024E-002   1.7962784075179385        5.4260474931825760E-014   0.0000000000000000        35303.150919678767     
