 force-1force-2force-3workmass
   3.1086244689504383E-015  -6.6613381477509392E-015  -2.1618456724884413E-014   0.0000000000000000       0.78539909798813146     
  -8.7174556462343844E-009  -1.4167775727336185E-003  -1.5082632110784016E-014  -3.4360906485235172E-007  0.78539909798813135     
  -1.0845758291466723E-007  -5.4510898499868787E-003  -1.8881826122333283E-014  -4.6126374348498880E-006  0.78539909798813201     
  -4.0404851198161396E-007  -1.2137041712080521E-002  -2.0510678152709647E-014  -2.1545155466621765E-005  0.78539909798813179     
  -9.7117772535071367E-007  -2.1541412044952413E-002  -2.0044671125325436E-014  -6.5081311882184828E-005  0.78539909798813201     
  -1.8648691364475667E-006  -3.3716783880892276E-002  -1.8423921193454830E-014  -1.5429035046559889E-004  0.78539909798813068     
  -3.1278143381996415E-006  -4.8704247503364329E-002  -2.2956223264900962E-014  -3.1325125279213842E-004  0.78539909798813123     
  -4.7862105914120434E-006  -6.6528839831308861E-002  -2.3909677392475640E-014  -5.7082788449810268E-004  0.78539909798812846     
  -6.8437721330028012E-006  -8.7189353904628675E-002  -2.0957693024003584E-014  -9.6026183459649306E-004  0.78539909798812979     
  -9.2736743515509090E-006 -0.11065731482120622       -1.7835019961878549E-014  -1.5186471439110061E-003  0.78539909798812269     
  -1.2013736001570408E-005 -0.13687798277103580       -1.5921030606450920E-014  -2.2862962595636693E-003  0.78539909798812535     
  -1.4952289522529583E-005 -0.16576660720396719       -1.6241514423519295E-014  -3.3059299347388271E-003  0.78539909798811225     
  -1.7895675503254438E-005 -0.19717379400192625       -1.9488642650423600E-014  -4.6211286784349215E-003  0.78539909798811669     
  -2.0581825774357299E-005 -0.23085899834676393       -1.6771627002986133E-014  -6.2742044457983481E-003  0.78539909798809637     
  -2.2743121776969133E-005 -0.26654474935343675       -2.4933078530893363E-014  -8.3053134056878808E-003  0.78539909798810181     
  -2.4044003502421418E-005 -0.30394699214453169       -2.2248514518313197E-014  -1.0751754364107746E-002  0.78539909798807650     
  -2.3883149519399183E-005 -0.34258374148155957       -2.0924628382636882E-014  -1.3640751130445938E-002  0.78539909798808227     
  -2.1351675531189329E-005 -0.38147198092611800       -1.4582492417781712E-014  -1.6973701966409988E-002  0.78539909798805896     
  -1.5533226222164132E-005 -0.41911661683483770       -2.1719825993989228E-014  -2.0714367938103995E-002  0.78539909798806140     
  -5.9110209158497184E-006 -0.45396021519293539       -2.4994886022973946E-014  -2.4796630934111163E-002  0.78539909798805252     
   7.5447476453049944E-006 -0.48495560932058490       -2.2801506509216977E-014  -2.9149689592035122E-002  0.78539909798804930     
   2.4675393617279440E-005 -0.51179272630177008       -2.0068986790334077E-014  -3.3720367821119923E-002  0.78539909798806284     
   4.5433681599149622E-005 -0.53467642779195446       -2.2860078861934323E-014  -3.8476086690706346E-002  0.78539909798806784     
   6.9872029456075069E-005 -0.55393748063757187       -2.1364745306097009E-014  -4.3391691895659668E-002  0.78539909798806740     
   9.7895976160611298E-005 -0.56978520348705031       -1.3276882618527702E-014  -4.8435331883582178E-002  0.78539909798806784     
   1.2904344668562828E-004 -0.58227865567609882       -1.7557775326408589E-014  -5.3563461017652025E-002  0.78539909798806740     
   1.6247687862636084E-004 -0.59141082062855244       -1.9945919807064573E-014  -5.8723905472974569E-002  0.78539909798806740     
   1.9718116096223426E-004 -0.59719765195760122       -1.5918753616479652E-014  -6.3861881091672901E-002  0.78539909798806762     
   2.3211854478422111E-004 -0.59973908961275546       -2.1382757779822385E-014  -6.8926513416988688E-002  0.78539909798806773     
   2.6613667107078243E-004 -0.59924909039473206       -2.2084743711001322E-014  -7.3876625480215785E-002  0.78539909798806762     
   2.9788488801507640E-004 -0.59604854475957669       -1.5066609806323090E-014  -7.8683595124855898E-002  0.78539909798806740     
   3.2613160889871651E-004 -0.59054488952160789       -1.2424117268775630E-014  -8.3332466433082675E-002  0.78539909798806762     
   3.5028835250638934E-004 -0.58325937986738818       -1.2665244744064040E-014  -8.7829135938590541E-002  0.78539909798806717     
   3.7064946686493627E-004 -0.57492470380952909       -1.3391654945753231E-014  -9.2219913373707829E-002  0.78539909798806773     
   3.8850645646393289E-004 -0.56657094367513805       -1.5611135783722149E-014  -9.6615416593582859E-002  0.78539909798806740     
   4.0666997700711249E-004 -0.55946580325016493       -1.2905498772291584E-014 -0.10119690616453447       0.78539909798806795     
   4.3006029494341291E-004 -0.55486087933092865       -1.2148670415378332E-014 -0.10618801323347782       0.78539909798806784     
   4.6524849336959662E-004 -0.55365883972057484       -1.6239363545958948E-014 -0.11179934712987549       0.78539909798806806     
   5.1872935341013005E-004 -0.55620469919925508       -1.9364777713528485E-014 -0.11817714295999793       0.78539909798806762     
   5.9534411409734034E-004 -0.56232983750307364       -1.7338408643779784E-014 -0.12538738961153928       0.78539909798806762     
   6.9843656838575185E-004 -0.57160302165603927       -1.5527304523236116E-014 -0.13344211015050556       0.78539909798806806     
   8.3168435897418291E-004 -0.58361619452093061       -1.7566211030704242E-014 -0.14234574072241479       0.78539909798806751     
   1.0009100838566098E-003 -0.59814422627509289       -1.4075902137970764E-014 -0.15212984008138442       0.78539909798806806     
   1.2141333383524078E-003 -0.61513073431491661       -1.9853446525309125E-014 -0.16285774438232381       0.78539909798806806     
   1.4795878379114669E-003 -0.63456268622932654       -1.5644822354498436E-014 -0.17460262063644305       0.78539909798806840     
   1.8030827490269630E-003 -0.65633492840196483       -1.8463531382995573E-014 -0.18741593910832144       0.78539909798806806     
   2.1864385606149561E-003 -0.68017387235118321       -1.7417805436323423E-014 -0.20130274833190120       0.78539909798806817     
   2.6272968686011922E-003 -0.70562887524178386       -2.0145128466094870E-014 -0.21620975267849896       0.78539909798806784     
   3.1188011544704963E-003 -0.73209252010112125       -1.1244587574422284E-014 -0.23202069462760933       0.78539909798806828     
   3.6476922165933345E-003 -0.75880485154933108       -1.6365386320077884E-014 -0.24854946652370868       0.78539909798806773     
   4.1915942338812684E-003 -0.78483570881829801       -1.6817521009092186E-014 -0.26552906931429288       0.78539909798806784     
   4.7183099802214912E-003 -0.80909280959563845       -1.0993967554911574E-014 -0.28260890306162767       0.78539909798806795     
   5.1893665887190465E-003 -0.83041873074186889       -1.8438180502427077E-014 -0.29937992486813148       0.78539909798806806     
   5.5671729848993934E-003 -0.84778903998493282       -1.8882287423106451E-014 -0.31543554555259146       0.78539909798806784     
   5.8224430579931763E-003 -0.86053836468625855       -1.9929727791846083E-014 -0.33045033918470623       0.78539909798806751     
   5.9379669414285630E-003 -0.86849316852198410       -2.0589608320140447E-014 -0.34423881357134833       0.78539909798806828     
   5.9065547713368360E-003 -0.87192767032398888       -1.7109126603593216E-014 -0.35676133301005564       0.78539909798806817     
   5.7240911135845174E-003 -0.87136152093850994       -1.5519593887434263E-014 -0.36807354703615136       0.78539909798806828     
   5.3817114547167755E-003 -0.86731103650768171       -1.3752929043437051E-014 -0.37824928524536672       0.78539909798806862     
   4.8623626985460078E-003 -0.86012506208294837       -2.0561667253228411E-014 -0.38732119198081172       0.78539909798806840     
   4.1450796705952975E-003 -0.84997436497896328       -2.2050517634915583E-014 -0.39526948268023276       0.78539909798806873     
   3.2158231531784764E-003 -0.83696888843001482       -1.9416359965378482E-014 -0.40205838039814301       0.78539909798806884     
   2.0796643582956520E-003 -0.82131426620898851       -1.6726265157590527E-014 -0.40769369770930175       0.78539909798806851     
   7.6870375434179294E-004 -0.80342117649831690       -1.8786408149194156E-014 -0.41226970373540572       0.78539909798806840     
  -6.5624704935718370E-004 -0.78393333363593032       -1.0062492842117170E-014 -0.41598872048351887       0.78539909798806851     
  -2.1079414576519184E-003 -0.76369560338759901       -1.6792046356317535E-014 -0.41915797530900734       0.78539909798806873     
  -3.4760907479913783E-003 -0.74370177541076943       -2.0074046980814534E-014 -0.42217757023106239       0.78539909798806884     
  -4.6327947038466988E-003 -0.72503694048113521       -1.6307964469195126E-014 -0.42552496953578900       0.78539909798806895     
  -5.4445992599694293E-003 -0.70879493246587921       -1.3763163610318889E-014 -0.42972588173323478       0.78539909798806851     
  -5.7939208052601998E-003 -0.69594749715421367       -1.9177840007902566E-014 -0.43529723753510430       0.78539909798806873     
  -5.6047787546011918E-003 -0.68717969673941282       -2.3881655730661114E-014 -0.44266417732203944       0.78539909798806895     
  -4.8602208633745647E-003 -0.68275486440576472       -1.6703679272782372E-014 -0.45207908064580771       0.78539909798806884     
  -3.5992487868501399E-003 -0.68248558037048679       -1.9449627673771053E-014 -0.46358388834696962       0.78539909798806895     
  -1.8915177645784098E-003 -0.68584345728232121       -2.0493550760285638E-014 -0.47704162573276188       0.78539909798806873     
   1.9761540726737081E-004 -0.69216454137302785       -2.0845494371266932E-014 -0.49222545999892819       0.78539909798806895     
   2.6310976788712637E-003 -0.70085105040792683       -1.2101310730028913E-014 -0.50891887029986727       0.78539909798806895     
   5.3973035747816311E-003 -0.71147348859280091       -2.1452394076644937E-014 -0.52697332483519865       0.78539909798806917     
   8.4794842552087246E-003 -0.72373729940872522       -2.0112713121959644E-014 -0.54629563271536918       0.78539909798806851     
   1.1812750117557336E-002 -0.73735393423102535       -1.7193330830517804E-014 -0.56677811207192574       0.78539909798806895     
   1.5250236949626128E-002 -0.75189929153967860       -1.9320074325631324E-014 -0.58821385604613274       0.78539909798806917     
   1.8553416337442563E-002 -0.76673191881243807       -1.6168056892414921E-014 -0.61024036917100011       0.78539909798806895     
   2.1407903743124734E-002 -0.78099688166669268       -1.6121191589258950E-014 -0.63233262357837372       0.78539909798806895     
   2.3456538468021648E-002 -0.79369704781588779       -1.4691887353853823E-014 -0.65384086358733784       0.78539909798806939     
   2.4341873755949983E-002 -0.80379878516127157       -1.6838735661692338E-014 -0.67405643266809534       0.78539909798806917     
   2.3755788231302866E-002 -0.81035058656079451       -1.9348455446342834E-014 -0.69229190441932609       0.78539909798806884     
   2.1494314471402376E-002 -0.81260612083421058       -1.3857852623582366E-014 -0.70796759730579417       0.78539909798806962     
   1.7506594543250209E-002 -0.81013808505789964       -1.4647970778398456E-014 -0.72069368825440971       0.78539909798806895     
   1.1916228343585189E-002 -0.80291119251171073       -1.5968673462527525E-014 -0.73032732333167205       0.78539909798806928     
   4.9953141650007638E-003 -0.79127593292521592       -2.3268532689909696E-014 -0.73698048721901221       0.78539909798806939     
  -2.9078612990520725E-003 -0.77586785348232934       -1.2852746302837089E-014 -0.74096782908402448       0.78539909798806962     
  -1.1457847744602567E-002 -0.75744249268318598       -1.1431972329175604E-014 -0.74271066555756304       0.78539909798806962     
  -2.0392293410849582E-002 -0.73671351589541034       -1.2691594563360766E-014 -0.74263691645021002       0.78539909798806917     
  -2.9519535507851025E-002 -0.71426222754743263       -2.0045937391806976E-014 -0.74111925986466787       0.78539909798806962     
  -3.8654008822656571E-002 -0.69054705020762652       -2.2377282382330275E-014 -0.73847174512189850       0.78539909798806951     
  -4.7525575253029473E-002 -0.66598718199007712       -1.5595588616699349E-014 -0.73499239021403850       0.78539909798806984     
  -5.5712938087344455E-002 -0.64106010974683514       -2.0469586724121355E-014 -0.73101694315356802       0.78539909798806939     
  -6.2636770496355076E-002 -0.61635604024326485       -2.2697788739607300E-014 -0.72694933646107218       0.78539909798806928     
  -6.7617928634298607E-002 -0.59256426273049589       -1.1613202501913721E-014 -0.72325286739769723       0.78539909798806939     
  -6.9981176488090213E-002 -0.57040158656437878       -1.5924592761300822E-014 -0.72040716616656830       0.78539909798806895     
  -6.9176880986447031E-002 -0.55051163168188832       -1.4681093961181170E-014 -0.71884673348822226       0.78539909798806873     
  -6.4896649212829338E-002 -0.53336449079406512       -1.7440180482717946E-014 -0.71889650382624204       0.78539909798806895     
  -5.7160509331146692E-002 -0.51918021075034693       -2.1017495904048290E-014 -0.72071686135052770       0.78539909798806906     
  -4.6348874636820803E-002 -0.50789490099380785       -1.4829864503858187E-014 -0.72427104855736335       0.78539909798806895     
  -3.3154049907533789E-002 -0.49918242551819247       -2.1593625197394881E-014 -0.72932878044526550       0.78539909798806862     
  -1.8448664983138130E-002 -0.49253057255235966       -1.8438317826505204E-014 -0.73551277620936961       0.78539909798806895     
  -3.1100275721440696E-003 -0.48734931983854901       -1.9782066838806257E-014 -0.74237766851211706       0.78539909798806851     
   1.2126075839152151E-002 -0.48307282847444055       -1.8327089764321594E-014 -0.74949306005823901       0.78539909798806851     
   2.6712694741633847E-002 -0.47921991044934398       -1.4824461005296158E-014 -0.75649875044990456       0.78539909798806806     
   4.0221076215126494E-002 -0.47540107578511037       -1.8299680458023164E-014 -0.76311571269173983       0.78539909798806806     
   5.2201067671946433E-002 -0.47128916876299254       -2.1095387841567849E-014 -0.76912139608213126       0.78539909798806884     
   6.2062012819977141E-002 -0.46658594186504665       -2.1477225779721101E-014 -0.77431515892909486       0.78539909798806851     
   6.9050221593763617E-002 -0.46101054395105212       -1.5748778781058501E-014 -0.77849872244884066       0.78539909798806917     
   7.2344713005615624E-002 -0.45431575287936532       -1.8743037826465551E-014 -0.78148116844410653       0.78539909798806917     
   7.1236076759532807E-002 -0.44631931990578266       -2.0637847633744321E-014 -0.78310076996026368       0.78539909798806873     
   6.5325359070251388E-002 -0.43693114746827177       -1.9738425408940100E-014 -0.78324728266279431       0.78539909798806862     
   5.4683358814946459E-002 -0.42616156446258913       -1.6185435466150480E-014 -0.78187011727245048       0.78539909798806895     
   3.9926876798038968E-002 -0.41410505302614942       -1.8886698432864365E-014 -0.77896575211279151       0.78539909798806906     
   2.2183132149342200E-002 -0.40090248421687491       -1.4738223841614893E-014 -0.77454724538154673       0.78539909798806895     
   2.9325075713995119E-003 -0.38669229441153696       -2.0299668848678046E-014 -0.76860712718410618       0.78539909798806928     
  -1.6243476563372994E-002 -0.37156632756091601       -1.8148859499214462E-014 -0.76108951406824676       0.78539909798806939     
  -3.3932728688969682E-002 -0.35554569006737569       -1.6503730321569773E-014 -0.75188427129716962       0.78539909798807006     
  -4.9076578423130179E-002 -0.33858270810767843       -2.2317347518225383E-014 -0.74084449332842039       0.78539909798806995     
  -6.0989548790528314E-002 -0.32058032305172235       -1.7233455456027564E-014 -0.72781434097668685       0.78539909798807050     
  -6.9220901821729353E-002 -0.30141043698519621       -1.2504706025941485E-014 -0.71264783465825010       0.78539909798806984     
  -7.3355416490297198E-002 -0.28091685318792470       -1.2965543069146923E-014 -0.69520702176246152       0.78539909798807039     
  -7.2887052959066168E-002 -0.25890466506301979       -1.9319896304554476E-014 -0.67534531842479906       0.78539909798807162     
  -6.7253637763163621E-002 -0.23513364691078875       -2.0713951574939299E-014 -0.65289548520428164       0.78539909798807106     
  -5.6025449911091041E-002 -0.20933586439299834       -1.5970327065027103E-014 -0.62768088270799316       0.78539909798807117     
  -3.9158448994462525E-002 -0.18126558886435218       -1.7795526191296632E-014 -0.59955444846115524       0.78539909798807184     
  -1.7197793270583350E-002 -0.15077187653282209       -1.8953574380539118E-014 -0.56845343172482110       0.78539909798807206     
   8.6525871377389763E-003 -0.11787175791572446       -2.0520259313242480E-014 -0.53444995176959065       0.78539909798807295     
   3.6625284102035138E-002  -8.2799239396397439E-002  -1.6074966645062307E-014 -0.49777965336717234       0.78539909798807328     
   6.4630796216170960E-002  -4.6010702771525303E-002  -2.6383384951635096E-014 -0.45883797932570269       0.78539909798807384     
   9.0585239585763144E-002  -8.1391793958447423E-003  -2.0262912412976875E-014 -0.41814197922888408       0.78539909798807450     
  0.11273117023766943        3.0091956639145323E-002  -1.4812997940807196E-014 -0.37626593028024669       0.78539909798807506     
  0.12984655561519420        6.7965698430621835E-002  -2.3165229600757563E-014 -0.33377138662895334       0.78539909798807561     
  0.14127084528323008       0.10483943482434821       -1.9007499556271286E-014 -0.29115956345215199       0.78539909798807661     
  0.14675877257017977       0.14015910006841992       -8.3560000240020768E-015 -0.24886582227254106       0.78539909798807694     
  0.14626208283404085       0.17342854918549300       -1.5609590317711430E-014 -0.20729099222016334       0.78539909798807761     
  0.13977692993516477       0.20417683427699895       -1.8549094071655347E-014 -0.16683663465241727       0.78539909798807850     
  0.12734937330505391       0.23197322547353849       -2.2962789581930561E-014 -0.12790211366587245       0.78539909798807928     
  0.10923060485330316       0.25651206388637515       -2.0160483868904338E-014  -9.0820343496183398E-002  0.78539909798807961     
   8.6082810296120194E-002  0.27774388806647732       -2.4013156925321166E-014  -5.5745836315146402E-002  0.78539909798808050     
   5.9109186168052386E-002  0.29599508543737230       -1.5105205620976013E-014  -2.2540497722315589E-002  0.78539909798808150     
   3.0023270989504580E-002  0.31201507490973857       -2.4199817293009612E-014   9.2882551685611325E-003  0.78539909798808238     
   8.4869857797872927E-004  0.32691659666360895       -2.2270578312454242E-014   4.0559198424183762E-002  0.78539909798808349     
  -2.6390227598064600E-002  0.34201626748360603       -8.9116979752663017E-015   7.2295241956499279E-002  0.78539909798808372     
  -4.9987069157286734E-002  0.35862280359655507       -1.3467368112980371E-014  0.10554309944472662       0.78539909798808494     
  -6.8777744806920671E-002  0.37784505716915451       -1.7040987664929650E-014  0.14119890367977295       0.78539909798808571     
  -8.2202956459097032E-002  0.40048779791971700       -2.1862086913216002E-014  0.17990555685109255       0.78539909798808694     
  -9.0207375987234606E-002  0.42706321933051328       -2.8588669575220857E-014  0.22205293592183484       0.78539909798808771     
  -9.3047335376717388E-002  0.45788350414502688       -2.4143035609749931E-014  0.26785359480889248       0.78539909798808893     
  -9.1117490017216807E-002  0.49314979660564262       -2.6250918752452261E-014  0.31741901122942506       0.78539909798808938     
  -8.4883862314530267E-002  0.53295241830801476       -2.4826784880522186E-014  0.37075999380558589       0.78539909798809060     
  -7.4937006855344990E-002  0.57715382156964168       -1.9473366553914993E-014  0.42768611041817017       0.78539909798809171     
  -6.2101104603069279E-002  0.62520687751835613       -1.0566295715910052E-014  0.48765146341853560       0.78539909798809293     
  -4.7500837353360525E-002  0.67601526024644087       -1.7415926088863901E-014  0.54964037295110035       0.78539909798809426     
  -3.2514012497355305E-002  0.72793678513622151       -3.4854300472387965E-014  0.61217799698945097       0.78539909798809493     
  -1.8601879263083543E-002  0.77896980795534088       -1.4862304938984570E-014  0.67349522720308830       0.78539909798809637     
  -7.0722292016935917E-003  0.82708070824760060       -2.1789469642270624E-014  0.73180665577020410       0.78539909798809693     
   1.1369121104638502E-003  0.87056488628450790       -2.1498275683137964E-014  0.78560848343504830       0.78539909798809804     
   5.5736338949223807E-003  0.90831207304333539       -1.4564031602343324E-014  0.83389110830996405       0.78539909798809915     
   6.2531330546709007E-003  0.93988231445794135       -1.2519795206280902E-014  0.87619567416928934       0.78539909798809959     
   3.5285113850851424E-003  0.96538448766439178       -3.4904038067143850E-015  0.91251493798695194       0.78539909798810015     
  -2.0754386173362782E-003  0.98524846497478702       -1.5709443433298768E-014  0.94311497058082860       0.78539909798810192     
  -9.9839379469668366E-003   1.0000384340828203       -2.1463627446027968E-014  0.96839144471916505       0.78539909798810215     
  -1.9605695528729594E-002   1.0104257122925295       -1.3488097304618607E-014  0.98884413121190606       0.78539909798810337     
  -3.0295215567302414E-002   1.0173333960266175       -1.9821386954378054E-014   1.0051689526866321       0.78539909798810426     
  -4.1305684139634202E-002   1.0221456469280605       -1.2580188857984087E-014   1.0183809825248273       0.78539909798810514     
  -5.1795642617495030E-002   1.0268178312149594       -2.4532962901608056E-014   1.0298500988087356       0.78539909798810537     
  -6.0914225176754044E-002   1.0337655887831918       -3.2947257601737333E-014   1.0411734243405335       0.78539909798810670     
  -6.7939285385470782E-002   1.0455240111016693       -1.5160161900858493E-014   1.0538975082314845       0.78539909798810736     
  -7.2410675365185639E-002   1.0642870108518494       -2.1490300747170983E-014   1.0691858609173237       0.78539909798810825     
  -7.4201729955758466E-002   1.0915006497889310       -1.6843818214187753E-014   1.0875605199923597       0.78539909798810825     
  -7.3500882003147527E-002   1.1276644507996014       -2.9014940047316875E-014   1.1088157572103148       0.78539909798811003     
  -7.0715739494003671E-002   1.1724017135751765       -3.9109213183119140E-014   1.1321246400171168       0.78539909798811003     
  -6.6344380574544726E-002   1.2247353586432999       -2.4825324967473951E-014   1.1562728066083259       0.78539909798811047     
  -6.0867597983689237E-002   1.2834107305028963       -1.6882022228898132E-014   1.1799026014990766       0.78539909798811125     
  -5.4697252053176548E-002   1.3470955474657460       -1.9094327946862094E-014   1.2016634726425122       0.78539909798811147     
  -4.8180989727773849E-002   1.4143735446057457       -2.2274002640516295E-014   1.2202349427129477       0.78539909798811225     
  -4.1633169347079946E-002   1.4835863847065482       -2.3912764059120073E-014   1.2342740791520628       0.78539909798811292     
  -3.5353804520027232E-002   1.5526844214824420       -2.5626604589290689E-014   1.2423859153771977       0.78539909798811403     
  -2.9613876791962479E-002   1.6192539149866327       -1.0608505437238210E-014   1.2431940086640070       0.78539909798811358     
  -2.4612847691587891E-002   1.6807906473671359       -1.4724410191650394E-014   1.2355160367084674       0.78539909798811391     
  -2.0433525034970312E-002   1.7351469056975493       -1.7488785977021316E-014   1.2185745612467569       0.78539909798811502     
  -1.7020437239545050E-002   1.7809742784577942       -3.7757574191111844E-014   1.1921414822486873       0.78539909798811514     
  -1.4193321317118146E-002   1.8179759473069499       -2.5633994991580103E-014   1.1565430666700243       0.78539909798811591     
  -1.1688958155929630E-002   1.8468712924709454       -3.3076075999488473E-014   1.1125203047345553       0.78539909798811636     
  -9.2137289478995132E-003   1.8691139400598136       -2.5596313238537389E-014   1.0610066033084455       0.78539909798811702     
  -6.4899544414480648E-003   1.8865177863037532       -1.7566045567863170E-014   1.0029144192647284       0.78539909798811713     
  -3.2873992760746873E-003   1.9009727767987474       -1.9169199176015168E-014  0.93900105051879001       0.78539909798811669     
   5.5989944979373263E-004   1.9143577997744750       -1.8907825861824385E-014  0.86982764874768037       0.78539909798811747     
   5.1477911433004397E-003   1.9286243959236158       -3.2013001688213497E-014  0.79577120927659006       0.78539909798811802     
   1.0505294858984326E-002   1.9459108660026230       -2.2829212555370673E-014  0.71703026793654034       0.78539909798811836     
   1.6607927142583412E-002   1.9685220877998733       -3.4408687565342890E-014  0.63359025833038052       0.78539909798811813     
   2.3401188426680486E-002   1.9986913121638770       -2.0046300312206702E-014  0.54516235032653659       0.78539909798811891     
   3.0829494255306678E-002   2.0381770016311265       -2.9965152583610316E-014  0.45114495509726438       0.78539909798811924     
   3.8860512230644462E-002   2.0878570189495829       -2.5409204933069816E-014  0.35065556815386223       0.78539909798811913     
   4.7494246617438174E-002   2.1475017342419660       -3.6599327355371896E-014  0.24264483071358328       0.78539909798811947     
   5.6751963741222156E-002   2.2158279483895678       -2.5046193545239051E-014  0.12605993013672698       0.78539909798812024     
   6.6649340960228454E-002   2.2908003373144377       -4.2241662248808985E-014  -2.1337158065165342E-014  0.78539909798811980     
