 force-1force-2force-3workmass
   2.6645352591003757E-015   7.1054273576010019E-015  -1.9398089615056806E-014   0.0000000000000000       0.78539816362971748     
  -2.2648549702353193E-014  -3.9079850466805510E-014  -3.0835238062875026E-014  -2.7654419587684696E-008  0.78539816362974335     
  -1.8651746813702630E-014  -6.0396132539608516E-014  -3.0570619349708765E-014  -3.3401433952766693E-007  0.78539816362961690     
   4.4408920985006262E-016  -5.6843418860808015E-014  -2.7327426428020243E-014  -1.4645408522198471E-006  0.78539816363102322     
  -2.6645352591003757E-014  -8.7041485130612273E-014  -2.7744182788954765E-014  -4.1944725160357466E-006  0.78539816363039383     
  -1.7319479184152442E-014  -6.3948846218409017E-014  -3.1607534546064065E-014  -9.4728571824621161E-006  0.78539816363513193     
  -8.8817841970012523E-016  -4.4408920985006262E-014  -3.0430604000728505E-014  -1.8363709350531845E-005  0.78539816363364834     
   1.1990408665951691E-014  -6.5725203057809267E-014  -2.9725406041360391E-014  -3.1980042084701205E-005  0.78539816364350279     
   1.5987211554602254E-014  -4.2632564145606011E-014  -2.7046800498827438E-014  -5.1409620492069708E-005  0.78539816364084580     
  -1.3322676295501878E-015   0.0000000000000000       -3.0939208474003707E-014  -7.7634682268692967E-005  0.78539816365743520     
   7.3274719625260332E-014  -4.2632564145606011E-014  -2.9274150657834803E-014  -1.1145512231459931E-004  0.78539816365331450     
   1.6875389974302379E-014  -3.1974423109204508E-014  -2.8396537379043218E-014  -1.5342770277020079E-004  0.78539816367810267     
   5.0182080713057076E-014  -8.8817841970012523E-015  -2.7897572216988386E-014  -2.0383974050623699E-004  0.78539816367225557     
   2.1760371282653068E-014  -3.9079850466805510E-014  -2.9274094813723724E-014  -2.6273155002613791E-004  0.78539816370654680     
   2.4424906541753444E-014  -5.5067062021407764E-014  -2.8323979965363625E-014  -3.2997597135950296E-004  0.78539816369874471     
   7.2386541205560206E-014  -3.9079850466805510E-014  -2.8967854113891336E-014  -4.0539992163100835E-004  0.78539816374366533     
   5.5067062021407764E-014  -3.1974423109204508E-014  -3.0163016028751949E-014  -4.8892285532592394E-004  0.78539816373371807     
   7.7271522513910895E-014  -1.0480505352461478E-013  -2.9059617165673889E-014  -5.8067271001512044E-004  0.78539816379019611     
   4.4853010194856324E-014  -2.6645352591003757E-014  -3.0462248049133504E-014  -6.8105905124446475E-004  0.78539816377795535     
   4.0412118096355698E-014  -2.6645352591003757E-014  -3.2370025612734481E-014  -7.9078749752974076E-004  0.78539816384671446     
   4.7961634663806763E-014   7.1054273576010019E-015  -3.1838953641203176E-014  -9.1083223750243469E-004  0.78539816383207117     
   3.9523939676655573E-014  -8.3488771451811772E-014  -3.2322927190585271E-014  -1.0423712273936181E-003  0.78539816381590521     
   2.9309887850104133E-014  -2.4868995751603507E-014  -3.6395308820206982E-014  -1.1867112919226597E-003  0.78539816379846883     
   2.4868995751603507E-014  -6.3948846218409017E-014  -3.2228950975736467E-014  -1.3452019999461717E-003  0.78539816377974692     
   2.6645352591003757E-015  -1.5987211554602254E-014  -3.3919250971716905E-014  -1.5191483235161563E-003  0.78539816375972982     
  -6.2172489379008766E-015  -4.4408920985006262E-014  -3.3419937697636642E-014  -1.7097224857714477E-003  0.78539816373840987     
  -3.1974423109204508E-014  -1.7763568394002505E-015  -3.5197828329344326E-014  -1.9178800310581390E-003  0.78539816371578119     
  -7.3274719625260332E-014  -7.2830630415410269E-014  -3.8044921874666024E-014  -2.1442884892700076E-003  0.78539816369184134     
   3.7303493627405260E-014   4.9737991503207013E-014  -3.5789881648593271E-014  -2.3892794328049805E-003  0.78539816369186533     
   1.5987211554602254E-014  -7.1054273576010019E-015  -3.8748901336529824E-014  -2.6528328952125646E-003  0.78539816369189031     
  -1.3766765505351941E-014  -6.7501559897209518E-014  -3.4663814653613987E-014  -2.9346011497206614E-003  0.78539816369191651     
   8.4376949871511897E-015  -4.2632564145606011E-014  -3.3567296646544242E-014  -3.2339684037480110E-003  0.78539816369194426     
   2.3092638912203256E-014  -7.9936057773011271E-014  -3.9436039077759768E-014  -3.5501397763155751E-003  0.78539816369197313     
  -4.4408920985006262E-016   5.3290705182007514E-015  -4.3335133172273755E-014  -3.8822462110804645E-003  0.78539816369200333     
  -8.0824236192711396E-014  -3.1974423109204508E-014  -3.5621843645232464E-014  -4.2294507098687983E-003  0.78539816369203441     
  -8.5265128291212022E-014   2.4868995751603507E-014  -3.5961545841918944E-014  -4.5910424194624544E-003  0.78539816369206683     
  -2.2204460492503131E-015  -3.1974423109204508E-014  -3.8240223641393078E-014  -4.9665084363439971E-003  0.78539816369210025     
   2.7533531010703882E-014   3.1974423109204508E-014  -4.2558561396321899E-014  -5.3555773943286811E-003  0.78539816369213478     
   6.1728400169158704E-014  -7.4606987254810520E-014  -4.3538243127298665E-014  -5.7582328701081820E-003  0.78539816369217064     
   9.7255536957163713E-014   1.6342482922482304E-013  -4.2243062242663727E-014  -6.1746977893435973E-003  0.78539816369220716     
  -1.0214051826551440E-014  -1.1368683772161603E-013  -4.4510169705112584E-014  -6.6053932697803242E-003  0.78539816369224480     
  -7.6383344094210770E-014   4.4408920985006262E-014  -3.5217080539433187E-014  -7.0508769556132389E-003  0.78539816369228344     
  -9.1482377229112899E-014  -5.6843418860808015E-014  -4.4316312686247812E-014  -7.5117671573994294E-003  0.78539816369232296     
  -3.2418512319054571E-014  -8.3488771451811772E-014  -3.7331226329759008E-014  -7.9886601247624034E-003  0.78539816369236315     
  -5.2402526762307389E-014  -1.7763568394002505E-013  -3.7412589879623665E-014  -8.4820484175057720E-003  0.78539816369240423     
   9.4591001698063337E-014  -1.4921397450962104E-013  -4.1933796377867178E-014  -8.9922483504381034E-003  0.78539816369244608     
   9.6367358537463588E-014  -6.7501559897209518E-014  -4.7438540422053101E-014  -9.5193436455789371E-003  0.78539816369248849     
  -9.4146912488213275E-014   8.5265128291212022E-014  -4.1765046342314026E-014  -1.0063150678790711E-002  0.78539816369253146     
   1.4477308241112041E-013  -1.8829382497642655E-013  -3.9481927973646510E-014  -1.0623208242469651E-002  0.78539816369257531     
   1.6875389974302379E-013  -8.5265128291212022E-014  -3.7099147391781429E-014  -1.1198791924757812E-002  0.78539816369261928     
  -4.1744385725905886E-014  -5.8619775700208265E-014  -3.9681753625761838E-014  -1.1788950477646942E-002  0.78539816369266380     
   1.6830981053317373E-013   5.5067062021407764E-014  -3.7338412251139060E-014  -1.2392559312325857E-002  0.78539816369270876     
  -5.0182080713057076E-014  -2.4868995751603507E-014  -3.1195429189661086E-014  -1.3008384782773885E-002  0.78539816369275406     
  -1.8651746813702630E-014  -2.4513724383723456E-013  -3.1560465597755127E-014  -1.3635152299647180E-002  0.78539816369279980     
   3.6859404417555197E-014   5.3290705182007514E-015  -3.0636281407117150E-014  -1.4271611501826986E-002  0.78539816369284543     
  -1.5099033134902129E-014   2.8421709430404007E-014  -2.5517790264138946E-014  -1.4916592561234898E-002  0.78539816369289128     
   4.0856207306205761E-014   9.2370555648813024E-014  -2.8613639635153893E-014  -1.5569049020335513E-002  0.78539816369293725     
  -9.1926466438962962E-014  -3.1974423109204508E-013  -2.9095643611707313E-014  -1.6228084183278479E-002  0.78539816369298310     
  -2.0872192862952943E-014  -8.3488771451811772E-014  -2.8692128597104449E-014  -1.6892959824766018E-002  0.78539816369302906     
   1.8562928971732617E-013  -1.5987211554602254E-013  -2.8860447578321078E-014  -1.7563087713231118E-002  0.78539816369307469     
  -7.2386541205560206E-014  -3.2329694477084558E-013  -3.1515401228627594E-014  -1.8238006012570085E-002  0.78539816369311977     
   6.5725203057809267E-014  -7.8159700933611020E-014  -3.2653375037487071E-014  -1.8917343919860663E-002  0.78539816369316495     
  -1.6520118606422329E-013  -5.3823612233827589E-013  -2.6407842532615919E-014  -1.9600778797382090E-002  0.78539816369320992     
   2.3092638912203256E-014   5.3290705182007514E-014  -2.6236751911404074E-014  -2.0287990497178110E-002  0.78539816369325421     
   7.9936057773011271E-014  -2.8954616482224083E-013  -2.7327927498310146E-014  -2.0978617526691390E-002  0.78539816369329818     
  -3.6415315207705135E-014   1.1013412404281553E-013  -1.8932979704638317E-014  -2.1672219193199505E-002  0.78539816369334137     
  -4.2632564145606011E-014   5.8619775700208265E-014  -2.8968040063172096E-014  -2.2368246973763384E-002  0.78539816369338433     
  -1.5454304502782179E-013  -1.9539925233402755E-014  -3.2909933531082298E-014  -2.3066027212545581E-002  0.78539816369342641     
  -8.8817841970012523E-015  -9.5923269327613525E-014  -3.6252616009255515E-014  -2.3764755984292618E-002  0.78539816369346760     
  -7.1498362785860081E-014  -1.4566126083082054E-013  -4.2482220678296102E-014  -2.4463505730240476E-002  0.78539816369350857     
  -7.9936057773011271E-014  -2.6112445539183682E-013  -5.9326529234947944E-014  -2.5161242188853405E-002  0.78539816369354809     
  -2.3980817331903381E-014   3.3750779948604759E-014  -6.7726391003311176E-014  -2.5856849308235175E-002  0.78539816369358717     
  -1.3855583347321954E-013  -2.9132252166164108E-013  -7.1644507211318949E-014  -2.6549159284240842E-002  0.78539816369362514     
  -2.2337687255458150E-013   1.2434497875801753E-013  -7.1460890103057871E-014  -2.7236984654673613E-002  0.78539816369366244     
   7.5495165674510645E-014   5.3290705182007514E-014  -6.9448253682776180E-014  -2.7919149466177906E-002  0.78539816369369875     
  -3.2329694477084558E-013  -1.1013412404281553E-013  -7.2832407561247125E-014  -2.8594516891097488E-002  0.78539816369373361     
  -1.3189449532546860E-013   1.4921397450962104E-013  -7.9014895386434424E-014  -2.9262011234905128E-002  0.78539816369376747     
  -3.4416913763379853E-013  -1.8474111129762605E-013  -6.7990551496240984E-014  -2.9920632979161477E-002  0.78539816369380056     
   1.3145040611561853E-013   2.2737367544323206E-013  -6.4770946082919560E-014  -3.0569466263083989E-002  0.78539816369383186     
   2.4424906541753444E-014   7.4606987254810520E-014  -6.0400948974348250E-014  -3.1207678946027828E-002  0.78539816369386251     
  -6.2616578588858829E-014  -1.0480505352461478E-013  -6.3454824196885381E-014  -3.1834516049809247E-002  0.78539816369389182     
   1.9051427102567686E-013   6.0396132539608516E-014  -7.0602602784029929E-014  -3.2449287891676670E-002  0.78539816369391979     
   3.5749181392930041E-013  -2.1316282072803006E-014  -7.8680334631553397E-014  -3.3051354566516311E-002  0.78539816369394633     
  -1.5898393712632242E-013   2.3980817331903381E-013  -8.5178954785300008E-014  -3.3640108586639572E-002  0.78539816369397197     
  -3.0464519795714295E-013  -5.6843418860808015E-014  -8.4165752123457493E-014  -3.4214957469747231E-002  0.78539816369399562     
  -4.6540549192286562E-013  -5.5244697705347789E-013  -7.0295706111462806E-014  -3.4775307876487416E-002  0.78539816369401805     
   2.5313084961453569E-013  -4.9737991503207013E-014  -5.1498457611390717E-014  -3.5320552596429966E-002  0.78539816369403948     
  -3.1707969583294471E-013  -2.3803181647963356E-013  -5.9261275128165142E-014  -3.5850061289981472E-002  0.78539816369405946     
  -1.9584334154387761E-013  -3.7658764995285310E-013  -5.6144611172313163E-014  -3.6363175466142206E-002  0.78539816369407778     
   5.8397731095283234E-013   6.7501559897209518E-014  -5.7438925538849406E-014  -3.6859207756019474E-002  0.78539816369409488     
  -1.0658141036401503E-014  -1.8118839761882555E-013  -4.9896092054989642E-014  -3.7337445162770155E-002  0.78539816369411053     
   2.6423307986078726E-013  -2.6645352591003757E-014  -5.1696048365280807E-014  -3.7797155654108572E-002  0.78539816369412474     
  -3.2374103398069565E-013  -1.3855583347321954E-013  -4.8503683088381819E-014  -3.8237597247172905E-002  0.78539816369413773     
  -3.9479530755670567E-013  -6.7501559897209518E-013  -4.6352561029729705E-014  -3.8658028610917938E-002  0.78539816369414939     
   1.7941204077942530E-013   1.0658141036401503E-013  -4.5635579732509077E-014  -3.9057720183862221E-002  0.78539816369415916     
  -1.2656542480726785E-013  -2.1316282072803006E-013  -5.0638011899233726E-014  -3.9435964869782181E-002  0.78539816369416771     
  -1.6608936448392342E-013  -2.4868995751603507E-013  -4.6139563306822826E-014  -3.9792087508836005E-002  0.78539816369417526     
   4.8450132794641831E-013  -6.3948846218409017E-014  -2.9408614435811308E-014  -4.0125452507226100E-002  0.78539816369418103     
   2.0872192862952943E-014  -2.0605739337042905E-013  -3.1541506062421778E-014  -4.0435469232750876E-002  0.78539816369418580     
  -4.4408920985006262E-015  -2.2382096176443156E-013  -2.7011467356756445E-014  -4.0721595010157596E-002  0.78539816369418891     
  -5.7287508070658077E-014  -2.1671553440683056E-013  -3.4458045377651183E-014  -4.0983335764819939E-002  0.78539816369419091     
  -5.4178883601707639E-014   4.9027448767446913E-013  -2.8621773765332938E-014  -4.1220244558801022E-002  0.78539816369419146     
   3.9079850466805510E-014  -2.4868995751603507E-013  -9.6800197085391660E-015  -4.1431918403542989E-002  0.78539816369419069     
  -6.2172489379008766E-015  -2.5579538487363607E-013  -9.0537433580088816E-015  -4.1617993842212764E-002  0.78539816369418891     
  -3.5527136788005009E-014  -1.8829382497642655E-013  -2.6095968349830697E-014  -4.1778141828962001E-002  0.78539816369418547     
   2.4868995751603507E-013  -1.3500311979441904E-013  -1.3214134347672302E-014  -4.1912062442741149E-002  0.78539816369418136     
   1.6742163211347361E-013  -1.2789769243681803E-013   2.4253500705020487E-015  -4.2019479913211866E-002  0.78539816369417559     
  -2.5046631435543532E-013  -4.2632564145606011E-014  -1.1549617635085486E-014  -4.2100138363198703E-002  0.78539816369416893     
   2.1982415887578100E-013   1.8829382497642655E-013  -1.9534544507032388E-014  -4.2153798557486022E-002  0.78539816369416104     
   2.5313084961453569E-014  -3.5527136788005009E-015  -2.3241527155739968E-014  -4.2180235834132551E-002  0.78539816369415205     
  -3.9479530755670567E-013   2.1671553440683056E-013  -3.6152023720073715E-014  -4.2179239271015190E-002  0.78539816369414228     
   1.5099033134902129E-014  -7.1054273576010019E-015  -3.0654104417592299E-014  -4.2150612033263313E-002  0.78539816369413140     
   1.8607337892717624E-013  -2.3447910280083306E-013  -4.2931851482330100E-014  -4.2094172755561932E-002  0.78539816369411963     
   1.0347278589506459E-013  -2.8421709430404007E-013  -3.5804456801999890E-014  -4.2009757745612442E-002  0.78539816369410675     
   5.1514348342607263E-014   1.8474111129762605E-013  -3.1686582128139888E-014  -4.1897223755679391E-002  0.78539816369409354     
   9.4591001698063337E-014  -4.7606363295926712E-013  -5.8932986322457207E-014  -4.1756451056646826E-002  0.78539816369407900     
  -4.0412118096355698E-014  -7.1054273576010019E-015  -4.6261904758350228E-014  -4.1587346557440563E-002  0.78539816369406412     
  -8.6597395920762210E-014   9.5923269327613525E-014  -4.9533575463295345E-014  -4.1389846746211489E-002  0.78539816369404836     
  -2.0605739337042905E-013  -8.1712414612411521E-014  -7.2700469249314244E-014  -4.1163920274011501E-002  0.78539816369403170     
   1.2434497875801753E-014  -4.7961634663806763E-013  -6.4926770455351008E-014  -4.0909570053061728E-002  0.78539816369401505     
  -2.5002222514558525E-013  -3.0553337637684308E-013  -4.5370801944989846E-014  -4.0626834800582490E-002  0.78539816369399740     
  -7.9936057773011271E-015  -2.7711166694643907E-013  -4.0252373642610354E-014  -4.0315790007880548E-002  0.78539816369397930     
   1.3189449532546860E-013  -4.5830006456526462E-013  -3.4100504881143531E-014  -3.9976548364354381E-002  0.78539816369396087     
   3.9701575360595598E-013   4.9737991503207013E-014  -5.1679426643567150E-014  -3.9609259700026600E-002  0.78539816369394244     
   1.4521717162097048E-013  -1.9539925233402755E-013  -5.8900467332083763E-014  -3.9214110533904556E-002  0.78539816369392335     
   2.5224267119483557E-013  -4.5830006456526462E-013  -6.2993405199277313E-014  -3.8791323338012162E-002  0.78539816369390403     
   3.6637359812630166E-013  -6.0396132539608516E-014  -7.9470600815831498E-014  -3.8341155623497603E-002  0.78539816369388493     
   4.0945025148175773E-013  -3.1974423109204508E-014  -1.0251662001377790E-013  -3.7863898956688180E-002  0.78539816369386550     
  -2.6556534749033744E-013  -1.7763568394002505E-014  -5.5435907771461568E-014  -3.7359878005183145E-002  0.78539816369384607     
  -7.9491968563161208E-014  -1.5631940186722204E-013  -4.5449124497408921E-014  -3.6829449690754412E-002  0.78539816369382687     
  -2.3092638912203256E-014   3.5527136788005009E-015  -4.9894434314190626E-014  -3.6273002521621134E-002  0.78539816369380766     
   3.5660363550960028E-013  -2.8776980798284058E-013  -3.9779198735728752E-014  -3.5690956142986119E-002  0.78539816369378879     
  -3.3528735343679728E-013  -3.4816594052244909E-013  -2.8052484742218998E-014  -3.5083761136600611E-002  0.78539816369377013     
  -3.1041835768519377E-013  -3.3040237212844659E-013  -2.9008566380310379E-014  -3.4451899074633641E-002  0.78539816369375226     
   1.9539925233402755E-013  -1.2079226507921703E-013  -1.7762043627879694E-014  -3.3795882819686041E-002  0.78539816369373416     
   3.5349501104064984E-013   2.7711166694643907E-013  -6.1343755778817248E-015  -3.3116257046229780E-002  0.78539816369371729     
   2.7489122089718876E-013  -2.8776980798284058E-013  -2.6968767370502801E-014  -3.2413598946535060E-002  0.78539816369370086     
   1.8518520050747611E-013  -2.1316282072803006E-013  -5.0494556960264718E-014  -3.1688519082164524E-002  0.78539816369368520     
  -2.7755575615628914E-013   2.7711166694643907E-013  -5.0748346497455680E-014  -3.0941662326529951E-002  0.78539816369367066     
   3.0508928716699302E-013  -2.3092638912203256E-013  -6.1658555769133199E-014  -3.0173708856201964E-002  0.78539816369365689     
   1.5454304502782179E-013  -1.3145040611561853E-013  -6.5444094294278974E-014  -2.9385375143421877E-002  0.78539816369364401     
  -5.8353322174298228E-013  -8.5265128291212022E-014  -6.1892512330548160E-014  -2.8577414911607146E-002  0.78539816369363258     
   1.7053025658242404E-013  -2.2026824808563106E-013  -3.9724138733561945E-014  -2.7750620024089345E-002  0.78539816369362225     
  -2.5401902803423582E-013  -3.5527136788005009E-015  -2.4545865361204117E-014  -2.6905821288372378E-002  0.78539816369361326     
   4.6407322429331543E-013  -8.5265128291212022E-014  -1.3174319856027010E-014  -2.6043889163897660E-002  0.78539816369360582     
   4.6496140271301556E-013   6.0396132539608516E-014  -1.6409830215650015E-014  -2.5165734377752269E-002  0.78539816369360005     
  -3.6859404417555197E-014  -1.9895196601282805E-013  -8.6939147405564759E-015  -2.4272308457498726E-002  0.78539816369359605     
   1.7941204077942530E-013  -2.7711166694643907E-013  -2.5858423867486646E-014  -2.3364604194756167E-002  0.78539816369359372     
  -1.9362289549462730E-013   2.8421709430404007E-014  -5.1695139186270880E-014  -2.2443656067031137E-002  0.78539816369359328     
   1.6409096303959814E-013  -4.1211478674085811E-013  -5.9145804062889951E-014  -2.1510540635207631E-002  0.78539816369359516     
  -1.3344880755994382E-013   8.5265128291212022E-014  -4.7264297401246970E-014  -2.0566376943632836E-002  0.78539816369359894     
  -1.1013412404281553E-013   1.0302869668521453E-013  -5.0577113458821489E-014  -1.9612326945677161E-002  0.78539816369360538     
  -2.7000623958883807E-013   1.5987211554602254E-013  -5.0027544828780949E-014  -1.8649595970841037E-002  0.78539816369361404     
   1.3744561044859438E-013   2.0961010704922955E-013  -5.1912710869996967E-014  -1.7679433255270549E-002  0.78539816369362558     
   2.5246471579976060E-013   1.1368683772161603E-013  -4.5205183163069382E-014  -1.6703132543471222E-002  0.78539816369363979     
   2.1072033007385471E-013  -3.7658764995285310E-013  -3.2368749005571103E-014  -1.5722032774464934E-002  0.78539816369365667     
   5.5999649362092896E-013   1.8474111129762605E-013  -4.8033377791290744E-014  -1.4737518858461751E-002  0.78539816369367677     
   1.7674750552032492E-013  -4.7251091928046662E-013  -4.6241601119189767E-014  -1.3751022547267233E-002  0.78539816369369997     
  -1.2656542480726785E-014   1.1723955140041653E-013  -4.6725523795027170E-014  -1.2764023401811153E-002  0.78539816369372617     
   1.4499512701604544E-013   7.1054273576010019E-015  -7.0235378006968442E-014  -1.1778049855702521E-002  0.78539816369375637     
  -4.3520742565306136E-014  -2.7355895326763857E-013  -8.0899921896135963E-014  -1.0794680375210808E-002  0.78539816369379001     
  -4.4186876380081230E-014  -6.3238303482648917E-013  -9.3448386583920480E-014  -9.8155447119692152E-003  0.78539816369382709     
   2.2848389846785722E-013  -4.1566750041965861E-013  -1.0497518836776587E-013  -8.8423252467733082E-003  0.78539816369386850     
  -2.8843594179761567E-013  -1.9539925233402755E-013  -9.3494550469655322E-014  -7.8767584215635456E-003  0.78539816369391380     
  -8.9261931179862586E-014  -9.5923269327613525E-014  -7.2881921568190044E-014  -6.9206362563325463E-003  0.78539816369396365     
  -5.4845017416482733E-014  -2.3803181647963356E-013  -6.4351858183386058E-014  -5.9758079492484573E-003  0.78539816369401738     
  -1.2123635428906709E-013  -2.2382096176443156E-013  -5.6278375984812298E-014  -5.0441815608042173E-003  0.78539816369407589     
  -1.1124434706744069E-013  -1.6697754290362354E-013  -5.9527298724609491E-014  -4.1277257814027468E-003  0.78539816369413940     
  -5.6465943032435462E-013   2.1671553440683056E-013  -4.8188549680030826E-014  -3.2284717865262991E-003  0.78539816369420767     
  -9.7033492352238682E-014  -1.2079226507921703E-013  -5.1047215118791860E-014  -2.3485151846864838E-003  0.78539816369428084     
   2.9642954757491680E-013   1.7053025658242404E-013  -5.7026419904922267E-014  -1.4900180648398376E-003  0.78539816369435966     
   1.3167245072054357E-013   1.4210854715202004E-013  -5.1793615866944679E-014  -6.5521115235545047E-004  0.78539816369444382     
   1.9340085088970227E-013  -1.7763568394002505E-014  -4.6397663148803786E-014   1.5360391459284806E-004  0.78539816369453352     
   1.2145839889399213E-013   3.5527136788005009E-015  -5.0299717215943748E-014   9.3405217806341589E-004  0.78539816369462911     
   1.8451906669270102E-013  -7.1054273576010019E-014  -4.3189624151182291E-014   1.6836828075263988E-003  0.78539816369473070     
   7.7715611723760958E-014  -1.9184653865522705E-013  -2.2805096463137333E-014   2.3999663889191503E-003  0.78539816369483884     
   1.1102230246251565E-013  -7.4606987254810520E-014  -3.2804902834090640E-014   3.0802920389064736E-003  0.78539816369495297     
   6.1950444774083735E-014   4.2632564145606011E-014  -2.9288132579468604E-014   3.7219643310483219E-003  0.78539816369507376     
   2.1338486533295509E-013  -1.0658141036401503E-013  -2.7701706562372263E-014   4.3222000152151052E-003  0.78539816369520132     
   7.4384942649885488E-014  -8.1712414612411521E-014  -3.2516638620724338E-014   4.8781245167015541E-003  0.78539816369533588     
   1.0702549957386509E-013  -2.1316282072803006E-013  -4.1254704078206098E-014   5.3867681947876722E-003  0.78539816369547777     
  -7.2830630415410269E-014  -1.9895196601282805E-013  -4.9073327934272683E-014   5.8450623440761129E-003  0.78539816369562687     
   6.4392935428259079E-014  -1.3145040611561853E-013  -4.5131516185833993E-014   6.2498349192275926E-003  0.78539816369578364     
  -1.6342482922482304E-013  -3.8014036363165360E-013  -4.2254663431823800E-014   6.5978059620505070E-003  0.78539816369594817     
  -4.3742787170231168E-014  -3.5527136788005009E-014  -4.4432338535997899E-014   6.8855827099710831E-003  0.78539816369612070     
  -6.1728400169158704E-014  -1.4210854715202004E-014  -4.9122838363956892E-014   7.1096543621953501E-003  0.78539816369630111     
  -4.5297099404706387E-014   0.0000000000000000       -4.6245762779139789E-014   7.2663864781599141E-003  0.78539816369649040     
  -1.2589929099249275E-013  -1.0658141036401503E-014  -5.1148041060561629E-014   7.3520149819775726E-003  0.78539816369668802     
  -8.8817841970012523E-016  -6.3948846218409017E-014  -5.1952211646673670E-014   7.3626397422700274E-003  0.78539816369689419     
   6.9277916736609768E-014  -7.4606987254810520E-014  -4.8783802617567975E-014   7.2942176956218852E-003  0.78539816369710991     
   3.2862601528904634E-014  -8.1712414612411521E-014  -5.1973529408996265E-014   7.1425554779057099E-003  0.78539816369733462     
  -9.1038288019262836E-015  -4.9737991503207013E-014  -4.8331114833260082E-014   6.9033015244220342E-003  0.78539816369756865     
  -9.4813046302988369E-014  -1.1013412404281553E-013  -3.9273860536811262E-014   6.5719375958437354E-003  0.78539816369781201     
   1.2412293415309250E-013  -7.8159700933611020E-014  -4.2089885343327856E-014   6.1437696822719823E-003  0.78539816369806570     
   4.7073456244106637E-014  -3.9079850466805510E-014  -4.2179594058592714E-014   5.6139182332087811E-003  0.78539816369832938     
   1.8207657603852567E-014  -7.1054273576010019E-014  -4.1606963949280260E-014   4.9773076555575113E-003  0.78539816369860305     
   1.3100631690576847E-014  -9.2370555648813024E-014  -4.6149543596996615E-014   4.2286550160175740E-003  0.78539816369888737     
   4.1078251911130792E-014  -6.0396132539608516E-014  -4.1960051008698014E-014   3.3624578774955616E-003  0.78539816369918225     
  -1.6431300764452317E-014  -4.9737991503207013E-014  -4.5072382449037062E-014   2.3729811921980593E-003  0.78539816369948812     
  -6.6613381477509392E-016  -6.7501559897209518E-014  -4.7454012753549338E-014   1.2542431660262157E-003  0.78539816369980497     
  -1.3322676295501878E-015  -3.1974423109204508E-014  -4.5479516239247115E-014  -2.1561424242005998E-016  0.78539816370013338     
