 force-1force-2force-3workmass
   3.5527136788005009E-015  -4.8849813083506888E-015  -2.1618456724884413E-014   0.0000000000000000       0.78539909798813146     
   3.4230396295242826E-012   1.4495071809506044E-011  -2.5162577646779748E-014  -2.7653676371486476E-008  0.78539909798811358     
  -4.7215564791258657E-012  -2.2430945989526663E-011  -2.0662386330816624E-014  -3.3405795830466004E-007  0.78539909798810159     
  -8.9719343066008150E-012  -4.0543124413261467E-011  -2.6452337469081508E-014  -1.4646724651188117E-006  0.78539909798810958     
  -3.5287328614685975E-012  -3.3223646056512735E-011  -2.0307793495778080E-014  -4.1955805212563063E-006  0.78539909798810514     
  -1.9380053117856733E-011  -4.9694914849851557E-011  -2.3643276800698518E-014  -9.4784254850537042E-006  0.78539909798812324     
  -1.0966783037247296E-011  -4.4430681356288915E-011  -2.3255988624922271E-014  -1.8381319707140575E-005  0.78539909798810048     
  -3.7936320751441599E-011  -6.4333427474139171E-011  -2.1142968432859652E-014  -3.2017888157043206E-005  0.78539909798813090     
  -3.7399416896732873E-011  -7.7895023764540383E-011  -2.1850746266420190E-014  -5.1469783316895890E-005  0.78539909798800989     
  -2.3083757128006255E-011  -5.6215476718080026E-011  -2.3658007175204041E-014  -7.7708294992553939E-005  0.78539909798802676     
  -3.8756553522034665E-011  -5.7906124339979215E-011  -2.3407890341002651E-014  -1.1152405401124166E-004  0.78539909798800644     
  -4.6818549037652701E-011  -5.2037929521020487E-011  -2.4939393907299154E-014  -1.5346795324457096E-004  0.78539909798795127     
  -5.7959415045161222E-011  -6.9062089380622638E-011  -2.1236401916053979E-014  -2.0382966781434808E-004  0.78539909798833940     
  -6.0242921762210244E-011  -5.8876903352711452E-011  -2.3135530922214976E-014  -2.6265247275326919E-004  0.78539909798815810     
  -7.5058625981228033E-011  -8.2907902765327890E-011  -2.4337903173084097E-014  -3.2982364650696594E-004  0.78539909798931806     
  -7.0238037608305603E-011  -7.8372419665129200E-011  -2.3880771309317247E-014  -4.0518182197094021E-004  0.78539909798894525     
  -2.9182434246877165E-011  -2.1809665184946425E-011  -2.7086997710304854E-014  -4.8867339430766488E-004  0.78539909799023366     
  -2.2861712523081223E-011  -3.5505376416722356E-011  -1.7366129686323543E-014  -5.8044786596539444E-004  0.78539909799086938     
  -3.2540192762553488E-011  -5.9752647274535775E-011  -2.3972169032584214E-014  -6.8094230016094159E-004  0.78539909799229390     
  -3.4664715542476188E-011  -5.4154014605956036E-011  -2.7906273199569973E-014  -7.9088485790887453E-004  0.78539909799227314     
  -2.3084645306425955E-011  -3.5087044381043597E-011  -2.4479167602421227E-014  -9.1127273615099202E-004  0.78539909799235363     
  -1.4682921545272620E-011  -2.3926194359091824E-011  -2.5398910537630831E-014  -1.0432997742218508E-003  0.78539909799218910     
  -3.0850877408283850E-011  -5.5236260010360638E-011  -1.6395248679000578E-014  -1.1882805478197200E-003  0.78539909799274077     
  -7.6321171604831761E-012  -4.1742609369066486E-011  -1.9974365495169081E-014  -1.3475587244014542E-003  0.78539909799272833     
  -8.0691009429756377E-013  -4.8808512786990832E-011  -2.1522350681230338E-014  -1.5224226872745383E-003  0.78539909799252361     
  -1.9564794229154359E-011  -8.4720230830725995E-011  -2.3425843618760852E-014  -1.7140178256631611E-003  0.78539909799320551     
   4.9817927560980024E-012  -6.7058358865779155E-011  -1.9062466822632227E-014  -1.9232611386913456E-003  0.78539909799318308     
   1.1722622872412103E-011  -6.6761707273599313E-011  -2.0137333332840558E-014  -2.1507817931384343E-003  0.78539909799289986     
  -1.0144329820604980E-011  -9.4782848236718564E-011  -2.5631191676781382E-014  -2.3968783575569752E-003  0.78539909799376595     
   1.4255707725396860E-011  -6.5972560747695752E-011  -2.2921391819021166E-014  -2.6615025648252244E-003  0.78539909799372953     
   1.7869261625946820E-011  -5.7471805092745853E-011  -1.5746557773658985E-014  -2.9442951519287330E-003  0.78539909799332230     
  -9.3125507305558131E-012  -8.3302698072884596E-011  -1.8473651881082113E-014  -3.2446468372155923E-003  0.78539909799445939     
   1.3103740315045798E-011  -5.0566217879577380E-011  -1.8565474349867142E-014  -3.5617785870155627E-003  0.78539909799440910     
   1.4015455462867976E-011  -4.1979308917916569E-011  -2.1061763562964749E-014  -3.8948564851599698E-003  0.78539909799388419     
  -1.7354118142520747E-011  -7.0783379158001480E-011  -2.5475412360215439E-014  -4.2430934681066956E-003  0.78539909799532936     
   4.8467896363035834E-012  -3.6614267173717963E-011  -2.3263262922133528E-014  -4.6058281134652157E-003  0.78539909799526464     
   4.8263615326504805E-012  -2.8306690325052841E-011  -2.3354483525208656E-014  -4.9826065764750904E-003  0.78539909799469987     
  -2.8617996861157735E-011  -5.9263260965281006E-011  -2.0134179372952601E-014  -5.3732185408890132E-003  0.78539909799639063     
  -5.8943960823398811E-012  -2.3360424705742844E-011  -2.1860951926580763E-014  -5.7776909228565154E-003  0.78539909799630769     
  -1.8397727785668394E-011  -3.4786395985975105E-011  -2.0452564620326651E-014  -6.1962905633214937E-003  0.78539909799788166     
  -2.8749003178063504E-011  -4.3954173634119797E-011  -1.9460601590774599E-014  -6.6294555440349345E-003  0.78539909799967322     
  -4.9711790239825859E-011  -5.6216364896499726E-011  -2.0519989030929601E-014  -7.0777478762410473E-003  0.78539909800151597     
  -2.2025936630143406E-011  -1.4726886377047776E-011  -1.9648754552164557E-014  -7.5417680423766065E-003  0.78539909800139684     
  -3.2970071117688349E-011  -2.7824853532365523E-011  -1.7392879628578987E-014  -8.0220869731908451E-003  0.78539909800262109     
  -4.1479708556835249E-011  -4.0918379795584769E-011  -2.1754965402433400E-014  -8.5191439285396964E-003  0.78539909800436325     
  -1.8424373138259398E-011  -7.1969097348301148E-012  -2.4297633459586641E-014  -9.0332004075392991E-003  0.78539909800605834     
  -1.2799095117088655E-011  -4.4528825071665779E-012  -2.5655549356958305E-014  -9.5642783865721448E-003  0.78539909800588470     
  -3.1784797016598532E-011  -3.2585489861958195E-011  -2.2267076869297687E-014  -1.0112147793220450E-002  0.78539909800672980     
  -3.9436454102315111E-011  -5.1946003054581524E-011  -2.1873350498793635E-014  -1.0676292728762915E-002  0.78539909800846508     
  -1.5059953284435323E-011  -2.2539747845939928E-011  -2.1850530870518203E-014  -1.1255956388670274E-002  0.78539909801029584     
  -8.2760465147657669E-012  -2.3470558829785659E-011  -1.7184608798494222E-014  -1.1850166807909401E-002  0.78539909801006214     
  -2.5139890169612045E-011  -5.3828941304345790E-011  -2.0595343101693916E-014  -1.2457810814615611E-002  0.78539909801045671     
  -3.0769164993671438E-011  -7.3640649134176783E-011  -1.5205947849365360E-014  -1.3077663314999155E-002  0.78539909801213403     
  -5.4742876898217219E-012  -4.2339465267104970E-011  -1.4958247949323900E-014  -1.3708484141848665E-002  0.78539909801403851     
   2.8133051444001467E-012  -3.8623326759079646E-011  -1.4524050468242111E-014  -1.4349063478262369E-002  0.78539909801374397     
  -1.2643219804431283E-011  -6.1687988051062348E-011  -1.0877248579583463E-014  -1.4998295823432706E-002  0.78539909801318764     
  -1.7739587576670601E-011  -7.4108719161358749E-011  -1.5899042798113034E-014  -1.5655177403393283E-002  0.78539909801444863     
   5.6674664961064991E-012  -3.6386893498274731E-011  -2.1367321056765362E-014  -1.6318863174308085E-002  0.78539909801612728     
   1.2164047547003065E-011  -2.5760282795772582E-011  -1.8980223060021204E-014  -1.6988651839791258E-002  0.78539909801575347     
  -4.5257131375819881E-012  -4.7076120779365738E-011  -1.6753698928581719E-014  -1.7663998832160743E-002  0.78539909801353125     
  -1.1443734848626264E-011  -5.8991034279642918E-011  -1.8328923450634691E-014  -1.8344444300986140E-002  0.78539909801392027     
   8.7529983261447342E-012  -2.7063684626682516E-011  -1.9792192071484120E-014  -1.9029617541691746E-002  0.78539909801506314     
   1.2707168650649692E-011  -1.6022294602180409E-011  -1.3522893978162301E-014  -1.9719173176612204E-002  0.78539909801459129     
  -3.8440362004621420E-012  -3.5607516934987871E-011  -1.5542943938834524E-014  -2.0412775704630404E-002  0.78539909801022145     
  -1.1653789044885343E-011  -4.7601478314618362E-011  -1.5989814649321258E-014  -2.1110007933157648E-002  0.78539909800948116     
   6.0791371936375072E-012  -1.6545875780593633E-011  -1.6189113417499952E-014  -2.1810382554807717E-002  0.78539909800992658     
   8.5926821213888616E-012  -4.9853454697768029E-012  -1.0063641155511947E-014  -2.2513294139165918E-002  0.78539909800934149     
  -6.9775296651641838E-012  -2.2894131035400278E-011  -1.4069555234486353E-014  -2.3218037029179239E-002  0.78539909800260288     
  -1.4641621248756564E-011  -3.5014657839838037E-011  -1.0084783205016868E-014  -2.3923748837966663E-002  0.78539909800061147     
   2.8066438062523957E-013  -7.3114847509714309E-012  -1.3284005466278048E-014  -2.4629469693338901E-002  0.78539909800027607     
   1.7763568394002505E-012   1.8491874698156607E-012  -1.8929824897081433E-014  -2.5334135494920140E-002  0.78539909799957575     
  -1.2392753490075847E-011  -1.6545431691383783E-011  -2.0143935629853085E-014  -2.6036636857500017E-002  0.78539909799014240     
  -1.9301449327713271E-011  -3.1123548183131788E-011  -2.3050540996262797E-014  -2.6735789919857922E-002  0.78539909798665886     
  -6.3686833584597480E-012  -8.1561424281062500E-012  -2.0621257371621782E-014  -2.7430420072285688E-002  0.78539909798533225     
  -5.3539395139523549E-012  -1.1999290450148692E-012  -2.5334973293151070E-014  -2.8119363422770327E-002  0.78539909798451124     
  -1.6857626405908377E-011  -1.9325430145045175E-011  -3.0576925584429090E-014  -2.8801526511531783E-002  0.78539909797180307     
  -2.2095658636089865E-011  -3.4661606918007237E-011  -2.6111593829665549E-014  -2.9475843118056844E-002  0.78539909796641227     
  -1.0507594794262332E-011  -1.5002221687154815E-011  -2.2428521378413654E-014  -3.0141341879519334E-002  0.78539909796376539     
  -9.2033047849326977E-012  -8.6806117849391740E-012  -2.2414541580740187E-014  -3.0797121951567252E-002  0.78539909796281460     
  -1.7557955089841926E-011  -2.5119906155168792E-011  -2.8081071962313932E-014  -3.1442386949978918E-002  0.78539909794623952     
  -2.0750512419454026E-011  -4.0034198178773295E-011  -2.5300808329828367E-014  -3.2076372471421699E-002  0.78539909793855101     
  -1.0688339102671307E-011  -2.2690738177288949E-011  -2.2425523440141124E-014  -3.2698391071901423E-002  0.78539909793430152     
  -9.3804963796628726E-012  -1.6133316904642925E-011  -1.9612117742748967E-014  -3.3307786735955691E-002  0.78539909793321006     
  -1.4416023930152733E-011  -2.9920954602857819E-011  -2.2915828639161875E-014  -3.3903955186964208E-002  0.78539909791242002     
  -1.5966783450949151E-011  -4.3685499662160510E-011  -2.4429329729848635E-014  -3.4486262428457870E-002  0.78539909790221030     
  -7.7613471205495443E-012  -2.7152502468652528E-011  -2.2549746042293929E-014  -3.5054089434316538E-002  0.78539909789620355     
  -6.9593220075603313E-012  -1.8743229190931743E-011  -2.3142728137451945E-014  -3.5606790773024866E-002  0.78539909789496720     
  -9.0678575759284286E-012  -2.9307223314845032E-011  -2.3774146529563639E-014  -3.6143724579385417E-002  0.78539909786981577     
  -8.9825924476372165E-012  -4.1438408260319193E-011  -2.2393033665996554E-014  -3.6664184224816321E-002  0.78539909785696660     
  -3.2720492981752614E-012  -2.4830804079556401E-011  -1.9421365168877545E-014  -3.7167458100504813E-002  0.78539909784910600     
  -3.7578828937512299E-012  -1.4350298727094923E-011  -2.4240999317469637E-014  -3.7652803825567460E-002  0.78539909784772988     
  -2.9758417952052696E-012  -2.2887025608042677E-011  -2.0428092366084699E-014  -3.8119492221396989E-002  0.78539909781809369     
  -1.5707435352396715E-012  -3.4960923045446179E-011  -1.9937906541154444E-014  -3.8566752536037363E-002  0.78539909780247219     
   1.1333156635373598E-012  -1.8396839607248694E-011  -1.5766611805162593E-014  -3.8993840603827934E-002  0.78539909779263639     
  -1.4539480730491050E-012  -6.7679195581149543E-012  -1.8911286440755672E-014  -3.9400019530828168E-002  0.78539909779112571     
   2.6343371928305714E-012  -1.5357937144244715E-011  -1.1872200374254253E-014  -3.9784604747117314E-002  0.78539909775685346     
   5.7318594315347582E-012  -2.9245050825466024E-011  -1.7864435875804253E-014  -4.0146910296368965E-002  0.78539909773830185     
   4.6864734315477108E-012  -1.2984724406805981E-011  -2.2693339832219510E-014  -4.0486310849941365E-002  0.78539909772635563     
  -1.0045297926808416E-012  -1.1621814621776139E-012  -2.1747330204077325E-014  -4.0802217055818879E-002  0.78539909772471417     
   1.5676349107707210E-013  -1.4046541707557481E-012  -1.9007781917224205E-014  -4.1094097392271767E-002  0.78539909774083894     
   1.1750600492632657E-012   1.8851586958135158E-012  -1.9185686003129669E-014  -4.1361476770330530E-002  0.78539909772725114     
  -5.5746518512478360E-012   6.6679994858986902E-012  -2.0514303273405376E-014  -4.1603888126174660E-002  0.78539909772551009     
  -2.6094681970789679E-012   2.3545609906250320E-012  -2.2772877910997232E-014  -4.1820931482102530E-002  0.78539909774305650     
  -1.6027179583488760E-012   3.5034197765071440E-012  -2.4823007215509292E-014  -4.2012252359106661E-002  0.78539909772781846     
  -1.0301981490101753E-011   4.9733550611108512E-012  -2.2025270814440334E-014  -4.2177493498081642E-002  0.78539909772597272     
  -5.1740833839630795E-012  -6.1328719880293647E-013  -2.3543658393323082E-014  -4.2316348688130390E-002  0.78539909774488359     
  -7.3030470559842797E-012   8.3244522386394237E-012  -1.3532650697021646E-014  -4.2428542291940818E-002  0.78539909772798100     
  -1.5753176541011271E-011   3.0344615709054779E-012  -1.9765788208317773E-014  -4.2513785848418806E-002  0.78539909772602789     
  -7.9194428792561666E-012  -3.0278002327577269E-012  -1.5449493861126821E-014  -4.2571829793831117E-002  0.78539909774623085     
  -1.1963763313360687E-011   8.4776630160376953E-012  -2.0911651908619270E-014  -4.2602447106218744E-002  0.78539909772772598     
  -1.9835244557953047E-011  -1.1168843627729075E-012  -2.4195818084392531E-014  -4.2605397060494266E-002  0.78539909772567484     
  -1.0066170119671369E-011  -6.1204374901535630E-012  -2.0371664177123977E-014  -4.2580475192279366E-002  0.78539909774710182     
  -1.5099921313321829E-011   4.5150549965455866E-012  -2.5027631503697362E-014  -4.2527501183969640E-002  0.78539909772703853     
  -2.1778134851047071E-011  -8.9204199582582078E-012  -2.5001459756689697E-014  -4.2446289367498835E-002  0.78539909772492389     
  -1.1094680729684114E-011  -1.1858070081416372E-011  -2.4063300231608955E-014  -4.2336694980209089E-002  0.78539909774752237     
  -1.5663914609831409E-011  -4.6367354400445038E-012  -2.8156072620853769E-014  -4.2198604535960360E-002  0.78539909772593997     
  -2.0084822693888782E-011  -1.8308465854488531E-011  -2.6359672639323583E-014  -4.2031911346704476E-002  0.78539909772380123     
  -9.4559915453373833E-012  -1.7175594280161022E-011  -2.6329938438250920E-014  -4.1836555480168514E-002  0.78539909774750771     
  -1.3451462166358397E-011  -1.3612666549533969E-011  -2.4892155120635524E-014  -4.1612514775051235E-002  0.78539909772446337     
   5.3916870967896102E-012   1.2038814389825347E-011  -2.5814172281636141E-014  -4.1359800925725221E-002  0.78539909749723613     
   2.5606183839954610E-011   1.5409895581797173E-011  -2.0875167444297627E-014  -4.1078420051922748E-002  0.78539909750313031     
  -3.2489566592630581E-012  -1.7113865879991863E-011  -2.5646117390046865E-014  -4.0768474023412882E-002  0.78539909750110692     
   1.0522693827397234E-011  -6.2505556286396313E-012  -2.3078463857338002E-014  -4.0430075884267946E-002  0.78539909752638093     
  -6.4663829846267618E-012  -2.3117951997164710E-011  -2.3837809286517057E-014  -4.0063386039248083E-002  0.78539909743515657     
   9.3547392054915690E-012   6.5587535402755748E-012  -2.0186454306694906E-014  -3.9668583836234284E-002  0.78539909719467116     
   2.5665247704864669E-011   3.3323566128728999E-011  -1.6413153308175369E-014  -3.9245877574382249E-002  0.78539909720180379     
   1.6148415937777827E-011   1.8474999308182305E-011  -1.8688712915497553E-014  -3.8795537324948892E-002  0.78539909719989986     
   1.3790302233473994E-011   1.4248602298039259E-011  -2.0613507499069866E-014  -3.8317852890227488E-002  0.78539909722658674     
   1.8727241979377141E-012   2.8421709430404007E-013  -2.0559693349694467E-014  -3.7813150087185221E-002  0.78539909712908529     
   1.5965007094109751E-012  -6.7261751723890484E-012  -2.1630195773187162E-014  -3.7281780041108714E-002  0.78539909687860798     
   5.5835336354448373E-012  -8.1370465920826973E-012  -2.1323703347611116E-014  -3.6724125138769548E-002  0.78539909688696441     
   6.3780092318665993E-012  -2.2146728895222623E-012  -1.5787530544573940E-014  -3.6140605540302406E-002  0.78539909688517318     
   7.3625550101041881E-012  -3.7663205887383810E-012  -1.8545089635843165E-014  -3.5531670872832155E-002  0.78539909691283782     
  -3.2285285556099552E-013   1.4117151891923641E-011  -1.8187571207427808E-014  -3.4897798087772713E-002  0.78539909681031683     
  -7.0388139761234925E-013   1.9185097954732555E-011  -1.7724465325846920E-014  -3.4239500088518060E-002  0.78539909655369078     
  -3.1086244689504383E-013  -2.0659030042224913E-012  -1.6754029972277640E-014  -3.3557328518724727E-002  0.78539909656328299     
  -6.0582650007745542E-012  -5.6536997306011472E-012  -1.9198774802171128E-014  -3.2851852987177299E-002  0.78539909656163465     
  -9.4719787568919855E-012  -3.7876368708111841E-012  -1.8896432571006559E-014  -3.2123687875243778E-002  0.78539909658989882     
  -2.1740831357419665E-011   2.5105695300453590E-011  -1.1110190870425595E-014  -3.1373470850867502E-002  0.78539909648358364     
  -2.3840485141590761E-011   2.8939517449089180E-011  -1.2803494684257446E-014  -3.0601890330514969E-002  0.78539909622440751     
  -1.9618084934336366E-011   3.1565861036142451E-012  -1.3354704185120584E-014  -2.9809684738764108E-002  0.78539909623522874     
  -2.3363533330211794E-011   5.1305626413977734E-012  -2.2007097660059131E-014  -2.8997592683221551E-002  0.78539909623375048     
  -2.4181545654755610E-011   6.4064309412970033E-012  -1.8939128492552233E-014  -2.8166414528327355E-002  0.78539909626221838     
  -3.8527403489752032E-011   4.6361581240716987E-011  -1.9312084347789268E-014  -2.7316970489657866E-002  0.78539909615340664     
  -3.9119818495692016E-011   4.4111381214406720E-011  -2.0034557793591115E-014  -2.6450145643618583E-002  0.78539909589527923     
  -2.9709568138969189E-011   6.7426064731535007E-012  -2.1457018356820718E-014  -2.5566885665749606E-002  0.78539909590732582     
  -3.1229241415076103E-011   1.2165823903842465E-011  -1.9373083039779574E-014  -2.4668117311256399E-002  0.78539909590607127     
  -2.7730262530667460E-011  -1.6271428648906294E-012  -1.6297178262158684E-014  -2.3754844285347687E-002  0.78539909593437973     
  -3.9871217438758322E-011   2.6159518995427788E-011  -2.2789057822413005E-014  -2.2828085210248261E-002  0.78539909582432921     
  -4.2063241778578231E-011   4.5545789362222422E-011  -1.7372492529433683E-014  -2.1888935295638845E-002  0.78539909557072485     
  -4.5759840361370152E-011   4.1802117323186394E-011  -1.8129445691450808E-014  -2.0938559606883622E-002  0.78539909558407894     
  -2.7903901411718834E-011  -4.1744385725905886E-012  -1.7484384018903036E-014  -1.9978084911856264E-002  0.78539909558306698     
  -3.4462210862784559E-011  -4.6185277824406512E-013  -1.8727146485157852E-014  -1.9008729191488438E-002  0.78539909561098353     
  -2.4712232260526434E-011  -2.2681412303882098E-011  -2.5495160293994404E-014  -1.8031734217421658E-002  0.78539909557920051     
  -2.0361046182415521E-011  -2.9251268074403924E-011  -2.2368399699291210E-014  -1.7048417851417863E-002  0.78539909557839782     
  -2.1246115977646696E-011  -2.3126389692151861E-011  -2.7407367980355294E-014  -1.6060120808826017E-002  0.78539909560584587     
  -1.2467804566540508E-011  -2.6713742329320667E-011  -3.0862590562358695E-014  -1.5068219241182401E-002  0.78539909557414567     
  -9.7899466311446304E-012  -3.5369929207718087E-011  -2.3076707815549446E-014  -1.4074171299200078E-002  0.78539909557353549     
  -1.0670131445067454E-011  -3.0836666553568648E-011  -2.5085823350554162E-014  -1.3079458481274120E-002  0.78539909560041543     
  -4.5075054799781356E-012  -2.7247537559560442E-011  -2.3186570073822691E-014  -1.2085600358650250E-002  0.78539909556889798     
  -1.0136780304037529E-011  -8.5522700032925059E-012  -2.1471297784025259E-014  -1.1094204896203941E-002  0.78539909556846865     
  -1.1676881683797546E-011  -1.3519851904675306E-011  -2.1663886505387541E-014  -1.0106904601203670E-002  0.78539909559471610     
  -8.4683371426308440E-012  -8.9004359438149550E-012  -2.4634563067816552E-014  -9.1253729757956314E-003  0.78539909556354326     
  -1.3133050202895902E-011   1.3690382161257730E-011  -2.4753301586194424E-014  -8.1513784032791747E-003  0.78539909556331755     
  -1.7958967646336532E-012   9.7744035087998782E-012  -2.5176879448632959E-014  -7.1867002526508905E-003  0.78539909550760090     
  -6.8478556158879655E-013   2.9547031488164066E-011  -2.9659212939071545E-014  -6.2332149971648931E-003  0.78539909546731124     
   1.2403411631112249E-012   3.3131719590073772E-011  -1.6428964428751793E-014  -5.2928374553138369E-003  0.78539909543672937     
  -1.1872725025341424E-011   4.4108716679147619E-011  -2.0982538111209508E-014  -4.3675533868823280E-003  0.78539909543677999     
   5.5222493244855286E-012   4.8234305438654701E-011  -2.2510681276987398E-014  -3.4593827963074197E-003  0.78539909538445030     
   4.3876013933186186E-012   3.5317526680955780E-011  -2.1654033273701505E-014  -2.5704517611813138E-003  0.78539909534558816     
   6.7625904875967535E-012   3.4020786188193597E-011  -1.9177885325979341E-014  -1.7029309921872127E-003  0.78539909531580121     
  -9.1846530381189950E-012   3.7298164556887059E-011  -2.5021436063712437E-014  -8.5907019403030915E-004  0.78539909531612406     
   6.8096639438408602E-012   3.6755487542450282E-011  -2.5231721680892520E-014  -4.1160846157239916E-005  0.78539909526745599     
   7.4886763457016059E-012   2.1459278798374726E-011  -2.5536873851927866E-014   7.4838946479038881E-004  0.78539909523022033     
   1.0226486324427242E-011   1.2353673639609042E-011  -2.8456855399918795E-014   1.5071196259492936E-003  0.78539909520141116     
   1.0956568985420745E-011   9.0958351961489825E-012  -2.4814752544770125E-014   2.2324796272237268E-003  0.78539909520194162     
   1.3640422125149598E-011   2.8785862582481059E-012  -2.0390484265252271E-014   2.9218668375285972E-003  0.78539909515720330     
   1.7599033341753056E-011  -8.4856566218149965E-012  -2.2156919319136762E-014   3.5725514246529588E-003  0.78539909512177930     
   1.9100276915651193E-011  -1.5997869695638656E-011  -2.5402364262939717E-014   4.1817377813602175E-003  0.78539909509411088     
   1.7255308293329108E-011  -1.5266898856225453E-011  -2.2985668599167464E-014   4.7465289749768491E-003  0.78539909509490002     
   1.8339552099178036E-011  -1.7807977314987511E-011  -1.4658672042147434E-014   5.2639605508011389E-003  0.78539909505422634     
   2.0827561897363012E-011  -2.2326140936002048E-011  -2.1094071326438598E-014   5.7309276400641096E-003  0.78539909502078997     
   2.0101031950048309E-011  -2.5510260570626997E-011  -2.6940216386110364E-014   6.1442430247533597E-003  0.78539909499441829     
   1.5850210033363510E-011  -1.5588419444156898E-011  -2.5558253966292531E-014   6.5006021429312444E-003  0.78539909499545213     
   1.6218137943724287E-011  -7.3141492862305313E-012  -2.1383653487188604E-014   6.7966127161951384E-003  0.78539909495894022     
   1.1554757151088779E-011   5.8051341511600185E-012  -2.1185043986031550E-014   7.0287260311376887E-003  0.78539909492764914     
   1.5746737247468445E-011  -1.0826894936144527E-012  -1.6109554761796869E-014   7.1932888846804044E-003  0.78539909490271520     
   1.1410206113282584E-011   9.6411767458448594E-012  -2.0959241091105695E-014   7.2865099587327009E-003  0.78539909490397408     
   1.7086554393586084E-011   2.5259794256271562E-012  -2.8208435763694581E-014   7.3044832714939112E-003  0.78539909487159820     
   1.1103562513881116E-011   3.0452973476258194E-011  -2.8942091322579648E-014   7.2431263010631630E-003  0.78539909484252957     
   1.6493917343041176E-011   2.2878587913055526E-011  -2.5703809891689876E-014   7.0982226029973061E-003  0.78539909481916281     
   8.3839601927593321E-012   2.8969715515358985E-011  -2.6207773444099277E-014   6.8653904280794320E-003  0.78539909482061321     
   1.1990408665951691E-011   1.8985701899509877E-011  -2.7871831338672351E-014   6.5400975376816994E-003  0.78539909479235270     
   2.3872015475490116E-012   3.8744119024158863E-011  -2.9118369546429778E-014   6.1176091987010794E-003  0.78539909476555081     
   1.0535572414482886E-011   2.8315128020039992E-011  -2.7212533850289378E-014   5.5930175999279186E-003  0.78539909474385783     
   1.7157386622557169E-012   3.1970870395525708E-011  -2.6209176929842800E-014   4.9612135915646505E-003  0.78539909474547831     
   5.5271343057938793E-012   2.3264057347205380E-011  -2.9363712291294886E-014   4.2168899647452296E-003  0.78539909472119274     
  -3.8309355687715652E-012   2.8817837005590263E-011  -2.7593077671295261E-014   3.3545024363922371E-003  0.78539909469669333     
   8.8500318184969728E-012   1.5275780640422454E-011  -2.7864410479962591E-014   2.3682814488619197E-003  0.78539909467677327     
  -2.1260770921571748E-012   1.7021939413552900E-011  -2.6798462362475341E-014   1.2522076157273215E-003  0.78539909467852143     
   2.2712942637781453E-012   9.8161478945257841E-012  -1.1441012089652676E-014  -2.1533636648401216E-016  0.78539909465795388     
