 force-1force-2force-3workmass
   4.4408920985006262E-016   1.0658141036401503E-014  -2.1490512560269858E-014   0.0000000000000000       0.78539817820995284     
  -6.3116623039149999E-011  -1.2618371286343688E-003  -1.7084812353939156E-014  -2.0008571348937090E-007  0.78539817820995284     
  -5.2376591952452145E-010  -5.1041082929934589E-003  -1.6120406628701891E-014  -3.2201390795950219E-006  0.78539817820995261     
  -1.6703540772766701E-009  -1.1620494511522139E-002  -1.8709550827560240E-014  -1.6404725079025712E-005  0.78539817820995228     
  -3.7358245386087674E-009  -2.0879281223603385E-002  -1.7337441790607997E-014  -5.2100524926490532E-005  0.78539817820995261     
  -6.1646869831122331E-009  -3.2947622745652438E-002  -1.7276781245316754E-014  -1.2769475648397033E-004  0.78539817820995173     
  -5.5475970484053505E-009  -4.7871662153578853E-002  -1.3834733531514327E-014  -2.6551495797443037E-004  0.78539817820995195     
   6.4098015783997653E-009  -6.5670683854239797E-002  -1.7832296993995419E-014  -4.9256931886529354E-004  0.78539817820994540     
   4.6510355122819647E-008  -8.6352471331263558E-002  -2.2993282702823804E-014  -8.4030342401755775E-004  0.78539817820994817     
   1.4517864999064045E-007 -0.10990530380484742       -1.8233807847152820E-014  -1.3441840808575967E-003  0.78539817820994429     
   3.5085353466968172E-007 -0.13627079676514953       -1.9471977224041876E-014  -2.0428144257324532E-003  0.78539817820994484     
   7.3852444204547396E-007 -0.16534353777666055       -1.8707983790966378E-014  -2.9769278105318819E-003  0.78539817820992541     
   1.4092914049079752E-006 -0.19700207478889098       -1.8467550029316439E-014  -4.1887911441898518E-003  0.78539817820993185     
   2.4704048993129391E-006 -0.23111533457848310       -1.7441620996837540E-014  -5.7214974444951827E-003  0.78539817820992397     
   4.0443499278453032E-006 -0.26746099038216542       -1.3113243138992041E-014  -7.6161247653303565E-003  0.78539817820992375     
   6.3512858208270018E-006 -0.30556859499867173       -1.8694949546599650E-014  -9.9049777683594131E-003  0.78539817820989011     
   9.7877794855705247E-006 -0.34459862184769818       -2.0727070173343855E-014  -1.2602242622403836E-002  0.78539817820989977     
   1.4874375586337862E-005 -0.38337886797395981       -2.1510535368756274E-014  -1.5696954735958002E-002  0.78539817820988844     
   2.2076648054536463E-005 -0.42061537265880133       -1.7189635595143210E-014  -1.9153215723807904E-002  0.78539817820988833     
   3.1657560520592654E-005 -0.45516979286535175       -1.5648502759192493E-014  -2.2918284607995276E-002  0.78539817820985147     
   4.3684768383123185E-005 -0.48625783634829389       -1.7767137204313691E-014  -2.6934108030655657E-002  0.78539817820986046     
   5.8157812630632577E-005 -0.51349082423034176       -1.8003607301458812E-014  -3.1146261965932398E-002  0.78539817820985114     
   7.5122072438649212E-005 -0.53678428648524346       -2.3658487513975199E-014  -3.5506932443372552E-002  0.78539817820985081     
   9.4687042336172311E-005 -0.55621676819111698       -1.5468328829018918E-014  -3.9972740938246876E-002  0.78539817820985047     
   1.1694871379530625E-004 -0.57191491391316163       -1.5568452094667365E-014  -4.4500672999899349E-002  0.78539817820985003     
   1.4186190524378972E-004 -0.58399566319228136       -2.1360182944250785E-014  -4.9044991661880921E-002  0.78539817820984936     
   1.6913014344233090E-004 -0.59255573332881184       -1.5608878834487376E-014  -5.3556131862555478E-002  0.78539817820984914     
   1.9819777844842790E-004 -0.59768621942630418       -1.9690871132572193E-014  -5.7981301866960377E-002  0.78539817820984870     
   2.2838556465210047E-004 -0.59950120355892267       -1.9475882916908024E-014  -6.2266862011045143E-002  0.78539817820984859     
   2.5909143952418390E-004 -0.59818280637925980       -1.7034092838228934E-014  -6.6363682886416253E-002  0.78539817820984814     
   2.8990421947705514E-004 -0.59404418841223539       -1.9089174957842753E-014  -7.0236841833006380E-002  0.78539817820984792     
   3.2057872076673988E-004 -0.58759608444357170       -1.5440819816718556E-014  -7.3879154409906000E-002  0.78539817820984759     
   3.5102201062198191E-004 -0.57958566867009509       -1.8532606446042105E-014  -7.7324904825177398E-002  0.78539817820984714     
   3.8150714487628079E-004 -0.57097548295598344       -1.8212901060027210E-014  -8.0657920028008867E-002  0.78539817820984714     
   4.1314039733464369E-004 -0.56285074104772015       -1.7576080136722814E-014  -8.4008875625319224E-002  0.78539817820984692     
   4.4832290740437486E-004 -0.55627585475161823       -1.8576162664140107E-014  -8.7540697640362541E-002  0.78539817820984648     
   4.9085666233139591E-004 -0.55214656650687033       -1.7668825769585703E-014  -9.1426178571201611E-002  0.78539817820984625     
   5.4555852887983036E-004 -0.55108734858490038       -1.7149979280902203E-014  -9.5825469572068833E-002  0.78539817820984603     
   6.1758773107722931E-004 -0.55342322818260570       -1.6595277986037135E-014 -0.10087090990368441       0.78539817820984570     
   7.1187929798366412E-004 -0.55922331477412435       -1.6463586568212539E-014 -0.10666295062774367       0.78539817820984492     
   8.3298270203790992E-004 -0.56838721941875292       -1.9200785541030167E-014 -0.11327592538550979       0.78539817820984481     
   9.8531758371223077E-004 -0.58073623947586661       -1.7219801623931764E-014 -0.12076868951620456       0.78539817820984426     
   1.1735644440955539E-003 -0.59607841582843513       -1.5850538033575575E-014 -0.12919405116495275       0.78539817820984381     
   1.4027693641116556E-003 -0.61423218869618168       -1.5860950124264488E-014 -0.13860216177907470       0.78539817820984337     
   1.6778205659599976E-003 -0.63500861549889365       -1.9347176305535921E-014 -0.14903543618369319       0.78539817820984270     
   2.0022160339223660E-003 -0.65816279710888104       -1.8500587973568848E-014 -0.16051514565246361       0.78539817820984181     
   2.3763746709404288E-003 -0.68333167400541228       -1.9112402763246327E-014 -0.17302223245069381       0.78539817820984126     
   2.7959782293054403E-003 -0.70997911402842284       -1.7815591320433882E-014 -0.18647706800586139       0.78539817820984026     
   3.2508496472845039E-003 -0.73736966218060829       -1.5804876272497998E-014 -0.20072440520351709       0.78539817820983937     
   3.7246925643836803E-003 -0.76458720062921159       -1.6031369268548868E-014 -0.21552977387316918       0.78539817820983837     
   4.1957588707512983E-003 -0.79060295405670189       -2.2880259954128082E-014 -0.23059127722229267       0.78539817820983726     
   4.6383126922648898E-003 -0.81438133868650731       -2.1826210410484694E-014 -0.24556635723815656       0.78539817820983626     
   5.0246441259691466E-003 -0.83499813452296756       -1.7933173025571250E-014 -0.26010806375429940       0.78539817820983515     
   5.3272894259279724E-003 -0.85173981245557506       -1.9306946580974829E-014 -0.27390183080392561       0.78539817820983415     
   5.5210141001342805E-003 -0.86415863393128411       -1.5020045908146888E-014 -0.28669341941964888       0.78539817820983326     
   5.5840890235723251E-003 -0.87207318197835093       -1.7529556888217100E-014 -0.29830180447695209       0.78539817820983238     
   5.4985725490386272E-003 -0.87552202604679330       -1.4026196001659085E-014 -0.30861608340269253       0.78539817820983160     
   5.2497617953246589E-003 -0.87469220837080641       -1.3420175659129144E-014 -0.31758082837027946       0.78539817820983027     
   4.8255472835414537E-003 -0.86984953154262712       -1.8167136544291423E-014 -0.32517773890271062       0.78539817820982938     
   4.2167809838105086E-003 -0.86129349304777847       -1.5714299480715660E-014 -0.33141197423820845       0.78539817820982849     
   3.4196411553812922E-003 -0.84934872426197394       -2.0361725810459954E-014 -0.33630926025044960       0.78539817820982771     
   2.4402464657047318E-003 -0.83439111511563446       -1.4481504861133668E-014 -0.33992568787476518       0.78539817820982694     
   1.3006448745116472E-003 -0.81689459081865934       -2.2433706255354298E-014 -0.34236733518813178       0.78539817820982594     
   4.4263575745162598E-005 -0.79747700505400587       -1.4544000844447698E-014 -0.34381280407161352       0.78539817820982516     
  -1.2615076380182444E-003 -0.77692280910421374       -1.3294694973421993E-014 -0.34452967584612981       0.78539817820982427     
  -2.5274029936497300E-003 -0.75616645070062560       -1.8739209164600793E-014 -0.34487658654920939       0.78539817820982327     
  -3.6494834676012999E-003 -0.73623231481298745       -1.3377026209547170E-014 -0.34528621481165267       0.78539817820982261     
  -4.5202178810228588E-003 -0.71814094604338052       -2.0715062830144538E-014 -0.34623008989977588       0.78539817820982161     
  -5.0408717671235337E-003 -0.70280266215847575       -1.8902209850570780E-014 -0.34817198114173120       0.78539817820982094     
  -5.1321868185727482E-003 -0.69092436352264563       -1.7953945492950911E-014 -0.35152058940625075       0.78539817820981972     
  -4.7409392168837883E-003 -0.68295152195872078       -1.7889506334802654E-014 -0.35659271648605362       0.78539817820981894     
  -3.8413959573766476E-003 -0.67905632102389824       -1.5055749645942845E-014 -0.36359469796986232       0.78539817820981828     
  -2.4324573116309978E-003 -0.67916871585098981       -1.4540997796432690E-014 -0.37262380230837699       0.78539817820981739     
  -5.3281643895353170E-004 -0.68303482446180475       -2.1601655077368738E-014 -0.38368474199142177       0.78539817820981639     
   1.8227134317108096E-003 -0.69028066909940122       -1.5268315590897660E-014 -0.39671181271427081       0.78539817820981539     
   4.5828035690380631E-003 -0.70046064957863052       -2.0112777786424468E-014 -0.41158614364970703       0.78539817820981428     
   7.6736741856269219E-003 -0.71307832652338199       -2.0676243859187206E-014 -0.42814046189220001       0.78539817820981317     
   1.0988511851934391E-002 -0.72757902032515354       -1.9566696426154943E-014 -0.44614959699198486       0.78539817820981195     
   1.4375758484018064E-002 -0.74332525605659328       -1.6226348853095146E-014 -0.46531160462887833       0.78539817820981028     
   1.7631666035127225E-002 -0.75957333849525810       -1.7345053564826069E-014 -0.48522946253828891       0.78539817820980906     
   2.0502628390387301E-002 -0.77546989155267809       -1.0176517524946082E-014 -0.50540484178526768       0.78539817820980740     
   2.2700662840630770E-002 -0.79008082374651600       -1.4716892496880731E-014 -0.52525271076346058       0.78539817820980540     
   2.3931450974487234E-002 -0.80245404061663272       -1.6038040753081999E-014 -0.54413926653483280       0.78539817820980384     
   2.3929919955319789E-002 -0.81170520547221159       -1.4642323011740389E-014 -0.56143805814016545       0.78539817820980229     
   2.2495241376114805E-002 -0.81710723598391155       -2.0229520451488778E-014 -0.57659292793320560       0.78539817820980062     
   1.9516756665673540E-002 -0.81816210276921097       -1.9625879398760066E-014 -0.58917383785377275       0.78539817820979918     
   1.4985045648023387E-002 -0.81463855577619526       -1.4667290240417864E-014 -0.59891365759980886       0.78539817820979763     
   8.9872148974663446E-003 -0.80656968961730513       -1.9847527491198369E-014 -0.60571973602397833       0.78539817820979652     
   1.6906833087553252E-003 -0.79421598323812148       -1.6642687445278784E-014 -0.60966139813119291       0.78539817820979518     
  -6.6766861357940854E-003 -0.77800847912530635       -1.5139040707815414E-014 -0.61094082064874478       0.78539817820979452     
  -1.5841702320759765E-002 -0.75849014251553726       -1.7834302704913622E-014 -0.60985798358443333       0.78539817820979341     
  -2.5490579931219060E-002 -0.73627036494232634       -1.9285191380983016E-014 -0.60677971807868047       0.78539817820979219     
  -3.5262912683540648E-002 -0.71199958223019877       -2.1999041357414297E-014 -0.60211881952461788       0.78539817820979174     
  -4.4740425800306127E-002 -0.68636129039568239       -2.0855938357169572E-014 -0.59632345929320785       0.78539817820979096     
  -5.3440391803642129E-002 -0.66007108451168861       -1.8348205055620973E-014 -0.58987192884788442       0.78539817820979019     
  -6.0824409786203404E-002 -0.63386956881897127       -2.0114510616433845E-014 -0.58326505695800002       0.78539817820978930     
  -6.6329651827430780E-002 -0.60849901741056200       -2.0031874988815821E-014 -0.57700946867689495       0.78539817820978841     
  -6.9422426969577344E-002 -0.58466113443192036       -1.8099434190498332E-014 -0.57158886401730413       0.78539817820978741     
  -6.9665411383368792E-002 -0.56296204281266427       -1.6413571632183203E-014 -0.56742608252676519       0.78539817820978663     
  -6.6783443713546831E-002 -0.54385712598274516       -1.6265191784132411E-014 -0.56484362344760974       0.78539817820978597     
  -6.0711240178907389E-002 -0.52760999361454619       -2.0784750833264817E-014 -0.56403247543562962       0.78539817820978519     
  -5.1610819626862536E-002 -0.51427614604526717       -2.2597835764166477E-014 -0.56503760671997405       0.78539817820978475     
  -3.9855495497793214E-002 -0.50371455422133860       -1.5863648941492131E-014 -0.56776380035192897       0.78539817820978441     
  -2.5987627137066482E-002 -0.49562237850245161       -1.6453045101385855E-014 -0.57199951442006203       0.78539817820978397     
  -1.0664875370839155E-002 -0.48958245709590376       -1.6744352840689425E-014 -0.57745147546024000       0.78539817820978364     
   5.3886022000213529E-003 -0.48511182928786578       -2.0113996832947784E-014 -0.58378068634173363       0.78539817820978375     
   2.1414547452014432E-002 -0.48170241117332413       -2.0765660168783195E-014 -0.59063207568541376       0.78539817820978353     
   3.6634835537430632E-002 -0.47885032952499706       -1.4570952415737611E-014 -0.59765421550905629       0.78539817820978353     
   5.0256282334053992E-002 -0.47607579698255975       -1.9211915913231214E-014 -0.60451034838699691       0.78539817820978375     
   6.1481492713728159E-002 -0.47293848185023979       -1.6818737793331091E-014 -0.61088517569182166       0.78539817820978408     
   6.9540929935413942E-002 -0.46905300593516053       -1.9167834963217852E-014 -0.61649210572213775       0.78539817820978441     
   7.3753572842182535E-002 -0.46410604767589581       -1.8966712811231321E-014 -0.62108309818762120       0.78539817820978475     
   7.3610894234061419E-002 -0.45787241574333581       -1.8001761188317188E-014 -0.62445945780439782       0.78539817820978530     
   6.8866486051621933E-002 -0.45022466710781917       -1.7508844332341930E-014 -0.62647912088458302       0.78539817820978552     
   5.9606848633105614E-002 -0.44113092530915399       -1.8598275122903007E-014 -0.62705577420047476       0.78539817820978663     
   4.6281014237589346E-002 -0.43063857448544374       -2.1121673969719464E-014 -0.62614771817120651       0.78539817820978752     
   2.9677535178883829E-002 -0.41884603904582041       -2.1839600730650207E-014 -0.62373838148684557       0.78539817820978897     
   1.0852977284876886E-002 -0.40586874818539043       -2.2012471510937839E-014 -0.61981371535634011       0.78539817820979030     
  -8.9697013221368138E-003 -0.39180683983143116       -2.2023882544651287E-014 -0.61434267656485853       0.78539817820979219     
  -2.8507389714441445E-002 -0.37672065092817231       -2.4112451707007740E-014 -0.60726528606757935       0.78539817820979418     
  -4.6505089851926584E-002 -0.36061652433991531       -2.1090651636312338E-014 -0.59848937351939435       0.78539817820979674     
  -6.1795206841978256E-002 -0.34344183894518809       -1.6630339079402621E-014 -0.58789390175693690       0.78539817820979907     
  -7.3331977180238539E-002 -0.32508627386929545       -1.5632857355470161E-014 -0.57533530105612884       0.78539817820980218     
  -8.0216930622114546E-002 -0.30538693876890566       -2.2277432296043985E-014 -0.56065408963806362       0.78539817820980473     
  -8.1734209354422660E-002 -0.28413745497290765       -1.4727923595058994E-014 -0.54368150043989494       0.78539817820980773     
  -7.7407053622884803E-002 -0.26110356358549236       -1.5849060336042195E-014 -0.52424830756803242       0.78539817820981173     
  -6.7072053289884082E-002 -0.23604845633623484       -1.7530109965801114E-014 -0.50219897396715951       0.78539817820981506     
  -5.0952620669889370E-002 -0.20876884661451278       -1.6101193576362157E-014 -0.47741287769878848       0.78539817820981916     
  -2.9704804854873146E-002 -0.17913848705658886       -1.5760186711988012E-014 -0.44983120913932906       0.78539817820982316     
  -4.4114229053704435E-003 -0.14715141031478751       -1.9208796647247391E-014 -0.41948467648815191       0.78539817820982771     
   2.3486031240601335E-002 -0.11295497331515136       -2.3392336465681488E-014 -0.38651520928427630       0.78539817820983204     
   5.2309464328551769E-002  -7.6864249938608964E-002  -1.8175140003132278E-014 -0.35118558891727591       0.78539817820983682     
   8.0295745491319792E-002  -3.9354097363013985E-002  -2.5498603460173932E-014 -0.31387425469471175       0.78539817820984204     
  0.10574627640097134       -1.0312541711918755E-003  -1.5702640583014701E-014 -0.27505696319521400       0.78539817820984759     
  0.12714810721464787        3.7406673552267122E-002  -1.4797529231052488E-014 -0.23528032077923910       0.78539817820985292     
  0.14325444535318255        7.5217558846423671E-002  -1.8303632760246987E-014 -0.19513268312042076       0.78539817820985902     
  0.15312912342020368       0.11166142706303717       -2.3608245926205817E-014 -0.15521525714587625       0.78539817820986524     
  0.15617089865302702       0.14604695443003912       -1.7591135640234741E-014 -0.11611207246895461       0.78539817820987212     
  0.15213438375121058       0.17778050508380616       -1.6595165753102307E-014  -7.8354575609065336E-002  0.78539817820987901     
  0.14115525739119761       0.20641998000539452       -1.9625441432424532E-014  -4.2377281157654600E-002  0.78539817820988644     
  0.12377350451525260       0.23173138751974598       -2.1798660347616762E-014  -8.4655991304574130E-003  0.78539817820989388     
  0.10093741063270656       0.25373990257450885       -1.9267903193962149E-014   2.3296395707155249E-002  0.78539817820990210     
   7.3968964877131782E-002  0.27276277934970850       -2.0256143062628797E-014   5.3065446243518721E-002  0.78539817820991087     
   4.4479794101661696E-002  0.28941182837698598       -1.9518795677162528E-014   8.1252760592573026E-002  0.78539817820991953     
   1.4242139867910453E-002  0.30455905084159696       -1.8573187079118878E-014  0.10850409662904337       0.78539817820992852     
  -1.4965298701763885E-002  0.31926835580075164       -1.7889003144321455E-014  0.13564746412241568       0.78539817820993796     
  -4.1508569581393928E-002  0.33470498947502669       -1.8517789667597873E-014  0.16361800882280164       0.78539817820994773     
  -6.4020983732682168E-002  0.35203834359349528       -2.2180675257229093E-014  0.19337362974932404       0.78539817820995728     
  -8.1482627037301469E-002  0.37235141303975361       -2.3427041681569717E-014  0.22581300225967382       0.78539817820996782     
  -9.3257224220675283E-002  0.39656299956040542       -2.2906490771015358E-014  0.26170172375764267       0.78539817820997782     
  -9.9097612254817946E-002  0.42536116339509178       -1.6808461042040726E-014  0.30160629984071008       0.78539817820998836     
  -9.9133671126367062E-002  0.45914306287048134       -1.5394669104648811E-014  0.34583354283794776       0.78539817820999913     
  -9.3850998519599216E-002  0.49795941849601277       -1.4575634472114698E-014  0.39437608721992490       0.78539817821001046     
  -8.4059366475896624E-002  0.54146971099054042       -2.8167465235320196E-014  0.44687119062066394       0.78539817821002167     
  -7.0843159982420190E-002  0.58892203060739945       -1.7287858303718948E-014  0.50258553367894265       0.78539817821003322     
  -5.5485912145428529E-002  0.63917385052467068       -2.2439839107801027E-014  0.56043921002880204       0.78539817821004476     
  -3.9368075372307132E-002  0.69076400829516160       -2.6122708693695744E-014  0.61907579699458459       0.78539817821005675     
  -2.3847663216340464E-002  0.74203331617068002       -2.1206352501172635E-014  0.67697412092103093       0.78539817821006852     
  -1.0141803301983998E-002  0.79127690543586127       -1.9565719196499972E-014  0.73258568200261820       0.78539817821008062     
   7.7091088668623797E-004  0.83690233799804403       -2.6639781158676495E-014  0.78447488343043048       0.78539817821009250     
   8.2131034779600043E-003  0.87756811009888835       -2.8105138462813142E-014  0.83144032434910287       0.78539817821010494     
   1.1832569167934182E-002  0.91228701979597204       -1.7566915594965759E-014  0.87260372333827974       0.78539817821011737     
   1.1593688846117445E-002  0.94049270852565314       -1.3653696425587007E-014  0.90746417042118210       0.78539817821013014     
   7.7475530929511649E-003  0.96207815192255453       -1.6574937470800891E-014  0.93592361959414028       0.78539817821014268     
   7.9074473620366348E-004  0.97741659471386555       -2.3701460021577780E-014  0.95829089424866432       0.78539817821015545     
  -8.5827523044006426E-003  0.98736814346752766       -2.0285490931378762E-014  0.97526622776302752       0.78539817821016822     
  -1.9537495633905166E-002  0.99326401336503167       -2.1463829487185689E-014  0.98790084886683083       0.78539817821018132     
  -3.1163049559630451E-002  0.99685287886435958       -2.4041641285074713E-014  0.99752228838944035       0.78539817821019420     
  -4.2550488646875273E-002   1.0001957735318037       -1.7233178590674438E-014   1.0056199002452360       0.78539817821020708     
  -5.2872419329592191E-002   1.0055082214487250       -2.1818537885318444E-014   1.0136960414675151       0.78539817821022018     
  -6.1454877184760726E-002   1.0149656044285038       -1.8241146900711229E-014   1.0231015065924680       0.78539817821023306     
  -6.7828534047355227E-002   1.0305017743115563       -2.4880938813910964E-014   1.0348824032556898       0.78539817821024571     
  -7.1750899608840513E-002   1.0536344258300581       -2.4832126477897173E-014   1.0496649065415831       0.78539817821025770     
  -7.3198759045139283E-002   1.0853418774812660       -2.5641667082795396E-014   1.0675943220631545       0.78539817821026947     
  -7.2337375434175399E-002   1.1259993185586090       -2.2237136059653106E-014   1.0883304859253613       0.78539817821028124     
  -6.9476828593736162E-002   1.1753667992376897       -2.1418870830090159E-014   1.1110894637997077       0.78539817821029256     
  -6.5025167590790023E-002   1.2326138106387816       -1.9903797604065411E-014   1.1347165439016180       0.78539817821030300     
  -5.9444157049127089E-002   1.2963686327832633       -2.2810761788981290E-014   1.1577780279390861       0.78539817821031288     
  -5.3209017535691849E-002   1.3647908578204095       -1.3869425423310883E-014   1.1786655829113464       0.78539817821032210     
  -4.6771177982830370E-002   1.4356748898657372       -2.4764192580016187E-014   1.1957116448790632       0.78539817821033131     
  -4.0523565455990118E-002   1.5065936677717175       -9.4240515878475397E-015   1.2073139201619334       0.78539817821033919     
  -3.4770302018973576E-002   1.5750830579782935       -1.7673311909761588E-014   1.2120615914867390       0.78539817821034652     
  -2.9704875876188197E-002   1.6388521840095756       -1.9756953888106696E-014   1.2088489362573238       0.78539817821035351     
  -2.5401138370184984E-002   1.6959914484738441       -2.3174073220202538E-014   1.1969585091971444       0.78539817821035984     
  -2.1819356604720119E-002   1.7451458241703648       -2.8905532449109674E-014   1.1760990712604702       0.78539817821036562     
  -1.8826012482750176E-002   1.7856286658409140       -2.9563800827667560E-014   1.1463923987609368       0.78539817821037083     
  -1.6222858299752674E-002   1.8174668820287607       -2.4206661763298527E-014   1.1083140087724619       0.78539817821037583     
  -1.3779229533673054E-002   1.8413840089681770       -2.9030915279382116E-014   1.0626010037556872       0.78539817821038005     
  -1.1262043830590818E-002   1.8587362696598575       -2.6087097461779245E-014   1.0101428178753613       0.78539817821038405     
  -8.4596691609920560E-003   1.8714154509057828       -2.2641584051795872E-014  0.95186809628999836       0.78539817821038760     
  -5.1978230314393414E-003   1.8817246715626759       -3.1783162307461595E-014  0.88863642895341233       0.78539817821039037     
  -1.3471214658298258E-003   1.8922257689534625       -2.8634128816116865E-014  0.82114060486328677       0.78539817821039293     
   3.1770727892823647E-003   1.9055563248388125       -1.7301070959384331E-014  0.74982515131400040       0.78539817821039404     
   8.4210816323857518E-003   1.9242218053364795       -1.8236314599313105E-014  0.67482890160344766       0.78539817821039470     
   1.4403537971013680E-002   1.9503802405656643       -1.7603094659859097E-014  0.59596038855129274       0.78539817821039382     
   2.1127496697563197E-002   1.9856465597414967       -1.8752314541774794E-014  0.51271239637369082       0.78539817821039193     
   2.8591032604953437E-002   2.0309449713610022       -1.3465192264793251E-014  0.42431601984157963       0.78539817821038915     
   3.6793825652517986E-002   2.0864288948572316       -2.5955638753577328E-014  0.32982721859960029       0.78539817821038538     
   4.5738386730390657E-002   2.1514736671611949       -1.0437368652662385E-014  0.22823328646872221       0.78539817821037983     
   5.5425875145079573E-002   2.2247337782706467       -1.4067358088907609E-014  0.11856476592224507       0.78539817821037317     
   6.5848028313617579E-002   2.3042479199710151       -4.7035192035754116E-015  -2.0066107310782606E-014  0.78539817821036484     
