 force-1force-2force-3workmass
  -3.9968028886505635E-015   1.0658141036401503E-014  -2.1490512560269842E-014   0.0000000000000000       0.78539817820995317     
   4.8849813083506888E-015   3.5527136788005009E-015  -1.8949828731078374E-014  -2.7654402644261035E-008  0.78539817820995306     
  -2.2204460492503131E-015  -2.8421709430404007E-014  -2.3533549288779915E-014  -3.3401473640182373E-007  0.78539817820995272     
  -1.1546319456101628E-014   1.0658141036401503E-014  -2.5928612897487712E-014  -1.4646405545239854E-006  0.78539817820995705     
  -3.0642155479654321E-014  -1.4210854715202004E-014  -2.2877456150036576E-014  -4.1951853659788832E-006  0.78539817820995506     
   1.4654943925052066E-014   1.7763568394002505E-014  -2.5331873633147403E-014  -9.4752361285274297E-006  0.78539817820996982     
   7.9936057773011271E-015   3.5527136788005009E-015  -2.5315729147402054E-014  -1.8368173571129201E-005  0.78539817820996505     
   1.9984014443252818E-014   7.1054273576010019E-015  -2.3997901027284813E-014  -3.1984893159366437E-005  0.78539817820999636     
   4.4408920985006262E-016   2.8421709430404007E-014  -2.4590760957096987E-014  -5.1410977884400189E-005  0.78539817820998770     
   6.2172489379008766E-015  -1.0658141036401503E-014  -2.4801818349928442E-014  -7.7627939931018686E-005  0.78539817821004121     
   4.4408920985006262E-016   5.6843418860808015E-014  -2.4000701620356810E-014  -1.1143603394885362E-004  0.78539817821002744     
  -8.8817841970012523E-016  -7.1054273576010019E-015  -2.7016671330673952E-014  -1.5339339188143869E-004  0.78539817821011038     
   1.4210854715202004E-014  -2.8421709430404007E-014  -2.8358127242080754E-014  -2.0379002319071554E-004  0.78539817821008961     
   1.5987211554602254E-014  -3.1974423109204508E-014  -2.4505878653860821E-014  -2.6267293413606563E-004  0.78539817821020907     
   2.7089441800853820E-014   3.1974423109204508E-014  -2.6961680797702767E-014  -3.2992685643610381E-004  0.78539817821017999     
  -1.4654943925052066E-014   2.8421709430404007E-014  -2.8634107567365170E-014  -4.0539727329749753E-004  0.78539817821034097     
   0.0000000000000000        1.7763568394002505E-014  -2.7417338901828467E-014  -4.8902585643922913E-004  0.78539817821030300     
   4.2632564145606011E-014  -3.5527136788005009E-014  -2.5406340742474406E-014  -5.8096470195158345E-004  0.78539817821033309     
   7.9936057773011271E-015   1.4210854715202004E-014  -2.4723964409477741E-014  -6.8164425377743865E-004  0.78539817821033397     
   3.6415315207705135E-014   4.9737991503207013E-014  -2.6213357311049049E-014  -7.9178783530661767E-004  0.78539817821033409     
   2.6201263381153694E-014  -2.8421709430404007E-014  -2.4780451566479880E-014  -9.1238039209619315E-004  0.78539817821033364     
   1.3322676295501878E-014   2.4868995751603507E-014  -2.6084017719545253E-014  -1.0446068961882937E-003  0.78539817821033409     
   2.4424906541753444E-014   3.5527136788005009E-014  -2.5411659763780890E-014  -1.1897746549751620E-003  0.78539817821033409     
   8.8817841970012523E-016   3.5527136788005009E-014  -2.7392052701256817E-014  -1.3492285056160569E-003  0.78539817821033409     
   2.3092638912203256E-014   2.1316282072803006E-014  -2.7188961562413122E-014  -1.5242631265698636E-003  0.78539817821033409     
   4.4408920985006262E-016   2.1316282072803006E-014  -3.0092591757646457E-014  -1.7160354386845933E-003  0.78539817821033431     
   7.9936057773011271E-015   2.8421709430404007E-014  -3.0399767056515838E-014  -1.9254822112955983E-003  0.78539817821033431     
  -2.4424906541753444E-014  -1.4210854715202004E-014  -3.0731738954664342E-014  -2.1532513479679827E-003  0.78539817821033431     
  -8.8817841970012523E-015   6.0396132539608516E-014  -2.9677189099528088E-014  -2.3996572303225661E-003  0.78539817821033431     
  -8.4376949871511897E-015   7.8159700933611020E-014  -3.1325198247371656E-014  -2.6646692177403897E-003  0.78539817821033453     
   1.6431300764452317E-014   1.7763568394002505E-014  -3.1966130849669097E-014  -2.9479378281083990E-003  0.78539817821033442     
  -2.0428103653102880E-014   2.1316282072803006E-014  -3.1612865437095230E-014  -3.2488566045481004E-003  0.78539817821033442     
   1.4210854715202004E-014  -3.9079850466805510E-014  -2.9273417839902940E-014  -3.5666512603862444E-003  0.78539817821033464     
   7.9936057773011271E-015   1.4210854715202004E-014  -2.9936928083356490E-014  -3.9004832443568782E-003  0.78539817821033475     
  -3.0198066269804258E-014  -1.7763568394002505E-014  -2.6008375617745107E-014  -4.2495533698161392E-003  0.78539817821033453     
  -1.2434497875801753E-014  -2.8421709430404007E-014  -2.6901752575912635E-014  -4.6131925223087955E-003  0.78539817821033486     
   1.0214051826551440E-014  -2.1316282072803006E-014  -2.6309306697506394E-014  -4.9909297980202938E-003  0.78539817821033453     
  -1.0658141036401503E-014   4.6185277824406512E-014  -2.6393415247276401E-014  -5.3825325245181466E-003  0.78539817821033497     
  -3.9968028886505635E-015  -2.8421709430404007E-014  -2.6491769200045867E-014  -5.7880164648225207E-003  0.78539817821033486     
   3.1086244689504383E-015   0.0000000000000000       -2.9533461802846926E-014  -6.2076275744447074E-003  0.78539817821033497     
  -7.9936057773011271E-015   1.4210854715202004E-014  -3.1040176516938664E-014  -6.6417989171471126E-003  0.78539817821033497     
   1.5543122344752192E-014  -1.4210854715202004E-014  -2.5479961343617400E-014  -7.0910879715558872E-003  0.78539817821033509     
   1.6875389974302379E-014   3.5527136788005009E-015  -2.9516130597831332E-014  -7.5561008114141126E-003  0.78539817821033497     
   1.7763568394002505E-014  -1.7763568394002505E-014  -3.0211007939503822E-014  -8.0374105864542966E-003  0.78539817821033520     
  -1.0214051826551440E-014   3.5527136788005009E-015  -2.7111474312472611E-014  -8.5354782394040374E-003  0.78539817821033520     
  -4.4408920985006262E-015   2.1316282072803006E-014  -2.8111967228166650E-014  -9.0505832382501428E-003  0.78539817821033520     
   5.7731597280508140E-015  -2.1316282072803006E-014  -2.6850842921392529E-014  -9.5827711037722585E-003  0.78539817821033542     
   1.5987211554602254E-014  -7.1054273576010019E-014  -2.3902970233771312E-014  -1.0131822665276902E-002  0.78539817821033542     
  -2.3980817331903381E-014   3.5527136788005009E-015  -2.7452605542043914E-014  -1.0697247488518524E-002  0.78539817821033509     
   1.1102230246251565E-014   2.1316282072803006E-014  -2.2935214768350397E-014  -1.1278301158182291E-002  0.78539817821033553     
   4.5741188614556449E-014  -2.4868995751603507E-014  -2.3744673023117354E-014  -1.1874023488395169E-002  0.78539817821033553     
   8.4376949871511897E-015  -2.1316282072803006E-014  -2.3691794662299738E-014  -1.2483292646474631E-002  0.78539817821033542     
   2.2204460492503131E-015  -7.1054273576010019E-015  -2.5856620243390877E-014  -1.3104888845599461E-002  0.78539817821033531     
   1.6431300764452317E-014   7.1054273576010019E-015  -2.5720189385183214E-014  -1.3737560765785251E-002  0.78539817821033542     
  -1.4654943925052066E-014  -1.0658141036401503E-014  -2.4444245151762507E-014  -1.4380088144027914E-002  0.78539817821033553     
  -4.4408920985006262E-016   2.4868995751603507E-014  -2.4843488976077321E-014  -1.5031334886562608E-002  0.78539817821033542     
   2.7533531010703882E-014   5.6843418860808015E-014  -2.5725979944097015E-014  -1.5690288420391441E-002  0.78539817821033542     
   3.5083047578154947E-014  -1.4210854715202004E-014  -2.6531933995120517E-014  -1.6356082635161417E-002  0.78539817821033564     
   2.2204460492503131E-015   7.1054273576010019E-015  -2.4429405487570849E-014  -1.7028003503725131E-002  0.78539817821033497     
   2.7089441800853820E-014  -1.4210854715202004E-014  -2.1126303373247051E-014  -1.7705478160404353E-002  0.78539817821033553     
  -1.3322676295501878E-014  -7.1054273576010019E-015  -2.6471852212859939E-014  -1.8388049723680133E-002  0.78539817821033542     
   8.4376949871511897E-015   1.0658141036401503E-014  -2.1768004954884386E-014  -1.9075341351455055E-002  0.78539817821033531     
   5.7731597280508140E-015  -4.6185277824406512E-014  -2.3137133174679589E-014  -1.9767013815846446E-002  0.78539817821033542     
   1.3322676295501878E-014  -7.1054273576010019E-015  -2.3461072773097317E-014  -2.0462721217063939E-002  0.78539817821033520     
   1.2434497875801753E-014  -1.4210854715202004E-014  -2.6513436471580587E-014  -2.1162069311244314E-002  0.78539817821033542     
   4.4408920985006262E-015   0.0000000000000000       -2.0603640949692437E-014  -2.1864580343467499E-002  0.78539817821033542     
   2.1760371282653068E-014   3.9079850466805510E-014  -2.3936905313818504E-014  -2.2569667347114741E-002  0.78539817821033520     
   2.6201263381153694E-014   2.1316282072803006E-014  -2.2731968477989345E-014  -2.3276619715484115E-002  0.78539817821033509     
   8.8817841970012523E-015   4.6185277824406512E-014  -2.7619962572217168E-014  -2.3984600615035934E-002  0.78539817821033497     
   2.2204460492503131E-014   2.4868995751603507E-014  -2.6656588416645273E-014  -2.4692655624538928E-002  0.78539817821033475     
   2.9309887850104133E-014   7.8159700933611020E-014  -2.8754631404020126E-014  -2.5399730969595802E-002  0.78539817821033453     
   1.1102230246251565E-014   2.4868995751603507E-014  -2.4175612607373696E-014  -2.6104698959983574E-002  0.78539817821033442     
   2.0428103653102880E-014   3.5527136788005009E-015  -2.4344515954729420E-014  -2.6806387776429630E-002  0.78539817821033420     
   3.1530333899354446E-014   2.4868995751603507E-014  -2.5863662246965528E-014  -2.7503612608504646E-002  0.78539817821033397     
   7.1054273576010019E-015   3.5527136788005009E-014  -2.4907900074558044E-014  -2.8195205295576731E-002  0.78539817821033386     
   8.4376949871511897E-015  -1.7763568394002505E-014  -2.5808704754198176E-014  -2.8880040024971576E-002  0.78539817821033342     
  -7.5495165674510645E-015  -3.5527136788005009E-015  -2.5848540086396251E-014  -2.9557053232412978E-002  0.78539817821033364     
   1.1990408665951691E-014   3.5527136788005009E-015  -2.6390923756204386E-014  -3.0225256556248192E-002  0.78539817821033342     
  -4.4408920985006262E-016   3.1974423109204508E-014  -2.6038814757308862E-014  -3.0883742439777651E-002  0.78539817821033320     
   2.2204460492503131E-015   1.7763568394002505E-014  -3.0635177183976865E-014  -3.1531682684023288E-002  0.78539817821033298     
   4.4408920985006262E-015  -2.8421709430404007E-014  -2.9089170399678489E-014  -3.2168320860372246E-002  0.78539817821033275     
   1.7763568394002505E-015  -1.4210854715202004E-014  -2.8101900907562475E-014  -3.2792959956619239E-002  0.78539817821033253     
   5.7731597280508140E-015  -5.3290705182007514E-014  -2.5472098670725392E-014  -3.3404946916871125E-002  0.78539817821033209     
   2.6201263381153694E-014   1.0658141036401503E-014  -2.8849880185960328E-014  -3.4003655842057112E-002  0.78539817821033209     
   1.0658141036401503E-014   2.1316282072803006E-014  -3.1031324259424794E-014  -3.4588471551057154E-002  0.78539817821033153     
   8.8817841970012523E-015  -7.1054273576010019E-014  -2.9486932055811486E-014  -3.5158774989529462E-002  0.78539817821033131     
   3.2418512319054571E-014  -2.4868995751603507E-014  -2.9758946803047639E-014  -3.5713931648385877E-002  0.78539817821033087     
  -3.5527136788005009E-015  -4.2632564145606011E-014  -2.6928581171926657E-014  -3.6253283763000521E-002  0.78539817821033031     
   2.3536728122053319E-014   7.1054273576010019E-015  -2.4891326818306820E-014  -3.6776146645768559E-002  0.78539817821033031     
  -2.2648549702353193E-014  -4.6185277824406512E-014  -2.6311169282109617E-014  -3.7281809104044994E-002  0.78539817821032987     
  -1.5543122344752192E-014  -6.0396132539608516E-014  -2.5467845898397461E-014  -3.7769537542209131E-002  0.78539817821032942     
  -1.0214051826551440E-014   1.7763568394002505E-014  -2.7954746863773119E-014  -3.8238583070008270E-002  0.78539817821032887     
  -9.3258734068513149E-015   1.4210854715202004E-014  -2.8562010258099547E-014  -3.8688190751051454E-002  0.78539817821032876     
  -8.8817841970012523E-015   2.8421709430404007E-014  -2.5907865084780610E-014  -3.9117610034615113E-002  0.78539817821032809     
   2.4868995751603507E-014   2.1316282072803006E-014  -2.5048874458707472E-014  -3.9526105415005119E-002  0.78539817821032776     
   5.7731597280508140E-015   2.1316282072803006E-014  -2.7669873606027312E-014  -3.9912966445643461E-002  0.78539817821032709     
   0.0000000000000000        5.3290705182007514E-014  -2.4724903575185694E-014  -4.0277516384503276E-002  0.78539817821032687     
   3.4638958368304884E-014  -3.5527136788005009E-015  -2.4615369345537284E-014  -4.0619118939335896E-002  0.78539817821032598     
   2.7533531010703882E-014   6.7501559897209518E-014  -2.6523317466197287E-014  -4.0937182799838823E-002  0.78539817821032576     
  -1.3766765505351941E-014   6.7501559897209518E-014  -2.2399006517068909E-014  -4.1231163861710662E-002  0.78539817821032532     
   7.1054273576010019E-015   1.7763568394002505E-014  -2.2198495225853808E-014  -4.1500565251042065E-002  0.78539817821032476     
   2.0872192862952943E-014   4.2632564145606011E-014  -2.4158976921106967E-014  -4.1744935428427388E-002  0.78539817821032432     
   2.2648549702353193E-014  -2.8421709430404007E-014  -2.5799836926252760E-014  -4.1963864780356408E-002  0.78539817821032365     
   3.5527136788005009E-015   3.1974423109204508E-014  -2.3513211582249577E-014  -4.2156981184877429E-002  0.78539817821032321     
   1.9984014443252818E-014   2.1316282072803006E-014  -2.5908823492716413E-014  -4.2323945067222368E-002  0.78539817821032243     
   3.2418512319054571E-014  -7.1054273576010019E-014  -2.6200429575106090E-014  -4.2464444445498017E-002  0.78539817821032232     
   2.2204460492503131E-014  -7.1054273576010019E-015  -2.9075998195898077E-014  -4.2578190405515581E-002  0.78539817821032154     
  -1.1102230246251565E-014   7.8159700933611020E-014  -3.0838736443040350E-014  -4.2664913359001133E-002  0.78539817821032099     
   2.8865798640254070E-014   6.7501559897209518E-014  -3.0757996779961785E-014  -4.2724360328620037E-002  0.78539817821032043     
   2.2204460492503131E-014   7.1054273576010019E-015  -2.1960027135069253E-014  -4.2756293388620747E-002  0.78539817821031987     
   3.9079850466805510E-014   3.5527136788005009E-015  -2.3854135163791762E-014  -4.2760489277840152E-002  0.78539817821031888     
   1.9095836023552692E-014  -2.8421709430404007E-014  -2.5787895555386940E-014  -4.2736740100360660E-002  0.78539817821031876     
  -7.5495165674510645E-015  -3.5527136788005009E-015  -2.3499806847589029E-014  -4.2684854950061357E-002  0.78539817821031810     
   2.5313084961453569E-014  -1.4210854715202004E-014  -2.4403843519576787E-014  -4.2604662238499236E-002  0.78539817821031721     
   1.8651746813702630E-014  -2.4868995751603507E-014  -2.2027278508774263E-014  -4.2496012477173828E-002  0.78539817821031643     
  -2.5313084961453569E-014   1.0658141036401503E-014  -2.3300290969987753E-014  -4.2358781258972966E-002  0.78539817821031588     
  -3.1086244689504383E-015   1.0658141036401503E-014  -2.0062343433798092E-014  -4.2192872202973186E-002  0.78539817821031555     
   4.4408920985006262E-016   7.1054273576010019E-015  -2.6217378324706868E-014  -4.1998219661424141E-002  0.78539817821031499     
  -7.9936057773011271E-015  -2.1316282072803006E-014  -2.2860783864491008E-014  -4.1774791033555969E-002  0.78539817821031432     
   1.5099033134902129E-014   7.1054273576010019E-015  -2.2972834846112574E-014  -4.1522588585561682E-002  0.78539817821031366     
   1.9539925233402755E-014   1.7763568394002505E-014  -2.7585512243098285E-014  -4.1241650728234269E-002  0.78539817821031310     
  -5.3290705182007514E-015  -3.5527136788005009E-014  -2.4661572663787905E-014  -4.0932052750987991E-002  0.78539817821031244     
   1.9539925233402755E-014   6.3948846218409017E-014  -2.6319816076040644E-014  -4.0593907055764600E-002  0.78539817821031188     
   3.1086244689504383E-014  -5.3290705182007514E-014  -2.4531852272587546E-014  -4.0227362961662960E-002  0.78539817821031110     
   1.0214051826551440E-014   3.5527136788005009E-014  -2.4148870010183514E-014  -3.9832606175006502E-002  0.78539817821031055     
   1.8207657603852567E-014  -1.0658141036401503E-014  -2.3856002597550643E-014  -3.9409858027988687E-002  0.78539817821030988     
  -1.8207657603852567E-014  -7.1054273576010019E-015  -2.2512538606738895E-014  -3.8959374591637230E-002  0.78539817821030899     
  -4.8849813083506888E-015   4.6185277824406512E-014  -2.5220746266613286E-014  -3.8481445762666766E-002  0.78539817821030833     
  -9.3258734068513149E-015   0.0000000000000000       -2.6089705238657629E-014  -3.7976394410433212E-002  0.78539817821030766     
   2.0428103653102880E-014   3.1974423109204508E-014  -2.1177336224480393E-014  -3.7444575657811452E-002  0.78539817821030733     
  -3.1086244689504383E-015   1.4210854715202004E-014  -2.8362157425569893E-014  -3.6886376347339045E-002  0.78539817821030655     
  -2.2204460492503131E-015   5.3290705182007514E-014  -2.6143600367949463E-014  -3.6302214730009608E-002  0.78539817821030600     
  -2.6645352591003757E-015   1.7763568394002505E-014  -2.5476074206844264E-014  -3.5692540391736749E-002  0.78539817821030533     
   1.1102230246251565E-014   2.1316282072803006E-014  -2.5791168171036367E-014  -3.5057834418650069E-002  0.78539817821030489     
  -1.3322676295501878E-015   4.9737991503207013E-014  -2.5272122623049562E-014  -3.4398609784458634E-002  0.78539817821030411     
   8.4376949871511897E-015   2.1316282072803006E-014  -2.5898200788191858E-014  -3.3715411933345596E-002  0.78539817821030367     
   7.9936057773011271E-015  -2.4868995751603507E-014  -2.4685793192827002E-014  -3.3008819520476740E-002  0.78539817821030311     
   6.2172489379008766E-015   3.5527136788005009E-014  -2.5291634209512026E-014  -3.2279445267521467E-002  0.78539817821030256     
  -2.0428103653102880E-014   6.3948846218409017E-014  -2.4716364304369926E-014  -3.1527936785590960E-002  0.78539817820267821     
   5.3290705182007514E-015  -1.0658141036401503E-014  -2.3918205599757370E-014  -3.0754978020783419E-002  0.78539817820471880     
   8.8817841970012523E-015   4.9737991503207013E-014  -2.8791241142442796E-014  -2.9961289091627874E-002  0.78539817819734714     
  -1.3322676295501878E-014   2.4868995751603507E-014  -2.6521959741531284E-014  -2.9147628796362790E-002  0.78539817819931290     
   2.4868995751603507E-014  -2.1316282072803006E-014  -3.1368000557902024E-014  -2.8314793458454668E-002  0.78539817819222590     
   2.9309887850104133E-014  -1.4210854715202004E-014  -2.8361560444320807E-014  -2.7463619932698302E-002  0.78539817819410818     
   1.4210854715202004E-014   1.0658141036401503E-014  -2.7935764658336350E-014  -2.6594983689301799E-002  0.78539817818733726     
   3.5083047578154947E-014  -2.4868995751603507E-014  -2.8019996419154345E-014  -2.5709802227074974E-002  0.78539817818912783     
   0.0000000000000000       -2.4868995751603507E-014  -2.4777445951843464E-014  -2.4809032431722722E-002  0.78539817818270419     
   1.3322676295501878E-014   6.7501559897209518E-014  -2.0659183713148108E-014  -2.3893674431509027E-002  0.78539817818439572     
   2.7089441800853820E-014   3.5527136788005009E-014  -2.2290481651609588E-014  -2.2964768312366379E-002  0.78539817817834978     
   1.3322676295501878E-015  -4.9737991503207013E-014  -2.1723745645747602E-014  -2.2023398481434864E-002  0.78539817817993418     
   1.0214051826551440E-014   7.1054273576010019E-015  -2.5668690380408925E-014  -2.1070689846758972E-002  0.78539817817429591     
   1.5543122344752192E-014   2.4868995751603507E-014  -2.4892519669780076E-014  -2.0107812757087729E-002  0.78539817817576596     
  -1.8651746813702630E-014  -7.1054273576010019E-014  -2.7104723352079806E-014  -1.9135978749041938E-002  0.78539817817056401     
   5.7731597280508140E-015  -3.5527136788005009E-015  -3.0810106944608254E-014  -1.8156446110067170E-002  0.78539817817191293     
   8.4376949871511897E-015  -6.0396132539608516E-014  -3.1009167910205184E-014  -1.7170515275230391E-002  0.78539817816717594     
   1.7763568394002505E-015   2.4868995751603507E-014  -2.9839691135175444E-014  -1.6179535029254177E-002  0.78539817816839619     
   8.4376949871511897E-015  -7.1054273576010019E-015  -2.6407314611662064E-014  -1.5184897613392145E-002  0.78539817816415192     
   3.2418512319054571E-014   1.7763568394002505E-014  -2.7373474979709933E-014  -1.4188045555724393E-002  0.78539817816523771     
   3.4194869158454821E-014   4.2632564145606011E-014  -3.0901148264570399E-014  -1.3190466532539968E-002  0.78539817816151203     
   1.4210854715202004E-014  -3.5527136788005009E-015  -2.8940424493339663E-014  -1.2193700796085727E-002  0.78539817816245672     
   1.6431300764452317E-014   4.2632564145606011E-014  -2.7756491443561373E-014  -1.1199335826543422E-002  0.78539817815927604     
   3.4194869158454821E-014   2.8421709430404007E-014  -2.8785508738337088E-014  -1.0209014312452025E-002  0.78539817816007407     
   1.4210854715202004E-014   7.1054273576010019E-014  -2.8683925110674873E-014  -9.2244286258913455E-003  0.78539817815746216     
   1.0214051826551440E-014   3.1974423109204508E-014  -3.0154607462651522E-014  -8.2473293039884155E-003  0.78539817815810753     
   2.7533531010703882E-014   7.1054273576010019E-015  -3.2703829500790531E-014  -7.2795193834878091E-003  0.78539817815608837     
  -2.2204460492503131E-015   3.5527136788005009E-014  -3.3966723458523643E-014  -6.3228633300738135E-003  0.78539817815657598     
   1.3322676295501878E-015   6.3948846218409017E-014  -3.3469860486734349E-014  -5.3792812788400202E-003  0.78539817815517221     
  -2.3092638912203256E-014  -1.4210854715202004E-014  -3.4206551442891197E-014  -4.4507583632267256E-003  0.78539817815549762     
   1.0658141036401503E-014   2.8421709430404007E-014  -3.5270111908045340E-014  -3.5393389234337214E-003  0.78539817815473012     
  -1.1990408665951691E-014  -3.5527136788005009E-015  -3.3832405275222414E-014  -2.6471361972713048E-003  0.78539817815488844     
   2.4424906541753444E-014  -9.2370555648813024E-014  -3.7343085684954509E-014  -1.7763265764816349E-003  0.78539817815477742     
   5.7731597280508140E-015  -2.4868995751603507E-014  -3.2763486544110727E-014  -9.2915963310702399E-004  0.78539817815476431     
   0.0000000000000000       -3.1974423109204508E-014  -3.4055148742333174E-014  -1.0795252167228320E-004  0.78539817815532986     
  -8.4376949871511897E-015  -7.4606987254810520E-014  -3.2608504665992958E-014   6.8489967675566810E-004  0.78539817815514157     
  -1.1990408665951691E-014  -2.8421709430404007E-014  -3.1389888508152414E-014   1.4469292943022349E-003  0.78539817815640056     
   5.3290705182007514E-015  -2.4868995751603507E-014  -3.2318902516605333E-014   2.1755854274553288E-003  0.78539817815603397     
   1.9984014443252818E-014   0.0000000000000000       -3.1756515059392010E-014   2.8682388963789940E-003  0.78539817815800350     
   1.8651746813702630E-014  -5.3290705182007514E-014  -3.5645142129205188E-014   3.5221713011354128E-003  0.78539817815745561     
  -2.3536728122053319E-014  -7.1054273576010019E-014  -3.1196810940874909E-014   4.1345794704206185E-003  0.78539817816015112     
   4.4408920985006262E-015   1.4210854715202004E-014  -3.2852788559555893E-014   4.7025642315836613E-003  0.78539817815941881     
  -1.0214051826551440E-014  -4.9737991503207013E-014  -3.2743160125810478E-014   5.2231342102340150E-003  0.78539817816285395     
   2.9753977059954195E-014   2.1316282072803006E-014  -3.3273812753419728E-014   5.6931943194828971E-003  0.78539817816193591     
  -4.8849813083506888E-015   2.1316282072803006E-014  -3.2339804679633433E-014   6.1095487633640033E-003  0.78539817816612345     
   8.8817841970012523E-015   8.5265128291212022E-014  -3.2385285098513087E-014   6.4688892449539237E-003  0.78539817816501745     
  -1.7763568394002505E-015   5.6843418860808015E-014  -3.3648934297178762E-014   6.7677970148535271E-003  0.78539817816996882     
   4.4408920985006262E-016   6.3948846218409017E-014  -2.8482590994514870E-014   7.0027307899791502E-003  0.78539817816867363     
   1.2878587085651816E-014   4.2632564145606011E-014  -2.5458973473420135E-014   7.1700276734854018E-003  0.78539817817439805     
   3.4194869158454821E-014   5.3290705182007514E-014  -2.6317920477761535E-014   7.2658907637057624E-003  0.78539817817291335     
   6.6613381477509392E-015   7.4606987254810520E-014  -2.5648330279408450E-014   7.2863887543471728E-003  0.78539817817941926     
   4.8849813083506888E-015   2.4868995751603507E-014  -2.9415073833971897E-014   7.2274431953275875E-003  0.78539817817774438     
  -1.0214051826551440E-014  -2.1316282072803006E-014  -2.9393428146624614E-014   7.0848265592998172E-003  0.78539817818503765     
   4.4408920985006262E-015   6.3948846218409017E-014  -2.3823189729744306E-014   6.8541490933563542E-003  0.78539817818317337     
   8.8817841970012523E-016   4.6185277824406512E-014  -2.7477211442397857E-014   6.5308551095717426E-003  0.78539817819125901     
  -3.1086244689504383E-015   4.6185277824406512E-014  -2.5936106526221552E-014   6.1102093365467125E-003  0.78539817818920565     
   3.9968028886505635E-015  -2.8421709430404007E-014  -2.5972416268066629E-014   5.5872911576505258E-003  0.78539817819808644     
   1.7763568394002505E-015  -2.4868995751603507E-014  -2.5829815370428660E-014   4.9569803340774876E-003  0.78539817819584612     
   5.7731597280508140E-015  -2.8421709430404007E-014  -2.9787595379895611E-014   4.2139488728998864E-003  0.78539817820552271     
   1.9095836023552692E-014  -4.9737991503207013E-014  -2.8777987104536939E-014   3.3526459480146403E-003  0.78539817820309654     
   7.9936057773011271E-015  -1.4210854715202004E-014  -2.5962970308420199E-014   2.3672870305078142E-003  0.78539817821356861     
   6.6613381477509392E-015  -4.6185277824406512E-014  -2.3795818210219907E-014   1.2518377780613363E-003  0.78539817821096003     
   1.7319479184152442E-014   1.7763568394002505E-014  -2.7195154041856662E-014  -2.1529756501549857E-016  0.78539817822222302     
