 force-1force-2force-3workmass
   1.2434497875801753E-014   4.4408920985006262E-015  -2.1618456724884384E-014   0.0000000000000000       0.78539909798813223     
  -7.0624404102659355E-009  -2.9252452179648891E-003  -1.7689326473794646E-014  -1.2882140218629544E-006  0.78539909798813234     
  -1.6638682565073282E-007  -8.9309559087284995E-003  -2.1118203538723270E-014  -1.4240726195581966E-005  0.78539909798813246     
  -7.4906377411920744E-007  -1.7714621048733115E-002  -2.2954263445854842E-014  -5.9040718154514810E-005  0.78539909798813312     
  -2.0767890309691950E-006  -2.9152016146507975E-002  -2.0070385958088050E-014  -1.6270302450956814E-004  0.78539909798813301     
  -4.5463593911776456E-006  -4.3168081387290780E-002  -1.8957558830180064E-014  -3.5782718387124962E-004  0.78539909798813501     
  -8.6108228303238832E-006  -5.9689534918681453E-002  -2.1648743424621252E-014  -6.8171679081473896E-004  0.78539909798813445     
  -1.4754124219251707E-005  -7.8630705380715149E-002  -2.1631227448892629E-014  -1.1755623928540598E-003  0.78539909798813845     
  -2.3458732579140218E-005  -9.9887927030909651E-002  -1.7106310360882708E-014  -1.8836169885490667E-003  0.78539909798813790     
  -3.5171545285539452E-005 -0.12334113090155041       -1.9867516173959058E-014  -2.8523829883267127E-003  0.78539909798814289     
  -5.0269338799591168E-005 -0.14885234627438715       -1.5862754027858242E-014  -4.1297600341440172E-003  0.78539909798814189     
  -6.9016064527804843E-005 -0.17625103737480474       -1.5484510770353565E-014  -5.7639334919813573E-003  0.78539909798814733     
  -9.1505561673255187E-005 -0.20530778046710019       -2.1476560545729141E-014  -7.8017519829933074E-003  0.78539909798814689     
  -1.1759604741845564E-004 -0.23570854847670741       -1.7569740530881122E-014  -1.0286545636571817E-002  0.78539909798815233     
  -1.4685534974612224E-004 -0.26704400840496723       -2.0569525210650876E-014  -1.3255662373927668E-002  0.78539909798815177     
  -1.7853957089952743E-004 -0.29882171817735648       -1.9812482671405680E-014  -1.6738237551130408E-002  0.78539909798816032     
  -2.1161819893844580E-004 -0.33049922188380032       -2.0190909347956827E-014  -2.0753716773829145E-002  0.78539909798815799     
  -2.4484322249529455E-004 -0.36152857154842222       -1.5947488161879517E-014  -2.5311437112156804E-002  0.78539909798817398     
  -2.7684519706916433E-004 -0.39140047169922632       -2.1833867731816333E-014  -3.0411258558480814E-002  0.78539909798816832     
  -3.0623421125808292E-004 -0.41967860244977029       -2.1019115342330062E-014  -3.6044975969776849E-002  0.78539909798819774     
  -3.3168730454180562E-004 -0.44601937218559629       -1.9100418217279420E-014  -4.2198111641972846E-002  0.78539909798818719     
  -3.5201444883670163E-004 -0.47017718536833364       -1.4180911205078490E-014  -4.8851715477197910E-002  0.78539909798823615     
  -3.6620565231881841E-004 -0.49199868409001946       -1.4152037981839422E-014  -5.5983927928118071E-002  0.78539909798821961     
  -3.7346795149062473E-004 -0.51141100447709054       -1.6518688081211834E-014  -6.3571243565147539E-002  0.78539909798829333     
  -3.7326121759528874E-004 -0.52840885592763387       -1.0874094423023739E-014  -7.1589563709963333E-002  0.78539909798826835     
  -3.6533529099669337E-004 -0.54304393218144176       -1.3118685267054479E-014  -8.0015224529492945E-002  0.78539909798837149     
  -3.4976405421982548E-004 -0.55541816926740450       -1.3516168028677515E-014  -8.8826177710343457E-002  0.78539909798833774     
  -3.2696402704734950E-004 -0.56568057556600770       -1.2079266327580606E-014  -9.8003429963129329E-002  0.78539909798847407     
  -2.9768509236216545E-004 -0.57402591722621565       -1.7021089682532432E-014 -0.10753270237120238       0.78539909798842988     
  -2.6296194400110551E-004 -0.58069306804558218       -1.6782970016151132E-014 -0.11740615087503359       0.78539909798860319     
  -2.2402571977719887E-004 -0.58596095264862491       -1.3953805595110310E-014 -0.12762387993537716       0.78539909798854679     
  -1.8218120016166850E-004 -0.59014094712612497       -1.0705207559285919E-014 -0.13819498157889010       0.78539909798876029     
  -1.3866676514684428E-004 -0.59356557315557978       -1.0299686210580465E-014 -0.14913786716132871       0.78539909798869134     
  -9.4513304571108847E-005 -0.59657445787647934       -1.2367299359860571E-014 -0.16047979790081424       0.78539909798894847     
  -5.0421713386317180E-005 -0.59949906541618381       -1.2425286398040697E-014 -0.17225562762436919       0.78539909798886531     
  -6.6675052177167515E-006 -0.60264803839103953       -1.2094211637540577E-014 -0.18450591907412373       0.78539909798916940     
   3.6960490179094307E-005 -0.60629460107460131       -9.2387748456279719E-015 -0.19727463318990623       0.78539909798907104     
   8.1192639817651013E-005 -0.61066707630420636       -1.3528926292593528E-014 -0.21060664138888885       0.78539909798942664     
   1.2728367797087969E-004 -0.61594276945160287       -1.1202783489830185E-014 -0.22454523502131463       0.78539909798931018     
   1.7699712259222622E-004 -0.62224505479856607       -1.3824911309327535E-014 -0.23912978377314742       0.78539909798972429     
   2.3256396781379252E-004 -0.62964297832062721       -1.0063481663379608E-014 -0.25439357947586627       0.78539909798958751     
   2.9661237795775008E-004 -0.63815273234513148       -1.4802778655174190E-014 -0.27036190270757698       0.78539909799006868     
   3.7205463291378749E-004 -0.64774029676060652       -8.9933651375785454E-015 -0.28705027835590302       0.78539909798990726     
   4.6192591245119985E-004 -0.65832493745334997       -1.4789452372114931E-014 -0.30446295909945742       0.78539909799046981     
   5.6916780331217609E-004 -0.66978334758513736       -1.2692717631995434E-014 -0.32259164939893559       0.78539909799027852     
   6.9636670212158691E-004 -0.68195458695946254       -1.4786339931841858E-014 -0.34141458863107665       0.78539909799094065     
   8.4546023070508625E-004 -0.69464588746204869       -1.3486774746988084E-014 -0.36089606656061135       0.78539909799071295     
   1.0174421510260601E-003 -0.70763952903642480       -1.3316792307132168E-014 -0.38098652066123417       0.78539909799149976     
   1.2120927776939627E-003 -0.72070067464193954       -7.5749488436822086E-015 -0.40162325435684743       0.78539909799122709     
   1.4277704231426824E-003 -0.73358605738118499       -1.0310221137387754E-014 -0.42273184955160215       0.78539909799216923     
   1.6612842885326273E-003 -0.74605305621150486       -1.2023520272262296E-014 -0.44422818891752169       0.78539909799184193     
   1.9078703949721998E-003 -0.75786878306066252       -1.1454498260445756E-014 -0.46602104014611245       0.78539909799297403     
   2.1612710838723181E-003 -0.76881857455236302       -1.3036405581316023E-014 -0.48801499984774854       0.78539909799258090     
   2.4139216928023011E-003 -0.77871354124479231       -1.2045470696952624E-014 -0.51011368193065199       0.78539909799394070     
   2.6572286749040330E-003 -0.78739672100435909       -1.2429378225761362E-014 -0.53222291078261641       0.78539909799347063     
   2.8819344788297840E-003 -0.79474774256249670       -1.5232460912419981E-014 -0.55425382430979120       0.78539909799509777     
   3.0785472337755415E-003 -0.80068580454905058       -1.5322299613038205E-014 -0.57612568028133637       0.78539909799454011     
   3.2378299051978310E-003 -0.80517111822296972       -9.8881338121987345E-015 -0.59776833520362094       0.78539909799647400     
   3.3513222397112408E-003 -0.80820477750149822       -1.2899827701731903E-014 -0.61912423363148128       0.78539909799581720     
   3.4118861837946213E-003 -0.80982730674076020       -1.3342690007641757E-014 -0.64014993025887645       0.78539909799809826     
   3.4142360316877784E-003 -0.81011587506322891       -1.4875934112734060E-014 -0.66081700312814018       0.78539909799732988     
   3.3554339066870220E-003 -0.80918043930818717       -1.3588483877108055E-014 -0.68111241283144541       0.78539909799999963     
   3.2352970167819350E-003 -0.80715879645156252       -1.4055250150511138E-014 -0.70103817672115909       0.78539909799910812     
   3.0566919412189364E-003 -0.80421083655477532       -1.3531496807558561E-014 -0.72061045266441681       0.78539909800161656     
   2.8256602537828357E-003 -0.80051202281500122       -7.8859264271961026E-015 -0.73985793511052922       0.78539909800161700     
   2.5513585019103502E-003 -0.79624645464437771       -9.2031689771441928E-015 -0.75881971214829047       0.78539909800161700     
   2.2457810774829667E-003 -0.79159966009845062       -1.1205022380605901E-014 -0.77754257564024631       0.78539909800161734     
   1.9232666704738222E-003 -0.78675147096065723       -1.0760255440374641E-014 -0.79607794673002252       0.78539909800161745     
   1.5997970049879129E-003 -0.78186925452368639       -8.7286914355335405E-015 -0.81447853523609748       0.78539909800161767     
   1.2921150350395649E-003 -0.77710179371473354       -1.4955924978799946E-014 -0.83279489273510388       0.78539909800161778     
   1.0167032957761890E-003 -0.77257407090303798       -1.8529250270118230E-014 -0.85107202358411138       0.78539909800161833     
   7.8867431559181966E-004 -0.76838316168633392       -1.1130457082165528E-014 -0.86934621542419355       0.78539909800161856     
   6.2063315857585621E-004 -0.76459538582425823       -1.3404274294682748E-014 -0.88764223902667583       0.78539909800161911     
   5.2157746674286187E-004 -0.76124479984413140       -1.3207149076896910E-014 -0.90597104884656954       0.78539909800161922     
   4.9590301482282939E-004 -0.75833305494679326       -1.2446950340889983E-014 -0.92432809247265357       0.78539909800161967     
   5.4258287092423529E-004 -0.75583058772515344       -5.7829152293266849E-015 -0.94269231081598859       0.78539909800162011     
   6.5458549382313436E-004 -0.75367906092825920       -1.5111188247820747E-014 -0.96102588215755569       0.78539909800162055     
   8.1859092171132630E-004 -0.75179492670616721       -1.7214352457090737E-014 -0.97927473228121231       0.78539909800162067     
   1.0150539556805782E-003 -0.75007394470493471       -1.5950229701250853E-014 -0.99736979987000129       0.78539909800162111     
   1.2186484706973033E-003 -0.74839645185413672       -1.2077251518344314E-014  -1.0152290115281497       0.78539909800162178     
   1.3991076759038990E-003 -0.74663315039769862       -9.4890749939676707E-015  -1.0327598851734492       0.78539909800162233     
   1.5224519873884290E-003 -0.74465115745938892       -1.3609690556944234E-014  -1.0498626459643963       0.78539909800162266     
   1.5525704996424139E-003 -0.74232004561986187       -1.1598438453857607E-014  -1.0664337078366457       0.78539909800162333     
   1.4530957429608193E-003 -0.73951760196540195       -1.1454089137196565E-014  -1.0823693488602619       0.78539909800162366     
   1.1894866443515895E-003 -0.73613504462978163       -1.5707557890386324E-014  -1.0975693926062675       0.78539909800162389     
   7.3121353434935088E-004 -0.73208146145427633       -9.8298261285452053E-015  -1.1119407024270895       0.78539909800162500     
   5.3923491338814245E-005 -0.72728727424465700       -1.0979640255091746E-014  -1.1254003020569860       0.78539909800162544     
  -8.5854430803600223E-004 -0.72170658203841032       -1.3185741743604780E-014  -1.1378779541273594       0.78539909800162633     
  -2.0124244185835138E-003 -0.71531829475476183       -1.8369734326839410E-014  -1.1493180570304338       0.78539909800162722     
  -3.4026961315314352E-003 -0.70812603093876070       -1.2711679652642715E-014  -1.1596807581251838       0.78539909800162810     
  -5.0122685094455832E-003 -0.70015681633763016       -1.1217057208128620E-014  -1.1689422251523141       0.78539909800162888     
  -6.8117655968960023E-003 -0.69145868037778246       -1.2745520106279994E-014  -1.1770940652844786       0.78539909800162966     
  -8.7599686696036017E-003 -0.68209730212206265       -2.1080230138764312E-014  -1.1841419296252442       0.78539909800163099     
  -1.0804937600229714E-002 -0.67215190322617024       -1.7775834590756841E-014  -1.1901033873222064       0.78539909800163199     
  -1.2885794606012801E-002 -0.66171062081785914       -1.6886501984859875E-014  -1.1950051953498515       0.78539909800163321     
  -1.4935112754647761E-002 -0.65086561622704364       -1.9162412180286484E-014  -1.1988801249072019       0.78539909800163399     
  -1.6881810909301187E-002 -0.63970818485089564       -1.9655550966406265E-014  -1.2017635311695298       0.78539909800163532     
  -1.8654419104615627E-002 -0.62832412724942666       -1.4474612829920345E-014  -1.2036898678869936       0.78539909800163654     
  -2.0184546297370431E-002 -0.61678962196429499       -1.6131828488439331E-014  -1.2046893509861070       0.78539909800163732     
  -2.1410358795924012E-002 -0.60516780721894126       -1.2957405587432028E-014  -1.2047849652823537       0.78539909800163876     
  -2.2279864728461440E-002 -0.59350623326230156       -1.7804132052130631E-014  -1.2039899859442462       0.78539909800164009     
  -2.2753799553666632E-002 -0.58183529224857367       -1.8127642488489534E-014  -1.2023061525718086       0.78539909800164165     
  -2.2807920701202633E-002 -0.57016767155133374       -1.4915878048787013E-014  -1.1997225907034688       0.78539909800164320     
  -2.2434545724101973E-002 -0.55849881301171589       -1.9679535691636727E-014  -1.1962155259604343       0.78539909800164465     
  -2.1643207208169812E-002 -0.54680829922030982       -1.7894597757560904E-014  -1.1917487833738454       0.78539909800164609     
  -2.0460347025820447E-002 -0.53506203236341632       -1.8209688209680824E-014  -1.1862750121354639       0.78539909800164731     
  -1.8928029500725252E-002 -0.52321502522641294       -1.8798639086902455E-014  -1.1797375279586588       0.78539909800164898     
  -1.7101714525674439E-002 -0.51121459078126730       -1.5901715539655026E-014  -1.1720726250855300       0.78539909800165097     
  -1.5047193507928824E-002 -0.49900369854984117       -2.1467062349899716E-014  -1.1632121805684901       0.78539909800165231     
  -1.2836849344928680E-002 -0.48652426379796676       -1.8476419191479647E-014  -1.1530863573020724       0.78539909800165442     
  -1.0545452298478253E-002 -0.47372014979315935       -2.0214889677109771E-014  -1.1416262108161299       0.78539909800165653     
  -8.2457427067677003E-003 -0.46053969283520235       -1.9069966492873188E-014  -1.1287660183984038       0.78539909800165864     
  -6.0040756595496347E-003 -0.44693760250540304       -2.6095825063375619E-014  -1.1144451769112953       0.78539909800166074     
  -3.8764095956258515E-003 -0.43287614238710770       -2.1432916125812947E-014  -1.0986095556756479       0.78539909800166252     
  -1.9049089199398850E-003 -0.41832555545946271       -2.0918959500879336E-014  -1.0812122398747714       0.78539909800166430     
  -1.1539996729226232E-004 -0.40326375929730318       -2.2612473058940873E-014  -1.0622136542791298       0.78539909800166696     
   1.4841288172000588E-003 -0.38767539416067320       -2.4324481196005150E-014  -1.0415811119653466       0.78539909800166874     
   2.9038552155427055E-003 -0.37155035774468903       -1.8206486171769906E-014  -1.0192878836084542       0.78539909800167140     
   4.1712275978662561E-003 -0.35488199959635747       -2.0594167083954438E-014 -0.99531192520784195       0.78539909800167385     
   5.3288739283940956E-003 -0.33766517296011456       -1.7587928190306797E-014 -0.96963443200517752       0.78539909800167651     
   6.4314258652320433E-003 -0.31989434980867326       -2.1326580305094615E-014 -0.94223840112857848       0.78539909800167895     
   7.5414454523405894E-003 -0.30156199551948837       -2.0941036609018895E-014 -0.91310738344188058       0.78539909800168139     
   8.7247079881889178E-003 -0.28265737350919418       -1.4273583728886537E-014 -0.88222458653832625       0.78539909800168450     
   1.0045144980350695E-002 -0.26316590945655527       -1.2653389914298289E-014 -0.84957245704317863       0.78539909800168684     
   1.1559781421929038E-002 -0.24306919255133330       -1.3455505889081184E-014 -0.81513282420967892       0.78539909800168972     
   1.3314009362362267E-002 -0.22234563183286071       -1.2357915281352679E-014 -0.77888763227717961       0.78539909800169305     
   1.5337523002727504E-002 -0.20097172433383137       -1.7186160830116561E-014 -0.74082023152210574       0.78539909800169583     
   1.7641200662485979E-002 -0.17892383346739305       -1.5103427043691397E-014 -0.70091714156948104       0.78539909800169916     
   2.0215158849586690E-002 -0.15618032594458331       -1.4963893751417900E-014 -0.65917015126998502       0.78539909800170238     
   2.3028124664111083E-002 -0.13272387851318168       -1.8846622776139822E-014 -0.61557858241910335       0.78539909800170526     
   2.6028183526137116E-002 -0.10854374447490356       -1.7614255524879172E-014 -0.57015152182738360       0.78539909800170860     
   2.9144865099559158E-002  -8.3637767089233428E-002  -1.3473773877137440E-014 -0.52290982152761734       0.78539909800171159     
   3.2292436537200597E-002  -5.8013943331347129E-002  -1.6733962982015812E-014 -0.47388768059817377       0.78539909800171515     
   3.5374188444027066E-002  -3.1691375479486084E-002  -1.9633029303473192E-014 -0.42313365249858981       0.78539909800171837     
   3.8287430069539941E-002  -4.7004971546185104E-003  -7.1594216193919851E-015 -0.37071096853069241       0.78539909800172203     
   4.0928861376221981E-002   2.2917479224651593E-002  -1.4033560101089872E-014 -0.31669712616592349       0.78539909800172558     
   4.3199965717764854E-002   5.1111880103256624E-002  -1.3668407773140004E-014 -0.26118275364725330       0.78539909800172880     
   4.5012068973425468E-002   7.9824573371427121E-002  -5.8626359179101624E-015 -0.20426982652186121       0.78539909800173258     
   4.6290738722177815E-002  0.10899251560898904       -1.1702483118415558E-014 -0.14606937072132986       0.78539909800173624     
   4.6979249228661812E-002  0.13855065455326621       -1.8108793471107569E-014  -8.6698833821883259E-002  0.78539909800174013     
   4.7040909646161921E-002  0.16843496287966708       -2.0804306685364606E-014  -2.6279337882675335E-002  0.78539909800174335     
   4.6460138255854599E-002  0.19858536466347676       -1.8947745779031234E-014   3.5066959749133986E-002  0.78539909800174712     
   4.5242258384474709E-002  0.22894832254128428       -2.1566331394823029E-014   9.7219178735346024E-002  0.78539909800175101     
   4.3412084085132085E-002  0.25947888046419632       -1.1704735453414614E-014  0.16005951014542807       0.78539909800175511     
   4.1011448686702756E-002  0.29014200224468834       -1.5542185527614565E-014  0.22347434812052436       0.78539909800175867     
   3.8095900783580217E-002  0.32091310554984531       -2.2387565790471068E-014  0.28735467314339891       0.78539909800176266     
   3.4730843618953386E-002  0.35177775972994940       -1.9243843334680712E-014  0.35159566859405089       0.78539909800176610     
   3.0987422073449983E-002  0.38273058864903575       -1.2501074345459004E-014  0.41609562319530857       0.78539909800177021     
   2.6938465437797543E-002  0.41377348945067016       -1.5364761104281645E-014  0.48075423796199113       0.78539909800177399     
   2.2654773436416198E-002  0.44491333812195588       -2.1067876919932517E-014  0.54547050981495682       0.78539909800177798     
   1.8201990398881263E-002  0.47615939778251537       -1.8867254175918400E-014  0.61014040162577565       0.78539909800178154     
   1.3638252430230424E-002  0.50752067172710280       -2.4533427623986394E-014  0.67465452672055370       0.78539909800178553     
   9.0127203154518609E-003  0.53900344818074775       -2.8324261707165958E-014  0.73889607279158254       0.78539909800178909     
   4.3650330395041959E-003  0.57060926687281555       -2.3906829345781589E-014  0.80273916580516680       0.78539909800179286     
  -2.7435993252722390E-004  0.60233350027769017       -1.8355069537744370E-014  0.86604783109951367       0.78539909800179664     
  -4.8830986593102477E-003  0.63416468789876212       -1.5490572733539093E-014  0.92867565078359071       0.78539909800180030     
  -9.4452121147665657E-003  0.66608469516197566       -1.8673179716903370E-014  0.99046614941821076       0.78539909800180363     
  -1.3949022890786589E-002  0.69806969528430951       -2.2029860891199283E-014   1.0512538702591856       0.78539909800180718     
  -1.8384882264099067E-002  0.73009189954658016       -1.2924788507435061E-014   1.1108660386733868       0.78539909800181085     
  -2.2742959041192723E-002  0.76212189492960380       -7.3879598402203023E-015   1.1691246543697336       0.78539909800181418     
  -2.7011285233181859E-002  0.79413139400966770       -1.6288705991134404E-014   1.2258488140534984       0.78539909800181751     
  -3.1174224866355349E-002  0.82609616540908171       -1.5732391051178593E-014   1.2808570445795673       0.78539909800182006     
  -3.5211483589223658E-002  0.85799889661049367       -1.0882161301321477E-014   1.3339694269214855       0.78539909800182306     
  -3.9097720709627914E-002  0.88983174603803405       -8.2081041645009936E-015   1.3850093117194611       0.78539909800182572     
  -4.2802767375881512E-002  0.92159836703283116       -2.5175755963245286E-014   1.4338044655659310       0.78539909800182950     
  -4.6292400378103338E-002  0.95331523002655771       -3.0056198418082045E-014   1.4801875397691000       0.78539909800183216     
  -4.9529574817585686E-002  0.98501212709236174       -2.2282752684895479E-014   1.5239958146734849       0.78539909800183449     
  -5.2475984600464542E-002   1.0167318100415521       -1.7500354319572703E-014   1.5650702373775984       0.78539909800183727     
  -5.5093799892818485E-002   1.0485287828770229       -1.9788884623335461E-014   1.6032538327746200       0.78539909800183949     
  -5.7347425006707642E-002   1.0804673364126050       -1.3600942983050412E-014   1.6383896217588227       0.78539909800184216     
  -5.9205129434743320E-002   1.1126189707718321       -2.2480055825313965E-014   1.6703182199601763       0.78539909800184482     
  -6.0640426134601633E-002   1.1450593962441351       -2.3697607145113088E-014   1.6988753137862096       0.78539909800184704     
  -6.1633101869065676E-002   1.1778653310895439       -3.1071896126054583E-014   1.7238892156516559       0.78539909800184915     
  -6.2169841864613495E-002   1.2111113229867030       -2.5757178925575415E-014   1.7451786869136132       0.78539909800185070     
  -6.2244429737215334E-002   1.2448668111329724       -4.2601996689589926E-014   1.7625511879355238       0.78539909800185315     
  -6.1857540168168246E-002   1.2791936198729488       -5.1873124066915293E-014   1.7758016729395396       0.78539909800185448     
  -6.1016174265196454E-002   1.3141440332184402       -4.1285010226621294E-014   1.7847119969687832       0.78539909800185614     
  -5.9732812084376086E-002   1.3497595480786480       -3.6525967750671143E-014   1.7890509488364352       0.78539909800185770     
  -5.8024372094347410E-002   1.3860703467356021       -2.6534498986161479E-014   1.7885748723119099       0.78539909800185903     
  -5.5911072820406194E-002   1.4230954715338742       -2.1043911183847733E-014   1.7830287926430626       0.78539909800186025     
  -5.3415288093209057E-002   1.4608436314245177       -1.5193946354237029E-014   1.7721479307603816       0.78539909800186147     
  -5.0560475643898428E-002   1.4993145247357491       -9.5594730008939160E-015   1.7556594656508255       0.78539909800186325     
  -4.7370240922783857E-002   1.5385005293296814       -6.0499901122925618E-015   1.7332843980565795       0.78539909800186369     
  -4.3867576680494125E-002   1.5783885914175979       -7.4775378977267600E-015   1.7047393750980606       0.78539909800186469     
  -4.0074296392002440E-002   1.6189621393820177       -1.4404887104783881E-014   1.6697383545410829       0.78539909800186614     
  -3.6010658532295681E-002   1.6602028582444204       -2.3955286692399678E-014   1.6279940166555629       0.78539909800186691     
  -3.1695161096094049E-002   1.7020921819126880       -1.9036764246096565E-014   1.5792188673312904       0.78539909800186813     
  -2.7144473058682062E-002   1.7446123921554797       -2.4004714231878837E-014   1.5231260146569015       0.78539909800186880     
  -2.2373462496149799E-002   1.7877472517177520       -1.7188542989766869E-014   1.4594296385448360       0.78539909800187002     
  -1.7395280008789094E-002   1.8314821409728612       -2.1664404281957077E-014   1.3878452058631483       0.78539909800187035     
  -1.2221460385938077E-002   1.8758037089973065       -1.4706363020747319E-014   1.3080895090468159       0.78539909800187035     
  -6.8620141329862605E-003   1.9206990877319203       -1.3846291428002575E-014   1.2198806223230898       0.78539909800187135     
  -1.3254920698566597E-003   1.9661547468707656       -1.6169230053093263E-014   1.1229378741690983       0.78539909799946250     
   4.3809808667212291E-003   2.0121551063583460       -5.9570212496659763E-015   1.0169819404105633       0.78539909799725205     
   1.0251693622496560E-002   2.0586810051767417       -2.7277663938197020E-014  0.90173512761338559       0.78539909800579388     
   1.6282334193044035E-002   2.1057081144558083       -5.4743735242916392E-015  0.77692190110824211       0.78539909800396723     
   2.2469960009599221E-002   2.1532055660212812       -4.2674893355819833E-015  0.64226976300237093       0.78539909801114416     
   2.8812884274940220E-002   2.2011346171678454       -8.8973002084642996E-015  0.49751036982310060       0.78539909800962726     
   3.5310492567858454E-002   2.2494477631676872       -1.5764915575715487E-014  0.34238100743799682       0.78539909801560348     
   4.1962902346054820E-002   2.2980880238479733       -1.0592778755276680E-014  0.17662627416856524       0.78539909801435626     
   4.8770491085617040E-002   2.3469887471153914       -1.5379813831725274E-014  -2.9658576421952409E-014  0.78539909801928376     
