 force-1force-2force-3workmass
   3.1086244689504383E-015  -6.6613381477509392E-015  -2.1618456724884413E-014   0.0000000000000000       0.78539909798813146     
   1.1990408665951691E-014  -4.8849813083506888E-014  -1.5756303480075387E-014  -1.6561765019116244E-016  0.78539909798813190     
  -7.9936057773011271E-015   1.0746958878371515E-013  -1.4236615935432068E-014  -2.1121741965639962E-015  0.78539909798813101     
   1.2301271112846734E-013   1.6919798895287386E-013  -1.9442892948523440E-014  -8.9043883831362718E-015  0.78539909798813179     
  -1.0835776720341528E-013  -1.9584334154387761E-013  -1.9151538763395153E-014  -2.3958236561390347E-014  0.78539909798813201     
   1.3322676295501878E-015  -1.7408297026122455E-013  -2.2024320877818417E-014  -5.0163574052319916E-014  0.78539909798813201     
  -2.6645352591003757E-014  -3.9968028886505635E-014  -1.8839640131043901E-014  -8.9678054948449447E-014  0.78539909798813179     
  -2.3536728122053319E-014   1.6475709685437323E-013  -1.6483321916822902E-014  -1.4496545731636823E-013  0.78539909798813157     
  -1.4921397450962104E-013  -1.4210854715202004E-014  -1.5975307596701928E-014  -2.2013175367602981E-013  0.78539909798813135     
   3.1974423109204508E-014   1.1768364061026659E-013  -2.1744899648194800E-014  -3.1982451936649929E-013  0.78539909798813190     
   1.7763568394002505E-015   2.1760371282653068E-014  -1.7051941475181169E-014  -4.4875255922396971E-013  0.78539909798813190     
   1.6076029396572267E-013   2.0827783941967937E-013  -1.4142628484852866E-014  -6.0676398179156198E-013  0.78539909798813179     
  -9.4591001698063337E-014  -2.9753977059954195E-014  -1.7579240516607766E-014  -7.9595692239804968E-013  0.78539909798813212     
   1.6209256159527285E-013   1.2434497875801753E-014  -1.6239425523378342E-014  -1.0182935906459675E-012  0.78539909798813135     
   7.1942451995710144E-014  -1.2345680033831741E-013  -2.2575367500616190E-014  -1.2816946559830509E-012  0.78539909798813190     
   1.0125233984581428E-013   1.4699352846037073E-013  -1.6919355226348214E-014  -1.5948049681647062E-012  0.78539909798813135     
   2.7533531010703882E-014  -2.2204460492503131E-015  -1.9842176177171457E-014  -1.9650859489966777E-012  0.78539909798813223     
  -1.6875389974302379E-014   1.6253665080512292E-013  -1.8152704636308790E-014  -2.3936955050314505E-012  0.78539909798813201     
  -7.5051076464660582E-014  -1.2168044349891716E-013  -2.1838886129307413E-014  -2.8831716275917494E-012  0.78539909798813168     
  -6.3948846218409017E-014   4.7961634663806763E-014  -2.0190364226654472E-014  -3.4406591028967597E-012  0.78539909798813246     
  -9.9031893796563963E-014   2.3891999489933369E-013  -2.1695523056715133E-014  -4.0805500410046043E-012  0.78539909798813157     
   7.5495165674510645E-014  -9.9920072216264089E-014  -2.3057866946248603E-014  -4.8103725016029331E-012  0.78539909798813201     
  -4.1300296516055823E-014  -6.5725203057809267E-014  -2.2989404387148028E-014  -5.6489863932271333E-012  0.78539909798813201     
   6.4392935428259079E-014   8.0380146982861334E-014  -1.8361268304750658E-014  -6.5920275310691727E-012  0.78539909798813179     
  -5.3290705182007514E-014   4.4408920985006262E-016  -1.7393346569436669E-014  -7.6532629074010052E-012  0.78539909798813168     
   4.5741188614556449E-014   1.2256862191861728E-013  -2.3056241028705799E-014  -8.8413312914229850E-012  0.78539909798813201     
   3.1530333899354446E-014  -8.2156503822261584E-014  -1.6996547974039490E-014  -1.0172594392029960E-011  0.78539909798813201     
   5.0182080713057076E-014  -3.1086244689504383E-014  -2.1998185549113391E-014  -1.1668530075071696E-011  0.78539909798813201     
   9.6811447747313650E-014  -1.0436096431476471E-013  -2.3446831459023160E-014  -1.3341799043985627E-011  0.78539909798813201     
   2.5313084961453569E-014   1.6386891843467311E-013  -2.2743465280834524E-014  -1.5202400715652315E-011  0.78539909798813301     
  -8.0380146982861334E-014  -1.8340884366807586E-013  -2.1090534259772332E-014  -1.7254502525047717E-011  0.78539909798813234     
  -1.3145040611561853E-013   1.5099033134902129E-014  -2.6021562543852180E-014  -1.9526810016228343E-011  0.78539909798813268     
  -1.6431300764452317E-014   1.5187850976872141E-013  -1.9967561936080115E-014  -2.2028269047357308E-011  0.78539909798813190     
   4.9737991503207013E-014  -7.8603790143461083E-014  -2.1377610180817027E-014  -2.4784338814673642E-011  0.78539909798813223     
   2.4158453015843406E-013  -7.1054273576010019E-015  -2.8385329007538555E-014  -2.7811850843438745E-011  0.78539909798813246     
   4.7961634663806763E-014   1.2878587085651816E-014  -1.3808199341598591E-014  -3.1123106035639091E-011  0.78539909798813223     
   1.0214051826551440E-014  -1.2168044349891716E-013  -1.4199223863797185E-014  -3.4732661128691051E-011  0.78539909798813223     
  -1.1635137298071641E-013   8.4821039081361960E-014  -1.5707460834381196E-014  -3.8658984935649770E-011  0.78539909798813246     
   3.1086244689504383E-014  -5.1514348342607263E-014  -2.2109551422916654E-014  -4.2915217120754582E-011  0.78539909798813323     
   5.3290705182007514E-015  -1.1457501614131615E-013  -1.3010956303812993E-014  -4.7531014433806258E-011  0.78539909798813290     
   8.7485574340462335E-014  -1.4788170688007085E-013  -1.8259152960867577E-014  -5.2514239650202405E-011  0.78539909798813312     
   1.8784973576657649E-013  -1.3766765505351941E-014  -1.7924439455107043E-014  -5.7885705447121199E-011  0.78539909798813301     
  -1.2922996006636822E-013  -1.5321077739827160E-013  -1.7992532721679165E-014  -6.3657168753678878E-011  0.78539909798813312     
   2.6201263381153694E-014  -1.0969003483296547E-013  -1.3954165814801903E-014  -6.9848008963412978E-011  0.78539909798813290     
  -4.7073456244106637E-014   1.6209256159527285E-013  -1.3231881797361470E-014  -7.6475405773207317E-011  0.78539909798813323     
  -4.2188474935755949E-014   7.7271522513910895E-014  -1.4716635562052142E-014  -8.3561120646434715E-011  0.78539909798813401     
  -2.2204460492503131E-014   2.6645352591003757E-015  -1.5352571767917125E-014  -9.1119270071140269E-011  0.78539909798813379     
   9.7699626167013776E-015  -3.9968028886505635E-014  -2.0485218661836212E-014  -9.9169561977730822E-011  0.78539909798813468     
   2.5179858198498550E-013  -2.9309887850104133E-014  -2.1792125038953141E-014  -1.0773270016230197E-010  0.78539909798813468     
   1.2878587085651816E-014  -4.7073456244106637E-014  -1.7543644995622725E-014  -1.1682198141698701E-010  0.78539909798813479     
   1.4344081478157023E-013  -2.0161650127192843E-013  -1.6151162945325605E-014  -1.2647188164615309E-010  0.78539909798813567     
   6.9277916736609768E-014  -4.2632564145606011E-014  -1.6085111192493377E-014  -1.3669162404396737E-010  0.78539909798813545     
  -9.5923269327613525E-014  -9.0594198809412774E-014  -9.6752391848930217E-015  -1.4752611464536365E-010  0.78539909798813590     
   7.7715611723760958E-014  -5.2402526762307389E-014  -1.3317132911423896E-014  -1.5898727585168547E-010  0.78539909798813645     
   6.7501559897209518E-014   6.4837024638109142E-014  -1.5539428651772901E-014  -1.7111337597563273E-010  0.78539909798813645     
   6.4837024638109142E-014  -2.0428103653102880E-014  -1.2004374641793757E-014  -1.8392256600925803E-010  0.78539909798813645     
   1.8340884366807586E-013   1.9984014443252818E-013  -1.5255244498395252E-014  -1.9746437915320314E-010  0.78539909798813734     
  -8.0824236192711396E-014  -1.3677947663381929E-013  -1.6775301791171961E-014  -2.1179078941210966E-010  0.78539909798813712     
   9.3258734068513149E-015   5.9507954119908391E-014  -1.8972682836288842E-014  -2.2692369479016154E-010  0.78539909798813656     
   2.0561330416057899E-013  -1.0125233984581428E-013  -1.9891408241777363E-014  -2.4292494903887501E-010  0.78539909798813723     
   3.1086244689504383E-014  -1.2434497875801753E-014  -1.4523778082876432E-014  -2.5983436205429096E-010  0.78539909798813712     
   3.0642155479654321E-014  -1.1191048088221578E-013  -1.6370259132966186E-014  -2.7773407285450699E-010  0.78539909798813723     
  -1.6253665080512292E-013  -3.1086244689504383E-014  -1.5145942730592265E-014  -2.9663342091797317E-010  0.78539909798813712     
   8.1712414612411521E-014   6.3060667798708891E-014  -9.1134513184103336E-015  -3.1663153795284855E-010  0.78539909798813745     
  -2.5579538487363607E-013  -2.9309887850104133E-014  -1.6030531087898077E-014  -3.3778013007414682E-010  0.78539909798813701     
  -3.1263880373444408E-013  -2.2559731860383181E-013  -2.4731222919646909E-014  -3.6013205895798006E-010  0.78539909798813767     
  -7.9936057773011271E-015   3.2862601528904634E-013  -1.6011778462368610E-014  -3.8375603233926824E-010  0.78539909798813645     
   1.2789769243681803E-013   1.3677947663381929E-013  -1.7556643567776453E-014  -4.0871552899186076E-010  0.78539909798813612     
   5.6843418860808015E-014  -1.0036416142611415E-013  -1.5164294741809112E-014  -4.3506669614849819E-010  0.78539909798813612     
   2.1493917756743031E-013   7.6383344094210770E-014  -1.4839590946978293E-014  -4.6285241298305120E-010  0.78539909798813567     
   1.8918200339612667E-013  -2.8954616482224083E-013  -1.9676376816279350E-014  -4.9210835675153353E-010  0.78539909798813556     
   6.0396132539608516E-014   1.1546319456101628E-014  -1.4625538776501246E-014  -5.2287510466066877E-010  0.78539909798813567     
  -1.7674750552032492E-013   6.2172489379008766E-014  -7.8278080438788828E-015  -5.5517042840941431E-010  0.78539909798813523     
   8.0824236192711396E-014   4.4408920985006262E-015  -1.6534788102164239E-014  -5.8899732052387994E-010  0.78539909798813468     
  -6.1284310959308641E-014  -1.2256862191861728E-013  -1.9395937539936097E-014  -6.2434298513864115E-010  0.78539909798813490     
   7.1942451995710144E-014   8.9706020389712648E-014  -1.6981164637518180E-014  -6.6120097550414761E-010  0.78539909798813490     
  -1.7763568394002505E-014  -5.3290705182007514E-014  -2.0598816466149461E-014  -6.9949350628844075E-010  0.78539909798813412     
   4.9737991503207013E-014  -1.4477308241112041E-013  -1.4542526569602507E-014  -7.3916835861897128E-010  0.78539909798813401     
   1.0036416142611415E-013   1.9806378759312793E-013  -1.0890020682860594E-014  -7.8012317961794936E-010  0.78539909798813357     
  -1.3322676295501878E-013  -1.2523315717771766E-013  -1.5890691512933262E-014  -8.2226178134493289E-010  0.78539909798813379     
   5.3290705182007514E-015  -1.6697754290362354E-013  -9.8300490209441890E-015  -8.6546827584237238E-010  0.78539909798813268     
   1.8829382497642655E-013  -5.5067062021407764E-014  -1.4674682040334665E-014  -9.0959452815271262E-010  0.78539909798813312     
   6.8389738316909643E-014   1.2967404927621828E-013  -1.4667167405366382E-014  -9.5445250189954761E-010  0.78539909798813290     
   3.0819791163594346E-013   1.2345680033831741E-013  -1.3960828024616449E-014  -9.9993510163849906E-010  0.78539909798813279     
   2.1849189124623081E-013   2.6112445539183682E-013  -1.0309679797786343E-014  -1.0458247039098613E-009  0.78539909798813234     
  -3.6060043839825084E-013  -3.0553337637684308E-013  -5.3736075908022248E-015  -1.0920004132430963E-009  0.78539909798813246     
  -7.1498362785860081E-014  -4.4408920985006262E-015  -1.1485644993925729E-014  -1.1382555788052922E-009  0.78539909798813201     
  -3.0642155479654321E-014  -5.3290705182007514E-015  -9.3678420028881705E-015  -1.1844429629053417E-009  0.78539909798813246     
   7.5495165674510645E-015   2.2026824808563106E-013  -1.2196512283381722E-014  -1.2304484099244558E-009  0.78539909798813135     
  -2.2160051571518125E-013   3.4638958368304884E-014  -1.5502375746583207E-014  -1.2761504401914612E-009  0.78539909798813135     
   1.0480505352461478E-013   1.2256862191861728E-013  -2.0065451673968794E-014  -1.3214471043912745E-009  0.78539909798813146     
   2.9753977059954195E-014   4.4408920985006262E-014  -1.3235165998807427E-014  -1.3663317961809505E-009  0.78539909798813135     
   1.7674750552032492E-013  -7.9936057773011271E-014  -1.7235546803512272E-014  -1.4107645389054189E-009  0.78539909798813201     
   2.0294876890147862E-013   1.2789769243681803E-013  -1.5093329575042608E-014  -1.4547669274843817E-009  0.78539909798813212     
  -3.1397107136399427E-013  -5.0626169922907138E-014  -9.9022131555106319E-015  -1.4983991607913340E-009  0.78539909798813123     
   1.1102230246251565E-014   1.0658141036401503E-014  -1.8568922202100038E-014  -1.5417801556184259E-009  0.78539909798813135     
  -1.1102230246251565E-014  -1.1546319456101628E-013  -1.5602599224244106E-014  -1.5850311463752646E-009  0.78539909798813112     
   8.6597395920762210E-014   6.2172489379008766E-015  -1.9917053441040096E-014  -1.6282615975394326E-009  0.78539909798813112     
  -1.4832579608992091E-013  -1.1990408665951691E-013  -2.0170462086143595E-014  -1.6717013779743351E-009  0.78539909798813179     
  -1.2190248810384219E-013   2.2204460492503131E-014  -1.9045715801750886E-014  -1.7155417546028753E-009  0.78539909798813179     
   9.3258734068513149E-014   5.6843418860808015E-014  -1.4358442717938764E-014  -1.7598669917150958E-009  0.78539909798813135     
   9.0594198809412774E-014   5.8619775700208265E-014  -1.6134126082709146E-014  -1.8048780363879426E-009  0.78539909798813101     
  -1.9939605522267811E-013   3.8191672047105385E-014  -1.4290357917759266E-014  -1.8506974840807262E-009  0.78539909798813101     
   2.6867397195928788E-014   3.5527136788005009E-015  -1.4684746318546389E-014  -1.8974172375711268E-009  0.78539909798813135     
   2.0394796962364126E-013  -2.2204460492503131E-014  -1.3691739808568701E-014  -1.9450721235570716E-009  0.78539909798813157     
   2.3125945602942011E-013  -9.3258734068513149E-014  -1.5262535154165150E-014  -1.9936271619444490E-009  0.78539909798813090     
   2.3658852654762086E-013  -1.3677947663381929E-013  -2.0388208004928929E-014  -2.0430148083734222E-009  0.78539909798813046     
   6.2977401071862005E-014  -1.5454304502782179E-013  -1.0191760280265539E-014  -2.0930769532636128E-009  0.78539909798813001     
  -9.8970311113166787E-014  -1.3677947663381929E-013  -1.8922241324877066E-014  -2.1436080091426122E-009  0.78539909798813057     
  -5.5122573172639022E-014  -5.9507954119908391E-014  -1.3849352095726919E-014  -2.1943433468295779E-009  0.78539909798813023     
   1.0952350137927169E-013   1.4033219031261979E-013  -1.3429508616061687E-014  -2.2449285064332516E-009  0.78539909798813001     
   5.0848214527832170E-014   1.0658141036401503E-013  -8.6951968716287504E-015  -2.2950266469782938E-009  0.78539909798812957     
  -3.0975222387041867E-013   7.9936057773011271E-015  -1.6549471234832450E-014  -2.3442641676513411E-009  0.78539909798812935     
   7.1831429693247628E-014   2.0428103653102880E-014  -1.6770301042375579E-014  -2.3921907987973990E-009  0.78539909798812935     
  -9.1038288019262836E-015  -9.6811447747313650E-014  -1.9556352573511491E-014  -2.4384263734138612E-009  0.78539909798812924     
  -6.1728400169158704E-014  -7.6827433304060833E-014  -1.7429879174040722E-014  -2.4825849245888816E-009  0.78539909798812912     
   3.6837199957062694E-013  -2.2293278334473143E-013  -8.3272113932929543E-015  -2.5243693909844446E-009  0.78539909798812946     
   2.6201263381153694E-014  -1.6653345369377348E-013  -1.5608470423389855E-014  -2.5634629069243205E-009  0.78539909798812912     
  -2.5335289421946072E-013   2.0650148258027912E-014  -1.5778962554712137E-014  -2.5996838256237643E-009  0.78539909798812912     
  -8.7929663550312398E-014   1.7008616737257398E-013  -8.2074899652876222E-015  -2.6328374426322988E-009  0.78539909798812912     
   1.9806378759312793E-013  -1.2434497875801753E-013  -1.2873787985112092E-014  -2.6629202690936354E-009  0.78539909798812901     
  -2.6645352591003757E-015  -9.7699626167013776E-014  -9.7743035299431346E-015  -2.6899403029910177E-009  0.78539909798812901     
  -1.5365486660812167E-013   6.7057470687359455E-014  -1.6476768160107535E-014  -2.7139103740121076E-009  0.78539909798812901     
   1.4654943925052066E-013   3.5527136788005009E-015  -1.8335651224226693E-014  -2.7350287427216868E-009  0.78539909798812912     
   3.1086244689504383E-014  -4.4408920985006262E-016  -1.9543218828452836E-014  -2.7534354965632860E-009  0.78539909798812901     
   2.2382096176443156E-013   1.9229062786507711E-013  -2.3010100269272103E-014  -2.7693732627349755E-009  0.78539909798812824     
   3.3306690738754696E-014  -1.4077627952246985E-013  -1.8596148919074127E-014  -2.7830795553862963E-009  0.78539909798812835     
  -1.5809575870662229E-013  -1.9984014443252818E-013  -1.2219898581903297E-014  -2.7947583296396418E-009  0.78539909798812846     
   8.3932860661661834E-014  -6.2172489379008766E-014  -1.2907791699564156E-014  -2.8046250602743820E-009  0.78539909798812846     
  -2.9398705692074145E-013  -2.1316282072803006E-014  -1.5555984893436206E-014  -2.8127714087758272E-009  0.78539909798812879     
  -2.9487523534044158E-013   4.0412118096355698E-014  -1.6151930371535550E-014  -2.8194149578527161E-009  0.78539909798812801     
   1.4388490399142029E-013  -2.7977620220553945E-014  -1.8944130366646305E-014  -2.8245078726665586E-009  0.78539909798812779     
  -2.4513724383723456E-013   4.4408920985006262E-014  -1.2854158455704939E-014  -2.8280748233746629E-009  0.78539909798812768     
  -5.9507954119908391E-014   2.0561330416057899E-013  -1.7754776833611367E-014  -2.8300479394843084E-009  0.78539909798812768     
   2.5757174171303632E-014  -1.7141843500212417E-013  -1.5200850617733876E-014  -2.8302183454233475E-009  0.78539909798812724     
  -1.3500311979441904E-013  -9.8587804586713901E-014  -1.0865054422663134E-014  -2.8284969005292485E-009  0.78539909798812690     
   1.1191048088221578E-013  -4.3876013933186186E-013  -1.2759293322059505E-014  -2.8245755347760452E-009  0.78539909798812657     
   9.4146912488213275E-014  -1.1457501614131615E-013  -1.9324720818777328E-014  -2.8182304680005857E-009  0.78539909798812613     
  -5.3290705182007514E-015  -9.7699626167013776E-015  -1.0908385698118180E-014  -2.8091860321739859E-009  0.78539909798812590     
   1.7141843500212417E-013  -1.0036416142611415E-013  -1.9393553814391660E-014  -2.7972231272848951E-009  0.78539909798812579     
   7.1054273576010019E-015  -7.0166095156309893E-014  -1.4707555460232401E-014  -2.7820683749448117E-009  0.78539909798812546     
   1.7141843500212417E-013   1.8651746813702630E-014  -2.3569014547789631E-014  -2.7635202345779562E-009  0.78539909798812557     
  -9.6811447747313650E-014   7.9936057773011271E-015  -1.3811277110718219E-014  -2.7414428294283996E-009  0.78539909798812502     
  -1.3766765505351941E-013  -2.9309887850104133E-014  -1.5066090016296992E-014  -2.7157748920699373E-009  0.78539909798812524     
  -3.1974423109204508E-014   8.3488771451811772E-014  -1.3943717023393612E-014  -2.6864269173583724E-009  0.78539909798812513     
  -2.0428103653102880E-014  -9.7699626167013776E-015  -3.8494402536225633E-015  -2.6533897213851376E-009  0.78539909798812446     
   2.4868995751603507E-014  -4.3520742565306136E-014  -9.4065150005707572E-015  -2.6168127749910837E-009  0.78539909798812402     
  -5.1514348342607263E-014  -1.5365486660812167E-013  -3.8907400195141159E-015  -2.5767485639690645E-009  0.78539909798812357     
  -6.1284310959308641E-014   1.5054624213917123E-013  -8.9621147593359368E-015  -2.5334423766570779E-009  0.78539909798812424     
   1.5631940186722204E-013  -1.8207657603852567E-013  -6.5296993301452779E-015  -2.4870103023463699E-009  0.78539909798812368     
   1.5099033134902129E-013  -1.4654943925052066E-013  -3.3730620581511953E-015  -2.4377047480772082E-009  0.78539909798812313     
   1.4210854715202004E-013  -1.5409895581797173E-013  -2.5262449261582700E-014  -2.3857444335840195E-009  0.78539909798812357     
   9.5923269327613525E-014  -7.1054273576010019E-015  -1.6092109825587116E-014  -2.3313713649307436E-009  0.78539909798812313     
  -2.1049828546892968E-013   3.1752378504279477E-013  -1.8227344849671163E-014  -2.2747934512355233E-009  0.78539909798812313     
   2.4868995751603507E-014   1.5321077739827160E-013  -4.8075426908766575E-015  -2.2162393191511006E-009  0.78539909798812291     
  -3.5527136788005009E-014  -1.1723955140041653E-013  -6.8258647822545242E-015  -2.1559016738923928E-009  0.78539909798812213     
  -1.1546319456101628E-014  -1.6608936448392342E-013  -1.2193870994349651E-014  -2.0939566717325351E-009  0.78539909798812224     
   5.1514348342607263E-014   1.3944401189291966E-013  -1.5851763016598739E-014  -2.0305608451006985E-009  0.78539909798812213     
   2.5135449277513544E-013  -1.5853984791647235E-013  -1.2168419135577195E-014  -1.9658621161108346E-009  0.78539909798812202     
  -1.5987211554602254E-014   2.2359891715950653E-013  -1.6100334192168503E-014  -1.8999575198678346E-009  0.78539909798812113     
  -9.5035090907913400E-014   1.6053824936079764E-013  -1.8574387120351964E-014  -1.8329821369327506E-009  0.78539909798812135     
   9.4146912488213275E-014  -1.5343282200319663E-013  -2.1478394349317109E-014  -1.7650126103857657E-009  0.78539909798812124     
   2.3092638912203256E-014   6.6391336872584361E-014  -2.0274347813107960E-014  -1.6961483675683841E-009  0.78539909798812046     
   2.5757174171303632E-014   2.0872192862952943E-013  -1.5390620431979017E-014  -1.6264646901368026E-009  0.78539909798812102     
  -2.1582735598713043E-013  -1.9428902930940239E-013  -1.4487520550572741E-014  -1.5560936355811088E-009  0.78539909798812080     
   6.4837024638109142E-014  -1.8007817459420039E-013  -1.5701099076473296E-014  -1.4851237351109230E-009  0.78539909798812024     
  -2.2204460492503131E-014  -2.2420953982305036E-013  -1.4170448748946169E-014  -1.4137332629137854E-009  0.78539909798812013     
  -6.9277916736609768E-014   3.3971436774749009E-013  -1.8776575113474755E-014  -1.3419939414980460E-009  0.78539909798811935     
  -2.5313084961453569E-013   1.2482376243738713E-013  -1.7605066934609535E-014  -1.2700695420265966E-009  0.78539909798811991     
   6.6613381477509392E-014   1.8776646903972960E-013  -8.8119175210779069E-015  -1.1981439502882995E-009  0.78539909798811958     
  -4.0856207306205761E-014  -1.2317924458216112E-013  -1.1964577552427607E-014  -1.1263863709446097E-009  0.78539909798811980     
   1.0658141036401503E-014  -1.9562129693895258E-013  -1.1619754151893655E-014  -1.0550106145346208E-009  0.78539909798811880     
   9.9475983006414026E-014  -1.4332979247910771E-013  -1.1172182162010120E-014  -9.8421129767297577E-010  0.78539909798811891     
   1.1457501614131615E-013  -1.0236256287043943E-013  -1.0558592138250888E-014  -9.1419907161781163E-010  0.78539909798811813     
  -1.9761969838327786E-013  -3.6215475063272606E-013  -1.6915549993235500E-014  -8.4515446600317782E-010  0.78539909798811813     
  -1.4699352846037073E-013   1.1968204205459188E-013  -1.6025746849276674E-014  -7.7740880671571948E-010  0.78539909798811824     
   7.9936057773011271E-015   4.3076653355456074E-014  -2.2008695189442445E-014  -7.1113522308126628E-010  0.78539909798811769     
  -1.4654943925052066E-013   4.7961634663806763E-014  -2.3410280570386185E-014  -6.4653842284687827E-010  0.78539909798811758     
  -7.9047879353311146E-014  -9.1482377229112899E-014  -1.0432335609026069E-014  -5.8388101437607372E-010  0.78539909798811780     
  -1.9717560917342780E-013   1.0347278589506459E-013  -1.2957527616607967E-014  -5.2336716838188338E-010  0.78539909798811680     
   1.7896795156957523E-013  -7.6161299489285739E-014  -9.4369127477167313E-015  -4.6521812680683542E-010  0.78539909798811691     
   2.5757174171303632E-014  -1.4654943925052066E-014  -1.5437941919159251E-014  -4.0965266368768614E-010  0.78539909798811669     
   3.9301895071730542E-014  -6.3504757008558954E-014  -1.0687843782181290E-014  -3.5684140978211241E-010  0.78539909798811558     
   2.9398705692074145E-013   8.7485574340462335E-014  -7.7113905886988118E-015  -3.0698995458481396E-010  0.78539909798811514     
   1.2967404927621828E-013  -2.9176661087149114E-013  -8.2368255989067794E-015  -2.6026422397190445E-010  0.78539909798811491     
   1.0658141036401503E-014  -8.8817841970012523E-014  -1.1464456914194162E-014  -2.1682036191636327E-010  0.78539909798811436     
   1.3855583347321954E-013   1.1546319456101628E-014  -1.8818497200995039E-014  -1.7678965345456976E-010  0.78539909798811425     
  -1.8340884366807586E-013   1.5676349107707210E-013  -1.0235423520392371E-014  -1.4032158309986286E-010  0.78539909798811403     
  -4.9737991503207013E-014   1.4876988529977098E-013  -9.0066287449054231E-015  -1.0749834271868453E-010  0.78539909798811325     
   2.0250467969162855E-013   9.4146912488213275E-014  -1.6280270343205713E-014  -7.8409620152244560E-011  0.78539909798811336     
  -8.7929663550312398E-014   2.3758772726978350E-013  -1.4655836134891475E-014  -5.3131797806230530E-011  0.78539909798811269     
   1.8651746813702630E-013   1.3633538742396922E-013  -1.7841492693409420E-014  -3.1690599499026857E-011  0.78539909798811225     
   1.0080825063596421E-013  -5.4178883601707639E-014  -9.7732563726957030E-015  -1.4091132309380497E-011  0.78539909798811247     
  -1.1812772982011666E-013  -2.8377300509419001E-013  -1.1557864676605107E-014  -3.1088377730223806E-013  0.78539909798811269     
   2.2204460492503131E-015  -8.1268325402561459E-014  -1.3436137416569482E-014   9.6944150075113333E-012  0.78539909798811269     
   3.8191672047105385E-014  -2.5313084961453569E-014  -2.2219701618650378E-014   1.6043203386310818E-011  0.78539909798811225     
  -7.0610184366159956E-014   5.5067062021407764E-014  -2.4293806159303082E-014   1.8863457368966961E-011  0.78539909798811192     
   7.1942451995710144E-014  -1.6431300764452317E-014  -1.0378923060895004E-014   1.8368001612914920E-011  0.78539909798811181     
  -3.0597746558669314E-013   1.3899992268306960E-013  -2.0362410452709871E-014   1.4816043978094265E-011  0.78539909798811192     
  -1.0746958878371515E-013   2.0250467969162855E-013  -2.1128468014773461E-014   8.5479263038836588E-012  0.78539909798811203     
  -5.7731597280508140E-015  -1.8340884366807586E-013  -2.0508393081865515E-014  -1.5477096299910371E-024  0.78539909798811181     
