 force-1force-2force-3workmass
   1.7763568394002505E-015   2.4868995751603507E-014  -2.1490512560269861E-014   0.0000000000000000       0.78539817820995306     
   7.5495165674510645E-015  -6.3948846218409017E-014  -1.7280480661979954E-014  -1.1763281376211097E-008  0.78539817820995261     
  -7.9936057773011271E-015  -3.5527136788005009E-014  -2.0425492071046819E-014  -1.8861015061528638E-007  0.78539817820995284     
   4.1744385725905886E-014  -4.6185277824406512E-014  -1.9593349670318018E-014  -9.5317576572027246E-007  0.78539817820995261     
  -6.1284310959308641E-014  -7.1054273576010019E-014  -1.8967182033232498E-014  -2.9944435443194153E-006  0.78539817820995284     
   1.6875389974302379E-014   2.4868995751603507E-014  -1.6436156960430997E-014  -7.2330714943457525E-006  0.78539817820995284     
  -3.5527136788005009E-015  -6.7501559897209518E-014  -1.7052414071711509E-014  -1.4764357443864881E-005  0.78539817820995284     
  -3.5527136788005009E-015  -1.4210854715202004E-014  -1.4906705998526149E-014  -2.6777689231859483E-005  0.78539817820995306     
   2.3980817331903381E-014   4.9737991503207013E-014  -2.0764447075604349E-014  -4.4453028589838683E-005  0.78539817820995261     
   3.1086244689504383E-015  -4.9737991503207013E-014  -1.1774230673351370E-014  -6.8836518562893217E-005  0.78539817820995250     
  -6.2172489379008766E-015   1.3855583347321954E-013  -1.9425510945337158E-014  -1.0070075487604579E-004  0.78539817820995284     
  -4.8849813083506888E-015  -2.4868995751603507E-014  -1.7420058346853035E-014  -1.4039883203394860E-004  0.78539817820995261     
   2.6645352591003757E-014  -8.5265128291212022E-014  -1.6776771177007396E-014  -1.8772187871535229E-004  0.78539817820995261     
  -1.3766765505351941E-014  -2.8421709430404007E-014  -1.5987073600443346E-014  -2.4177915755029672E-004  0.78539817820995261     
   5.8175686490358203E-014   1.0302869668521453E-013  -1.3257159173493449E-014  -3.0092625120266975E-004  0.78539817820995272     
  -1.7319479184152442E-014  -3.9079850466805510E-014  -1.8095114681053444E-014  -3.6278441980426568E-004  0.78539817820995261     
   3.0198066269804258E-014   1.0658141036401503E-014  -1.7230416314852961E-014  -4.2449199055172304E-004  0.78539817820995239     
   7.8159700933611020E-014  -1.0658141036401503E-013  -1.7543306690460414E-014  -4.8347521308912678E-004  0.78539817820995239     
   1.1546319456101628E-014   2.4868995751603507E-014  -1.4644489957584111E-014  -5.3887395099203039E-004  0.78539817820995239     
   2.0428103653102880E-014   4.6185277824406512E-014  -1.5630074064612411E-014  -5.9281806439859253E-004  0.78539817820995272     
  -1.3322676295501878E-015  -8.8817841970012523E-014  -1.6484936047835595E-014  -6.4987600703593495E-004  0.78539817820995261     
  -3.6415315207705135E-014   6.7501559897209518E-014  -2.0033347625931241E-014  -7.1448338327667615E-004  0.78539817820995261     
   5.5511151231257827E-014   1.0658141036401503E-013  -1.8348321325237198E-014  -7.8906270499412567E-004  0.78539817820995217     
   3.5527136788005009E-015   6.0396132539608516E-014  -2.1277914424026348E-014  -8.7497150494517117E-004  0.78539817820995261     
   3.6415315207705135E-014  -1.7763568394002505E-014  -1.5776176985304838E-014  -9.7447105419420921E-004  0.78539817820995261     
  -4.8849813083506888E-014   1.1723955140041653E-013  -1.6668309734167968E-014  -1.0909281742514099E-003  0.78539817820995261     
   2.4868995751603507E-014  -4.2632564145606011E-014  -2.4380039539207610E-014  -1.2275039977886482E-003  0.78539817820995261     
  -3.4638958368304884E-014  -1.0658141036401503E-014  -2.1042201255725329E-014  -1.3861438720057795E-003  0.78539817820995228     
   2.5757174171303632E-014   9.5923269327613525E-014  -1.9122836154575050E-014  -1.5672386613003186E-003  0.78539817820995228     
  -3.2862601528904634E-014   1.5276668818842154E-013  -2.0392526210537479E-014  -1.7692824116583017E-003  0.78539817820995239     
   8.3932860661661834E-014   4.9737991503207013E-014  -2.0545530700830978E-014  -1.9883718016391605E-003  0.78539817820995217     
   9.3258734068513149E-015   8.8817841970012523E-014  -2.2709197668365612E-014  -2.2179066337372211E-003  0.78539817820995239     
  -2.4424906541753444E-014  -2.8421709430404007E-014  -2.0370507386692689E-014  -2.4487893766773627E-003  0.78539817820995206     
  -6.6613381477509392E-015   1.4210854715202004E-014  -1.8396526898695864E-014  -2.6703665596133352E-003  0.78539817820995206     
  -9.3258734068513149E-015  -3.5527136788005009E-015  -2.3522241614070111E-014  -2.8723914869147604E-003  0.78539817820995161     
  -4.3964831775156199E-014  -3.9079850466805510E-014  -1.9930161361972988E-014  -3.0479301460309971E-003  0.78539817820995195     
   7.0610184366159956E-014  -3.5527136788005009E-015  -2.0408794544487288E-014  -3.1961487424185808E-003  0.78539817820995195     
  -2.6645352591003757E-015   8.1712414612411521E-014  -2.1632482421814395E-014  -3.3230025618684045E-003  0.78539817820995173     
   4.5297099404706387E-014  -9.9475983006414026E-014  -1.3370408886145081E-014  -3.4384851130009886E-003  0.78539817820995150     
  -1.2434497875801753E-014   3.9079850466805510E-014  -1.9913648665156698E-014  -3.5518311508919709E-003  0.78539817820995128     
  -4.5297099404706387E-014  -3.5527136788005009E-015  -1.8908212900070321E-014  -3.6685506088302011E-003  0.78539817820995150     
   5.0626169922907138E-014   0.0000000000000000       -1.7243034846345168E-014  -3.7919335338360560E-003  0.78539817820995139     
   5.7731597280508140E-015   8.5265128291212022E-014  -2.1558456566618851E-014  -3.9271227763205130E-003  0.78539817820995128     
   1.7319479184152442E-014   1.0658141036401503E-014  -1.9883575399947477E-014  -4.0831593693512191E-003  0.78539817820995117     
   4.3520742565306136E-014   8.5265128291212022E-014  -1.4419549583278543E-014  -4.2709141393346695E-003  0.78539817820995106     
   7.1942451995710144E-014   6.0396132539608516E-014  -2.0987586029656266E-014  -4.4991494468217819E-003  0.78539817820995084     
   3.3306690738754696E-014   4.6185277824406512E-014  -1.8279345222769337E-014  -4.7718154945479707E-003  0.78539817820995061     
   3.5083047578154947E-014  -1.2789769243681803E-013  -1.7477413462561861E-014  -5.0871425878248333E-003  0.78539817820995039     
  -4.7517545453956700E-014  -4.9737991503207013E-014  -1.7380727930319890E-014  -5.4373150889454047E-003  0.78539817820995028     
  -6.6613381477509392E-015   9.5923269327613525E-014  -1.1408718056120676E-014  -5.8082900107613300E-003  0.78539817820995017     
   3.0642155479654321E-014  -5.3290705182007514E-014  -2.2133015943882508E-014  -6.1806459155653304E-003  0.78539817820995017     
   8.1712414612411521E-014  -5.3290705182007514E-014  -2.1015998852574609E-014  -6.5323347450253477E-003  0.78539817820994962     
   1.2567724638756772E-013  -1.0658141036401503E-014  -1.5602901043690824E-014  -6.8431457464325218E-003  0.78539817820994928     
   6.1284310959308641E-014   1.5987211554602254E-013  -2.0699990823284521E-014  -7.0995214482653113E-003  0.78539817820994939     
  -4.9293902293356950E-014   4.6185277824406512E-014  -1.5679087449431949E-014  -7.2975899421076074E-003  0.78539817820994917     
  -1.2878587085651816E-014   3.9079850466805510E-014  -2.0874168050555234E-014  -7.4425111098913588E-003  0.78539817820994895     
   6.2172489379008766E-014   1.0302869668521453E-013  -1.6456440068159230E-014  -7.5441209045292723E-003  0.78539817820994828     
   7.7271522513910895E-014  -6.3948846218409017E-014  -2.1740908540195033E-014  -7.6116592465035326E-003  0.78539817820994817     
  -1.5099033134902129E-014  -6.7501559897209518E-014  -2.4851584879374573E-014  -7.6515949227866642E-003  0.78539817820994762     
   9.1038288019262836E-014  -5.6843418860808015E-014  -2.1411100538347726E-014  -7.6702910601803564E-003  0.78539817820994773     
  -7.1054273576010019E-015  -8.1712414612411521E-014  -1.7963726719352166E-014  -7.6789372910252007E-003  0.78539817820994751     
   9.7699626167013776E-015   2.1316282072803006E-014  -2.0198804491179408E-014  -7.6959387053641137E-003  0.78539817820994684     
  -7.5495165674510645E-015  -1.4210854715202004E-013  -1.7194859702248278E-014  -7.7441752970294209E-003  0.78539817820994662     
  -4.9737991503207013E-014  -2.1316282072803006E-014  -1.9044918441924049E-014  -7.8448825980372838E-003  0.78539817820994606     
   8.4376949871511897E-015   2.4868995751603507E-014  -2.4351597261943442E-014  -8.0119544437987633E-003  0.78539817820994595     
  -3.5527136788005009E-014  -4.2632564145606011E-014  -1.6595916663047650E-014  -8.2489010185077261E-003  0.78539817820994517     
   4.2632564145606011E-014   1.2434497875801753E-013  -2.3298888866710676E-014  -8.5482078508322124E-003  0.78539817820994473     
   6.3504757008558954E-014   7.1054273576010019E-015  -1.8696134300953355E-014  -8.8922040047024753E-003  0.78539817820994418     
   1.9984014443252818E-014   4.9737991503207013E-014  -2.2128890980962266E-014  -9.2554514026726986E-003  0.78539817820994373     
  -6.7057470687359455E-014  -3.5527136788005009E-015  -1.2857676816958440E-014  -9.6090293710756614E-003  0.78539817820994329     
  -1.3766765505351941E-014  -3.5527136788005009E-015  -2.2029803852598524E-014  -9.9260517527561820E-003  0.78539817820994329     
  -1.5543122344752192E-014   0.0000000000000000       -1.8889225660840938E-014  -1.0186411954204555E-002  0.78539817820994240     
   4.1300296516055823E-014  -6.3948846218409017E-014  -1.7321165524714312E-014  -1.0378619540082235E-002  0.78539817820994196     
   1.6875389974302379E-014  -7.1054273576010019E-015  -1.7170932781142905E-014  -1.0498138940504997E-002  0.78539817820994162     
  -2.4424906541753444E-014   6.3948846218409017E-014  -1.3484586502518966E-014  -1.0543935790780834E-002  0.78539817820994096     
   1.4654943925052066E-014   2.8421709430404007E-014  -1.4610464626544241E-014  -1.0516218641169139E-002  0.78539817820994084     
  -1.3322676295501878E-015   4.6185277824406512E-014  -1.7915123078221095E-014  -1.0417359410992200E-002  0.78539817820994018     
   2.8865798640254070E-014  -7.1054273576010019E-015  -1.8731687006765611E-014  -1.0255263490878130E-002  0.78539817820994018     
   1.9984014443252818E-014   3.9079850466805510E-014  -2.2975857628254058E-014  -1.0046318709809654E-002  0.78539817820993973     
   1.5987211554602254E-014   5.3290705182007514E-014  -2.2889398815674008E-014  -9.8153391606978779E-003  0.78539817820993907     
  -7.9936057773011271E-015  -1.1013412404281553E-013  -1.9162840647610315E-014  -9.5921290586891139E-003  0.78539817820993862     
  -3.0198066269804258E-014  -3.9079850466805510E-014  -2.0421114809428381E-014  -9.4062287201395200E-003  0.78539817820993807     
   4.1300296516055823E-014  -2.8421709430404007E-014  -2.1623117243691163E-014  -9.2817119360495415E-003  0.78539817820993729     
   3.0198066269804258E-014   2.1316282072803006E-014  -1.8035320038265271E-014  -9.2332192657602619E-003  0.78539817820993685     
   9.4146912488213275E-014   8.1712414612411521E-014  -2.0771376968107815E-014  -9.2639244967007706E-003  0.78539817820993596     
  -8.8817841970012523E-016  -3.5527136788005009E-014  -1.9289884591371601E-014  -9.3659011291784555E-003  0.78539817820993518     
   2.6201263381153694E-014   2.1316282072803006E-014  -1.9886477829474618E-014  -9.5227052747928198E-003  0.78539817820993485     
  -8.8817841970012523E-016  -8.5265128291212022E-014  -1.9959416969497852E-014  -9.7129793515662310E-003  0.78539817820993396     
   7.3274719625260332E-014   7.8159700933611020E-014  -2.0046421428986133E-014  -9.9134695835008113E-003  0.78539817820993341     
   7.9936057773011271E-015  -1.7408297026122455E-013  -1.8575537415368030E-014  -1.0100633346965759E-002  0.78539817820993307     
   5.5511151231257827E-014  -8.1712414612411521E-014  -1.5830929147168357E-014  -1.0251383094230127E-002  0.78539817820993263     
   4.1744385725905886E-014  -7.1054273576010019E-015  -2.1346317821536037E-014  -1.0344241428487777E-002  0.78539817820993207     
  -6.2172489379008766E-015  -7.4606987254810520E-014  -2.1576543800980076E-014  -1.0361578707557273E-002  0.78539817820993152     
   3.0198066269804258E-014  -3.1974423109204508E-014  -1.9612341537837343E-014  -1.0292183669232902E-002  0.78539817820993130     
  -3.1974423109204508E-014   2.1316282072803006E-014  -1.7698441546998035E-014  -1.0132573813480539E-002  0.78539817820993107     
  -2.2204460492503131E-014  -7.1054273576010019E-015  -1.7217580444621603E-014  -9.8862216013961834E-003  0.78539817820993085     
   4.8849813083506888E-015   2.8421709430404007E-014  -1.6492252269335373E-014  -9.5616810500160909E-003  0.78539817820993019     
   5.2846615972157451E-014  -2.4868995751603507E-014  -1.9841815657697370E-014  -9.1715440697488493E-003  0.78539817820992952     
   1.5987211554602254E-014   6.7501559897209518E-014  -2.1870886508015796E-014  -8.7330426176526199E-003  0.78539817820992863     
   3.6415315207705135E-014   3.5527136788005009E-015  -1.5002052794581108E-014  -8.2690257826141256E-003  0.78539817820992819     
   7.1054273576010019E-015  -3.9079850466805510E-014  -1.2509965605250732E-014  -7.8072422673083341E-003  0.78539817820992741     
  -1.5099033134902129E-014   1.4210854715202004E-014  -1.7185143170021062E-014  -7.3771330379099886E-003  0.78539817820992663     
  -5.7287508070658077E-014  -8.8817841970012523E-014  -1.4257886922142467E-014  -7.0051648810354195E-003  0.78539817820992608     
  -1.7763568394002505E-014  -2.8421709430404007E-014  -1.9398467094647174E-014  -6.7103331512814446E-003  0.78539817820992519     
   1.2434497875801753E-014   2.1316282072803006E-014  -1.3955195728436599E-014  -6.5008853560986068E-003  0.78539817820992452     
   1.1723955140041653E-013  -1.1013412404281553E-013  -1.8431571303026255E-014  -6.3728720334130795E-003  0.78539817820992353     
   9.0150109599562711E-014   3.5527136788005009E-015  -1.9177923884273596E-014  -6.3112416180624020E-003  0.78539817820992286     
   8.5709217501062085E-014   4.2632564145606011E-014  -1.8584351756602471E-014  -6.2938471476929880E-003  0.78539817820992242     
  -9.7699626167013776E-015   6.0396132539608516E-014  -2.1605490908962807E-014  -6.2971859902267724E-003  0.78539817820992153     
  -2.3980817331903381E-014   4.2632564145606011E-014  -1.1541703201672833E-014  -6.3010120320197149E-003  0.78539817820992108     
  -6.5725203057809267E-014   3.1974423109204508E-014  -1.6051565828393522E-014  -6.2891610946795851E-003  0.78539817820992075     
  -5.1514348342607263E-014  -1.4210854715202004E-014  -1.7565321170146926E-014  -6.2465932028357152E-003  0.78539817820992008     
   7.1054273576010019E-015  -1.7763568394002505E-014  -1.8612031284723304E-014  -6.1557792916491216E-003  0.78539817820991997     
   5.9507954119908391E-014  -7.8159700933611020E-014  -1.8605281837552019E-014  -5.9962625655156643E-003  0.78539817820991931     
   1.1146639167236572E-013  -6.0396132539608516E-014  -1.2478209025937914E-014  -5.7487017402246821E-003  0.78539817820991886     
   4.4853010194856324E-014   1.7763568394002505E-014  -1.5439848667586665E-014  -5.4011946611276507E-003  0.78539817820991864     
   5.4178883601707639E-014   1.3855583347321954E-013  -1.4898806181961280E-014  -4.9541881326742310E-003  0.78539817820991853     
   3.0642155479654321E-014  -3.5527136788005009E-015  -1.8919707850443154E-014  -4.4215659984225830E-003  0.78539817820991797     
  -5.7731597280508140E-015   1.2789769243681803E-013  -1.4629029448470644E-014  -3.8278188901585963E-003  0.78539817820991764     
  -5.5067062021407764E-014  -4.6185277824406512E-014  -2.1423253649032564E-014  -3.2026945430221332E-003  0.78539817820991709     
  -4.8849813083506888E-015  -6.0396132539608516E-014  -1.8836510017392567E-014  -2.5752412600112962E-003  0.78539817820991675     
   4.1300296516055823E-014  -9.2370555648813024E-014  -1.6028583571022168E-014  -1.9692956919015181E-003  0.78539817820991598     
   6.3504757008558954E-014   9.5923269327613525E-014  -1.7651039705551528E-014  -1.4020226109154876E-003  0.78539817820991586     
   1.0658141036401503E-014  -1.6342482922482304E-013  -1.7378167082575911E-014  -8.8548108869379583E-004  0.78539817820991542     
  -1.1057821325266559E-013   7.8159700933611020E-014  -2.1791493664728499E-014  -4.2905293891659646E-004  0.78539817820991487     
  -2.7977620220553945E-014   2.1316282072803006E-014  -2.2824374285401999E-014  -3.9936141743135423E-005  0.78539817820957269     
  -7.4606987254810520E-014  -3.5527136788005009E-014  -1.4589575357568783E-014   2.7914867054379400E-004  0.78539817820965130     
  -4.5297099404706387E-014   1.0302869668521453E-013  -2.1540781031674555E-014   5.3295660577523662E-004  0.78539817820957070     
  -3.9968028886505635E-014  -6.3948846218409017E-014  -2.2254991254455425E-014   7.3432916947879789E-004  0.78539817820957014     
  -7.1054273576010019E-014  -3.1974423109204508E-014  -2.2018917276532906E-014   9.0132802675202406E-004  0.78539817820930224     
   2.7533531010703882E-014  -8.8817841970012523E-014  -2.0629981197707081E-014   1.0528148038120300E-003  0.78539817820936486     
   4.7961634663806763E-014   9.2370555648813024E-014  -1.7675384196484203E-014   1.2054771701377476E-003  0.78539817820930091     
   3.8191672047105385E-014  -2.1316282072803006E-014  -2.4488160313939524E-014   1.3736704306848146E-003  0.78539817820930113     
   2.2204460492503131E-014   6.7501559897209518E-014  -2.3612633444567936E-014   1.5709902882483640E-003  0.78539817820904445     
  -3.1530333899354446E-014  -3.5527136788005009E-014  -1.7984279484539796E-014   1.8114004314755405E-003  0.78539817820911551     
  -9.7699626167013776E-015   1.0302869668521453E-013  -1.9981776020782161E-014   2.1084127204282765E-003  0.78539817820904045     
   7.1054273576010019E-015  -3.1974423109204508E-014  -1.7257823663013958E-014   2.4722762574949098E-003  0.78539817820904090     
   7.9936057773011271E-015  -1.1368683772161603E-013  -2.0190278285298066E-014   2.9065001266908030E-003  0.78539817820872315     
  -6.6613381477509392E-015   2.4868995751603507E-014  -1.8776579695459528E-014   3.4058432027599395E-003  0.78539817820880664     
   1.3766765505351941E-014   3.1974423109204508E-014  -1.7099330992658064E-014   3.9575246401892805E-003  0.78539817820871805     
   4.7961634663806763E-014   2.1316282072803006E-014  -2.2021831910054113E-014   4.5454676426783802E-003  0.78539817820871805     
   1.1102230246251565E-014   7.8159700933611020E-014  -1.5066270304633039E-014   5.1549732052282859E-003  0.78539817820838942     
  -2.5757174171303632E-014  -9.9475983006414026E-014  -2.2515184107061795E-014   5.7745738075007935E-003  0.78539817820846825     
  -2.2204460492503131E-015  -7.8159700933611020E-014  -2.1159603294193056E-014   6.3940223756866477E-003  0.78539817820838476     
  -2.8421709430404007E-014  -6.7501559897209518E-014  -2.5813301170374157E-014   7.0006926756831511E-003  0.78539817820838476     
   6.4392935428259079E-014  -6.0396132539608516E-014  -2.2296136900121215E-014   7.5780353897265673E-003  0.78539817820811053     
   5.4178883601707639E-014   7.1054273576010019E-015  -2.3099930555880679E-014   8.1079222902209480E-003  0.78539817820817082     
   9.5923269327613525E-014  -3.5527136788005009E-015  -1.9003429467738765E-014   8.5755298915983769E-003  0.78539817820810587     
   7.5939254884360707E-014   6.0396132539608516E-014  -1.6041384647609021E-014   8.9736318184960862E-003  0.78539817820810642     
   5.9063864910058328E-014  -1.0658141036401503E-013  -1.4677204430203750E-014   9.3038668760940801E-003  0.78539817820810653     
  -2.3092638912203256E-014   7.1054273576010019E-015  -1.7286788908250686E-014   9.5746989574523322E-003  0.78539817820810720     
   7.1054273576010019E-015   8.1712414612411521E-014  -2.0182260204861102E-014   9.7977585236512788E-003  0.78539817820810776     
   6.9722005946459831E-014  -3.5527136788005009E-014  -2.3681922685993274E-014   9.9849743340441055E-003  0.78539817820810798     
   3.3306690738754696E-014   1.2789769243681803E-013  -1.8994242639155934E-014   1.0148005153258755E-002  0.78539817820810898     
   9.0150109599562711E-014  -6.0396132539608516E-014  -2.3183670607612606E-014   1.0299435727578965E-002  0.78539817820810942     
   7.3274719625260332E-014   1.7763568394002505E-014  -1.9223047404921977E-014   1.0453512361404238E-002  0.78539817820810998     
   1.8651746813702630E-014   5.3290705182007514E-014  -1.6189985522511750E-014   1.0624515782171384E-002  0.78539817820811131     
  -1.9095836023552692E-014  -5.3290705182007514E-014  -1.6979892474173484E-014   1.0823208902181358E-002  0.78539817820811242     
  -3.3306690738754696E-014  -2.8421709430404007E-014  -2.3504763191487546E-014   1.1053995517940063E-002  0.78539817820811342     
  -9.3258734068513149E-015  -8.8817841970012523E-014  -1.3069035874496229E-014   1.1315185355585289E-002  0.78539817820811453     
  -2.4868995751603507E-014   4.9737991503207013E-014  -1.3684398770063528E-014   1.1602175646570290E-002  0.78539817820811586     
  -1.9539925233402755E-014  -6.3948846218409017E-014  -1.7161326107287955E-014   1.1910906437218483E-002  0.78539817820811786     
  -4.6629367034256575E-014   4.6185277824406512E-014  -1.8447476975651341E-014   1.2238892221273279E-002  0.78539817820811908     
  -3.9523939676655573E-014   4.9737991503207013E-014  -1.1834006076880651E-014   1.2583354253416168E-002  0.78539817820812030     
   9.7699626167013776E-015  -9.2370555648813024E-014  -1.5798153079623490E-014   1.2938392170266377E-002  0.78539817820812208     
   2.5757174171303632E-014  -3.5527136788005009E-015  -1.1489409979369655E-014   1.3293784398059838E-002  0.78539817820812308     
   1.1990408665951691E-014   1.1368683772161603E-013  -1.5017383696756566E-014   1.3636561703912475E-002  0.78539817820812452     
  -3.1086244689504383E-015   4.9737991503207013E-014  -1.8315748505352475E-014   1.3954217716646733E-002  0.78539817820812596     
  -2.0872192862952943E-014  -1.0658141036401503E-014  -1.6953724236031368E-014   1.4237129508378521E-002  0.78539817820812763     
  -5.5067062021407764E-014   7.1054273576010019E-015  -2.1205230888550456E-014   1.4478535996800712E-002  0.78539817820812940     
  -6.2172489379008766E-015  -1.9895196601282805E-013  -1.9073927044678145E-014   1.4672648115161446E-002  0.78539817820813029     
  -2.2204460492503131E-015   1.0658141036401503E-014  -1.8514640604323563E-014   1.4813152509285832E-002  0.78539817820813196     
   2.4868995751603507E-014   3.5527136788005009E-015  -1.9789746979694245E-014   1.4893903738861902E-002  0.78539817820813407     
   1.3322676295501878E-015  -1.0302869668521453E-013  -1.7754445516022019E-014   1.4911408698658368E-002  0.78539817820813596     
  -3.5083047578154947E-014  -9.2370555648813024E-014  -2.1364830021704616E-014   1.4866931082246237E-002  0.78539817820813762     
  -5.5955240441107890E-014  -2.4868995751603507E-014  -2.0022042177372548E-014   1.4766355366909734E-002  0.78539817820813951     
  -7.1942451995710144E-014   6.0396132539608516E-014  -1.6679081799086681E-014   1.4617907590300128E-002  0.78539817820814173     
  -4.7517545453956700E-014  -5.3290705182007514E-014  -2.1100060731646144E-014   1.4429503021025192E-002  0.78539817820814417     
  -1.7763568394002505E-014  -1.4566126083082054E-013  -1.5613929250572843E-014   1.4207458006843310E-002  0.78539817820814584     
  -8.8817841970012523E-015  -3.5527136788005009E-014  -1.9681160305636014E-014   1.3956847829904806E-002  0.78539817820814839     
   4.2188474935755949E-014  -4.2632564145606011E-014  -2.2881837148866689E-014   1.3682358828278840E-002  0.78539817820815072     
   8.4376949871511897E-015   6.3948846218409017E-014  -2.5568475499385135E-014   1.3388281692944037E-002  0.78539817820815316     
  -1.2434497875801753E-014   7.4606987254810520E-014  -2.2275760127797944E-014   1.3077356008423413E-002  0.78539817820815583     
  -2.8865798640254070E-014   2.0250467969162855E-013  -2.8145104794245998E-014   1.2749451142888280E-002  0.78539817820815827     
  -8.8817841970012523E-015   1.7053025658242404E-013  -2.2738523508468211E-014   1.2401359470747608E-002  0.78539817820816127     
   3.4638958368304884E-014   7.1054273576010019E-014  -2.3069091841843043E-014   1.2028018547188379E-002  0.78539817820816371     
   9.9920072216264089E-014  -3.9079850466805510E-014  -1.6511051415445966E-014   1.1624202813565354E-002  0.78539817820816660     
   8.3044682241961709E-014   1.0658141036401503E-014  -1.7416939355623127E-014   1.1185368167773102E-002  0.78539817820816971     
   9.9475983006414026E-014   4.2632564145606011E-014  -2.2264234936203502E-014   1.0707197602119800E-002  0.78539817820817248     
   1.4210854715202004E-014   2.1316282072803006E-014  -2.4567007134004079E-014   1.0184585421861181E-002  0.78539817820817537     
   3.7747582837255322E-014  -9.5923269327613525E-014  -2.3891630354459179E-014   9.6111820254371483E-003  0.78539817820817837     
   1.9095836023552692E-014  -6.7501559897209518E-014  -2.0771566301699965E-014   8.9799581189700661E-003  0.78539817820818125     
   3.4638958368304884E-014   7.8159700933611020E-014  -2.0858875011969181E-014   8.2842954428344884E-003  0.78539817820818447     
   8.4376949871511897E-015   1.7408297026122455E-013  -2.0400784730226014E-014   7.5187725118522342E-003  0.78539817820818747     
   8.8817841970012523E-016   1.1723955140041653E-013  -2.0598879937453404E-014   6.6792801930764811E-003  0.78539817820819047     
   7.5495165674510645E-015  -1.7763568394002505E-014  -2.0706585486545069E-014   5.7627907681745694E-003  0.78539817820819358     
   2.0872192862952943E-014  -1.9539925233402755E-013  -2.2040627946143299E-014   4.7673108596687774E-003  0.78539817820819646     
   5.5955240441107890E-014  -1.5631940186722204E-013  -2.5318664245818550E-014   3.6921341523350193E-003  0.78539817820820002     
   4.8405723873656825E-014  -4.2632564145606011E-014  -1.9745446224884498E-014   2.5379885427962573E-003  0.78539817820820335     
   3.4638958368304884E-014   3.5527136788005009E-015  -1.5530827552359466E-014   1.3066393672607826E-003  0.78539817820820679     
   5.5955240441107890E-014   8.1712414612411521E-014  -2.1913686623406021E-014  -2.1881413904043289E-016  0.78539817820821012     
