 force-1force-2force-3workmass
   2.2204460492503131E-015  -8.8817841970012523E-015  -1.9398089615056813E-014   0.0000000000000000       0.78539816362971659     
   5.0702109177791499E-011   5.2560622521014011E-011  -1.9190102489094631E-014  -1.1762888483786774E-008  0.78539816362968096     
   3.7581493472771399E-011  -8.4074969208813854E-012  -2.0143383876976444E-014  -1.8860818167530137E-007  0.78539816362968085     
   3.1272762157641409E-011   9.6315844189120980E-011  -1.9905114557902182E-014  -9.5317973217374022E-007  0.78539816362931236     
  -6.0880189778345084E-012   1.5681678178225411E-011  -1.8072484612356253E-014  -2.9945129386916083E-006  0.78539816362815640     
  -1.1261258592298873E-010  -1.6269652292066894E-011  -1.9151020574050769E-014  -7.2333597839462777E-006  0.78539816362608450     
  -1.5487167104311084E-011   6.0280669345047500E-011  -1.4023591401022981E-014  -1.4764827167655994E-005  0.78539816362701309     
  -1.8838131055076701E-010  -1.2800605020402145E-010  -1.8313063669067824E-014  -2.6778443068385671E-005  0.78539816362613080     
  -2.0522072929907154E-010  -3.6495251265478146E-011  -1.8632323313571137E-014  -4.4454271819482916E-005  0.78539816362437276     
  -3.3283154010632643E-011  -3.8777869804107468E-012  -1.6959018372428833E-014  -6.8839922925851421E-005  0.78539816361739823     
  -4.7901238531267154E-011  -1.3875123272555356E-011  -1.5440181090847141E-014  -1.0070742770959540E-004  0.78539816360852321     
  -6.5145222549745085E-011  -6.0492055808936129E-011  -1.9467072836315932E-014  -1.4040689939956441E-004  0.78539816360855197     
  -7.0208283631245649E-011  -3.1176838888313796E-011  -1.8442305070664200E-014  -1.8773209931575302E-004  0.78539816360793724     
  -2.0822055191160871E-010  -1.0723333332407492E-010  -1.6689189029057215E-014  -2.4179307825102081E-004  0.78539816360591685     
  -2.6314950218875310E-010  -1.0183676124597696E-010  -1.8503664759444320E-014  -3.0094382133089015E-004  0.78539816360157599     
  -4.5087045208447307E-011  -4.1147529827867402E-011  -1.7994864268252576E-014  -3.6279970635538783E-004  0.78539816360263259     
  -1.2502665569513738E-010  -7.0643935146108561E-011  -1.8434259085826003E-014  -4.2450524091092179E-004  0.78539816360400627     
  -1.6920420620181176E-010  -7.3594463856352377E-011  -1.6552092321232426E-014  -4.8349797860589017E-004  0.78539816360319537     
  -3.9785952310467110E-010  -1.8266455015236716E-010  -1.4765831646000527E-014  -5.3891605611795790E-004  0.78539816360189985     
  -1.2109824254480372E-010  -1.0159340035897912E-010  -1.6137281739969261E-014  -5.9283377283571304E-004  0.78539816360051140     
  -2.3128521320359141E-010  -1.9083223889992951E-010  -1.3709025044078882E-014  -6.4983316535388580E-004  0.78539816360471071     
  -1.0140821515847165E-010  -1.5084644644502987E-010  -1.6263527927739439E-014  -7.1443776806381920E-004  0.78539816360414982     
   2.2609025762676538E-011  -7.7747586146870162E-011  -1.8971960205736301E-014  -7.8909676053964817E-004  0.78539816360558312     
  -1.6921575252126786E-011  -9.3770324838260422E-011  -2.0181035037994206E-014  -8.7500705829202108E-004  0.78539816360610848     
   1.7378276595536590E-010  -3.4958702599396929E-012  -1.8711195377739723E-014  -9.7442026110761137E-004  0.78539816360437920     
  -1.7254642159514333E-011  -1.1142375910822011E-010  -2.0948302186197406E-014  -1.0908544983149193E-003  0.78539816360144865     
   1.6944312619671109E-010  -6.5616845290605852E-011  -1.6404661676799407E-014  -1.2274807942007082E-003  0.78539816360022086     
   7.5741635185977430E-011  -2.6179947099080891E-011  -1.8181936548789595E-014  -1.3861590461188011E-003  0.78539816359948667     
   1.0988365772846009E-010  -9.4484420287699322E-012  -1.6376353175762011E-014  -1.5672415750744295E-003  0.78539816359503645     
   3.7720360168691514E-010   3.5431213518677396E-011  -1.6105442994496329E-014  -1.7692971729891815E-003  0.78539816359726822     
   1.0218048629440091E-010  -9.5706553793206695E-011  -1.8565300199556487E-014  -1.9884007670287196E-003  0.78539816359708969     
   2.9666624712376688E-010   1.2850165376221412E-011  -1.8465148112606529E-014  -2.2179513940253637E-003  0.78539816359221271     
   3.2521541015739786E-010   6.4506622265980695E-011  -1.8082350280157595E-014  -2.4488474459368748E-003  0.78539816358511549     
   1.4906431644590157E-010   3.1430857916348032E-011  -1.9527667970656826E-014  -2.6704253466874328E-003  0.78539816358066572     
   3.2253533177595273E-010   1.5507950479332067E-010  -1.6038400533487071E-014  -2.8724764457106478E-003  0.78539816357948022     
   2.5249446977682055E-010   8.0747852848617185E-011  -1.7018390338378571E-014  -3.0480562748726459E-003  0.78539816357331815     
   5.2388804405723022E-010   1.7996804047015758E-010  -1.5457314588274165E-014  -3.1962778976269979E-003  0.78539816357286740     
   2.7773516819706856E-010   1.0531842065120145E-010  -1.9593111373290198E-014  -3.3230648918739503E-003  0.78539816357232806     
   2.3586865793845391E-010   7.1619155050939298E-011  -1.8032967310686294E-014  -3.4384312416091412E-003  0.78539816356752745     
   1.2913314861862091E-010   9.5337071570611442E-012  -1.6136614695330507E-014  -3.5517269082386838E-003  0.78539816356767023     
   1.2991696607400627E-010   1.1612044659159437E-011  -1.9672790737151987E-014  -3.6685350273156780E-003  0.78539816356569092     
   5.1580517634874923E-011   4.9110937538898725E-011  -1.4293672203047190E-014  -3.7920000233329088E-003  0.78539816355881098     
  -1.7620838121956695E-010   7.7697848155366955E-011  -2.2932740244493464E-014  -3.9271000619925944E-003  0.78539816355944558     
  -1.8184076466809529E-010   7.0150107944755291E-011  -2.0126398690946701E-014  -4.0829781881277505E-003  0.78539816355592385     
  -1.3628520534325617E-010   2.7020163884117210E-011  -1.9982321005331844E-014  -4.2707090080117416E-003  0.78539816354621228     
  -2.2098856078400786E-010  -7.4429351570870494E-013  -1.8534263956874697E-014  -4.4990860712466052E-003  0.78539816353951097     
  -1.4767564948670042E-010   2.9221070008134120E-011  -2.0205372367452823E-014  -4.7718312547256891E-003  0.78539816353390635     
  -1.5181544910092271E-010  -1.4182433005771600E-011  -1.8325961693202765E-014  -5.0871436776310786E-003  0.78539816352278080     
  -7.6902484380525493E-011   1.0508927061891882E-011  -2.2668955397538090E-014  -5.4373113405021822E-003  0.78539816351955993     
  -3.4910829782575092E-010  -1.0225065238955722E-010  -1.7417025551778560E-014  -5.8083154155368355E-003  0.78539816351403025     
  -3.7788305817798573E-010  -1.7714718580918998E-010  -2.0819194372440746E-014  -6.1807416759478429E-003  0.78539816350288127     
  -9.4687813145810651E-011  -1.6150458748143137E-010  -2.2869321213681761E-014  -6.5324771217625255E-003  0.78539816350222802     
  -8.2045037430589218E-011  -2.0138557488280640E-010  -1.7715897692080458E-014  -6.8433820189210959E-003  0.78539816348492919     
  -7.0109695826658935E-011  -2.0240342735178274E-010  -1.9643472716854804E-014  -7.0998203669883075E-003  0.78539816347102520     
   1.2084555578439904E-010  -1.2117418179968809E-010  -2.0441515536394421E-014  -7.2978675584534081E-003  0.78539816347206381     
   3.4418867755903193E-010  -7.4473760491855501E-011  -2.0475445808912258E-014  -7.4427071164467895E-003  0.78539816343274493     
   2.9217384067692365E-010  -1.5290346766505536E-010  -2.1684921000689145E-014  -7.5441683960321138E-003  0.78539816341226176     
   6.0898486253790907E-010  -5.0954795938196185E-011  -2.1751869510867086E-014  -7.6116313233267618E-003  0.78539816341543311     
   6.4599392501918373E-010  -5.3528736998487148E-011  -2.1960680034510910E-014  -7.6516588663987362E-003  0.78539816335422441     
   3.8256819934190389E-010  -1.7189272227824404E-010  -1.8904626644555398E-014  -7.6704121253938773E-003  0.78539816332810408     
   6.0301363902226512E-010  -1.0081180334964301E-010  -1.6792317093427823E-014  -7.6789627838775854E-003  0.78539816333321699     
   4.6305226319987014E-010  -1.7912249461460306E-010  -1.7286744291948025E-014  -7.6958012918058039E-003  0.78539816324886669     
   3.8533043422717128E-010  -1.3674394949703128E-010  -1.9688092642829655E-014  -7.7438950847231736E-003  0.78539816321605316     
   3.7878455927398136E-010  -1.8451018490850402E-011  -2.0689084991940706E-014  -7.8446119683999171E-003  0.78539816322195155     
   7.8826722926805814E-011  -5.5484505878666823E-011  -1.7436216036276046E-014  -8.0118231503856219E-003  0.78539816313024968     
   6.1817218011128716E-013   9.5656815801703488E-012  -2.1094321884719073E-014  -8.2488153839013201E-003  0.78539816309700483     
   1.8842793991780127E-010   1.4750867194379680E-010  -1.8381176091689788E-014  -8.5480837461404668E-003  0.78539816310061261     
   1.8779733323981418E-010   1.3308465440786676E-010  -2.2328821197642106E-014  -8.8921135419628428E-003  0.78539816302708110     
   1.7859713707935043E-010   1.5826095989268651E-010  -1.4967048526451058E-014  -9.2554418984966969E-003  0.78539816299711229     
   2.1727286636519239E-010   2.4222934769113635E-010  -1.8545629459387505E-014  -9.6091453249718128E-003  0.78539816299940846     
  -1.0156053775745022E-010   1.5045387158352241E-010  -1.7453202582040687E-014  -9.9263429480218601E-003  0.78539816292742892     
  -2.2337731664379135E-010   1.5138290621052874E-010  -1.9765803847507070E-014  -1.0186757400023616E-002  0.78539816292101206     
  -2.9290569969475655E-010   6.6453509361963370E-011  -2.3407189305832979E-014  -1.0378973999109808E-002  0.78539816288875175     
  -4.0471226370186741E-010   1.2013146033496014E-010  -1.7004380717527101E-014  -1.0498408240886770E-002  0.78539816287971331     
  -4.7531356628383037E-010   1.1935341603930283E-010  -2.0104926272067468E-014  -1.0544126455510838E-002  0.78539816288784670     
  -6.3752381151971349E-010   3.8443914718300221E-011  -1.5697572519260853E-014  -1.0516437328183859E-002  0.78539816275086505     
  -5.5760640549351592E-010   8.7943874405027600E-011  -1.9335220711207746E-014  -1.0417560797805203E-002  0.78539816274134733     
  -3.8148817438354854E-010   1.2163070550741395E-010  -1.6969518109844190E-014  -1.0255457803135526E-002  0.78539816267081153     
  -4.1071324119457131E-010   5.9364069215916970E-011  -1.7771829692959667E-014  -1.0046405865283603E-002  0.78539816265776430     
  -3.3550628941725336E-010   6.6027183720507310E-011  -1.6196404837389079E-014  -9.8152963927418124E-003  0.78539816267273255     
  -3.7625103033178675E-010  -4.5142556359678565E-011  -1.6984254573227621E-014  -9.5920213397913123E-003  0.78539816246334682     
  -2.2340795879927100E-010  -6.5684346850503061E-011  -1.4949925645449372E-014  -9.4059956833110192E-003  0.78539816245007577     
  -1.9345858248698278E-011  -9.2189367251194199E-011  -1.6083500806021925E-014  -9.2814126237550365E-003  0.78539816235174742     
  -4.9753534625551765E-011  -2.0181900595162006E-010  -1.7703105016093519E-014  -9.2328683097653297E-003  0.78539816233493820     
  -4.8745452119192123E-011  -2.0906121278585488E-010  -1.8542952827066645E-014  -9.2636093841631517E-003  0.78539816234623705     
  -1.6566126248562796E-010  -2.6531310481914261E-010  -1.7689871904010663E-014  -9.3657233386945649E-003  0.78539816217698677     
  -1.0959855245573635E-010  -1.9179147159320564E-010  -1.8816061117399594E-014  -9.5225924371546977E-003  0.78539816216587921     
   6.4931171550597355E-011  -1.2424905548868992E-010  -1.6673885552144486E-014  -9.7129461638520986E-003  0.78539816210352198     
   1.6794388102425728E-010  -9.5816687917249510E-011  -1.6749857975588688E-014  -9.9134864819168111E-003  0.78539816209052493     
   4.0545300450389732E-010  -5.6925131275420426E-011  -1.5480129322646158E-014  -1.0100729106462758E-002  0.78539816210086377     
   3.1418156964946320E-010  -2.0622081819965388E-010  -1.9839221001537258E-014  -1.0251631827723706E-002  0.78539816192270606     
   6.1262639405867958E-010  -7.3399064604018349E-011  -1.6064702654401989E-014  -1.0344571555144233E-002  0.78539816191058753     
   6.4350880180086278E-010  -1.0665246463759104E-010  -1.6209647729229283E-014  -1.0361986027816350E-002  0.78539816182236777     
   5.5662807696421623E-010  -7.2510886184318224E-011  -1.7754483739863963E-014  -1.0292558311251421E-002  0.78539816180663458     
   5.3147575229672839E-010  -9.8445696039561881E-012  -1.7765666625828521E-014  -1.0132860946166389E-002  0.78539816182437627     
   4.4294790058074796E-010   2.7206681352254236E-011  -1.4067226826628695E-014  -9.8864859747112011E-003  0.78539816156671050     
   4.8895687498884399E-010   1.3979573054712091E-010  -1.9654461547992882E-014  -9.5619108805031772E-003  0.78539816155092423     
   5.5157434175612252E-010   2.2143353817227762E-010  -1.6714930460421284E-014  -9.1718090371981642E-003  0.78539816140413288     
   3.6838487815771259E-010   1.8490453612685087E-010  -1.6179281662420266E-014  -8.7332411464451365E-003  0.78539816138172891     
   3.4528024883684338E-010   2.1823609586135717E-010  -2.1158409507378469E-014  -8.2691001693133703E-003  0.78539816117961214     
   3.4753799837972110E-010   2.5471535991528071E-010  -1.6355008063654662E-014  -7.8071055505646303E-003  0.78539816119681705     
   2.0151880164576141E-010   2.1559998231168720E-010  -1.9605077686514947E-014  -7.3768545728452040E-003  0.78539816109968974     
   2.9158098158177381E-010   2.3878854449321807E-010  -1.6281448117405451E-014  -7.0048509084039701E-003  0.78539816092923642     
   2.0090773489300773E-010   8.9819707227434264E-011  -1.7664498114796454E-014  -6.7099695862569142E-003  0.78539816087366643     
   1.8546808533415060E-010   1.2377654456940945E-011  -1.8853869595328650E-014  -6.5005272987506135E-003  0.78539816078877167     
   2.5157342875559152E-010   7.5619510653268662E-011  -1.5995122755125574E-014  -6.3725815457675861E-003  0.78539816064628920     
   3.7549519049662194E-011   6.3682392692498979E-011  -1.8687776807755781E-014  -6.3110162365884737E-003  0.78539816059852829     
  -1.0949152695616249E-010   5.1443294069031253E-011  -1.9554624080400744E-014  -6.2937400688132250E-003  0.78539816052006650     
  -2.2041790614935053E-010   5.8175686490358203E-011  -1.7312123624088136E-014  -6.2972042706068709E-003  0.78539816038998911     
  -4.9547121960813456E-010  -2.9409363833110547E-011  -1.8867212198088924E-014  -6.3010708197335230E-003  0.78539816034699772     
  -3.6292879812549472E-010  -3.7108094375071232E-011  -2.4519533946767355E-014  -6.2892564966312570E-003  0.78539816026907983     
  -2.5559465655078384E-010  -7.4958705909011769E-011  -1.6069563636044551E-014  -6.2467685891587355E-003  0.78539816013218611     
  -4.6089354555078899E-010  -2.2492230300485971E-010  -1.9134363455516206E-014  -6.1560420983328701E-003  0.78539816009016117     
  -3.4070080090486954E-010  -2.9135804879842908E-010  -2.1379305019295561E-014  -5.9966376984090797E-003  0.78539816000549578     
  -1.5275292142291619E-010  -2.7135982350046106E-010  -2.0307753464801192E-014  -5.7491548792520941E-003  0.78539815984024253     
  -2.6762547733483188E-010  -2.7446134254205390E-010  -2.4654685217021624E-014  -5.4016193363484177E-003  0.78539815979348426     
  -1.2093215318031980E-010  -2.1397994487415417E-010  -2.1094046844832419E-014  -4.9546116042740174E-003  0.78539815921094169     
  -7.2317263288823597E-011  -1.6301271443808218E-010  -1.9298679053191977E-014  -4.4219555561448853E-003  0.78539815900837395     
  -1.9744961221590529E-010  -1.7017853792822280E-010  -2.1018258371897474E-014  -3.8281092224037305E-003  0.78539815895167131     
  -1.3720091729396700E-010  -1.7385204387210251E-010  -2.0431140024196485E-014  -3.2028532306482838E-003  0.78539815866569862     
  -2.2435475699467133E-010  -1.4034640116733499E-010  -1.9944715467233439E-014  -2.5752262984464203E-003  0.78539815838848259     
  -6.6734173742588609E-011   2.4343194127141032E-011  -2.2059889222351330E-014  -1.9691193794311168E-003  0.78539815856258111     
   1.4384982094384213E-010   9.0281560005678330E-011  -1.6292492169203137E-014  -1.4018138124913815E-003  0.78539815757659381     
   3.0553248819842338E-010   9.5170094027707819E-011  -2.0684480749189495E-014  -8.8523577126875530E-004  0.78539815699807458     
   3.7415048836919595E-010   3.0891555979906116E-010  -1.9989920208493918E-014  -4.2878588453931776E-004  0.78539815602672236     
   4.6121684249555983E-010   2.3074164801073493E-010  -2.0905756237100422E-014  -3.9613513671321599E-005  0.78539815583501549     
   5.6426019412469941E-010   4.0416736624138139E-010  -1.5972226170987580E-014   2.7948714404280040E-004  0.78539815541097080     
   5.8872018371403101E-010   3.7818992382199212E-010  -2.0081975164832359E-014   5.3326925599428421E-004  0.78539815487708764     
   6.5465322052205011E-010   3.8819791825517314E-010  -1.6798565344931742E-014   7.3459095659389462E-004  0.78539815439946081     
   7.6583361874327238E-010   2.9223201636341400E-010  -2.0419551039514082E-014   9.0154773829120849E-004  0.78539815424608395     
   6.8975536393622860E-010   3.5494096550792165E-010  -1.5279480115551075E-014   1.0530063216211971E-003  0.78539815391384926     
   5.9780491667993374E-010   5.3930193644191604E-011  -1.7641537116260334E-014   1.2056201893413387E-003  0.78539815349964526     
   5.7790705554339183E-010   3.5484504223859403E-011  -2.2444432140502622E-014   1.3737199692718249E-003  0.78539815311490746     
   5.8425975169029698E-010  -6.4854788206503144E-011  -2.0153585276903462E-014   1.5709191584609705E-003  0.78539815297833460     
   6.1359406444694287E-010  -1.7686829778540414E-010  -2.0123242010044866E-014   1.8112333829571892E-003  0.78539815264975044     
   7.8211304099795598E-010   3.9403147411576356E-011  -2.0613140951206662E-014   2.1081913547800202E-003  0.78539815219555420     
   6.8075500792019739E-010  -9.8886232535733143E-011  -1.8188965125395553E-014   2.4720299989497985E-003  0.78539815174894045     
   6.1296834275026413E-010  -1.7710632960188377E-010  -2.0097059258430208E-014   2.9062340495074057E-003  0.78539815156395165     
   4.4629144824170908E-010  -1.6846968264871975E-010  -2.0958522648244986E-014   3.4055943005832923E-003  0.78539815115333789     
   3.8397107715582024E-010  -1.9853629851240839E-010  -1.8439497944299797E-014   3.9573277558444531E-003  0.78539815094774235     
   3.6359404376185012E-010  -2.1976021002956259E-010  -2.3444874504578626E-014   4.5453452851744736E-003  0.78539815075716002     
   2.7399416069329163E-010  -1.8503243381928769E-010  -1.8315944085007127E-014   5.1548830122478684E-003  0.78539815092707299     
   1.8137846780064137E-010  -1.6251888723672892E-010  -2.0749599110550989E-014   5.7745626935878924E-003  0.78539815009621206     
   9.1472607266496198E-011  -2.3396040660372819E-010  -2.2584686618314982E-014   6.3940612971398192E-003  0.78539814996309243     
   5.2417625795442291E-011  -2.7821300818686723E-010  -1.7394778939253864E-014   7.0008131126497730E-003  0.78539814976583389     
  -4.6258552544031772E-011  -1.6036239003369701E-010  -1.7164474760385067E-014   7.5782257671361819E-003  0.78539814972415356     
  -1.6139445335738856E-010  -1.4416556837204553E-010  -1.8652449620850375E-014   8.1081831472287202E-003  0.78539814967436494     
  -6.5179861508113390E-011  -3.7552183584921295E-012  -2.0711279165389609E-014   8.5758631374028838E-003  0.78539814950433740     
   7.7539308307450483E-011   1.9569768028304679E-010  -2.2276985111829219E-014   8.9739932762313845E-003  0.78539814947077569     
  -9.6170182928290160E-011   4.0731862327447743E-011  -1.8588692763906860E-014   9.3042441706838730E-003  0.78539814944191388     
  -1.6156898041685963E-010   2.5778490453376435E-011  -2.5528967811914352E-014   9.5750739825128939E-003  0.78539814931225771     
  -2.4708857182531574E-010   1.9207035961699148E-010  -2.2523951723374384E-014   9.7980673405930752E-003  0.78539814929437402     
  -3.1424329804963236E-010   2.5743318587956310E-010  -1.9956161640928222E-014   9.9852389957231225E-003  0.78539814928676921     
  -2.8915181360389397E-010   2.5886137677844090E-010  -1.9627256340932291E-014   1.0148249882219629E-002  0.78539814919132889     
  -3.6572034289861222E-010   4.4469317117545870E-010  -1.8010739672940338E-014   1.0299630114252833E-002  0.78539814910425820     
  -4.5245363011758855E-010   4.1812953099906736E-010  -1.9068194040109224E-014   1.0453613463003109E-002  0.78539814910795547     
  -6.1282690033692688E-010   1.9216983559999790E-010  -1.6686544788343330E-014   1.0624545539394514E-002  0.78539814902035676     
  -5.2558712937411656E-010   1.6428813864877156E-010  -1.9620103967418293E-014   1.0823174043944395E-002  0.78539814894865378     
  -5.1557069724594839E-010  -4.1310954657092225E-011  -1.5155294392532182E-014   1.1053923656734410E-002  0.78539814895867255     
  -6.6363559092508240E-010  -3.0870950240569073E-010  -1.8806438865444868E-014   1.1315136533314840E-002  0.78539814887029236     
  -4.1309133891331840E-010  -1.5749179738122621E-010  -1.9147177944083462E-014   1.1602127320605726E-002  0.78539814879499092     
  -3.6658343027795581E-010  -3.1579361348121893E-010  -1.3548275799144731E-014   1.1910805877353603E-002  0.78539814879944814     
  -5.0406012697123970E-010  -3.7586644907605660E-010  -1.6630016419017487E-014   1.2238775169554517E-002  0.78539814871580971     
  -3.9795677864162826E-010  -3.0444979870480893E-010  -1.9850273319399854E-014   1.2583200287835661E-002  0.78539814872006519     
  -2.6725577306763171E-010  -9.7859498282559798E-011  -1.5388648948445445E-014   1.2938233151824852E-002  0.78539814873881841     
  -1.9003221218838462E-010   1.0017942031481653E-010  -1.4429752443339698E-014   1.3293724358632852E-002  0.78539814865282198     
  -1.5535039921132920E-010  -1.9660717498481972E-010  -1.7591812619692120E-014   1.3636553363761905E-002  0.78539814865819202     
  -2.8911939509157492E-010  -3.5867486758434097E-010  -1.6228011901065955E-014   1.3954296745102734E-002  0.78539814857990620     
   1.8572698934349319E-011  -1.8374990418124071E-010  -2.0303254849573193E-014   1.4237230409404056E-002  0.78539814858701351     
   1.1455902892976155E-010   1.1098677532572765E-011  -2.1674295347065553E-014   1.4478641498096412E-002  0.78539814859965551     
  -2.0761548036318800E-010   1.1313261438772315E-010  -1.3326420966968014E-014   1.4672838166431390E-002  0.78539814860955293     
  -2.0464518968310585E-011   3.1934632716001943E-010  -2.1213766823466197E-014   1.4813360773650031E-002  0.78539814862160995     
  -1.5762569027799600E-010   3.6015279647472198E-010  -1.7922109507564974E-014   1.4894172922000681E-002  0.78539814860217427     
  -6.6588956570967639E-011   2.3034019136503048E-010  -2.2446325128025499E-014   1.4911663706979272E-002  0.78539814861892765     
   3.4878322452414068E-011  -9.8552277449925896E-012  -2.7216334918778932E-014   1.4867134394326964E-002  0.78539814862314283     
   5.5506266249949476E-011   1.1862510973514873E-011  -2.3811074649184071E-014   1.4766570699057180E-002  0.78539814874897806     
   3.9511482974319279E-010   1.8843238080989977E-010  -2.0549662335130361E-014   1.4618061728911558E-002  0.78539814876892411     
   2.8525781736732370E-010   3.0905766834621318E-010  -2.2246981401252478E-014   1.4429662334296212E-002  0.78539814880813830     
   3.2439628760982941E-010   2.4722623948036926E-010  -2.3301875531776787E-014   1.4207582054672541E-002  0.78539814883494319     
   3.5739100567866444E-010   4.9837467486213427E-011  -2.0608161203979680E-014   1.3956932744570216E-002  0.78539814883148018     
   3.6375058520832226E-010   1.4193091146808001E-011  -2.0309779418640890E-014   1.3682419196457407E-002  0.78539814888098758     
   7.1821637526170434E-010   1.4393108926924469E-010  -1.9611997246693723E-014   1.3388298198415249E-002  0.78539814890790960     
   5.6728421959917341E-010   1.0252065862914606E-010  -2.0946469153532388E-014   1.3077368129810418E-002  0.78539814897844618     
   5.5590509973058033E-010  -2.9885427466069814E-011  -2.2249780647329908E-014   1.2749423063370457E-002  0.78539814901173255     
   5.4578541686112203E-010  -1.0171774533773714E-010  -1.9956944552920610E-014   1.2401300714702912E-002  0.78539814900889571     
   4.5965675710135656E-010  -2.7277735625830246E-011  -2.0905065725184193E-014   1.2027958307364695E-002  0.78539814906324024     
   6.9446159933761464E-010   7.3828942959153210E-011  -1.8524926014045153E-014   1.1624134703092315E-002  0.78539814909253525     
   4.1585179744174638E-010  -8.9407592440693406E-011  -1.8635761548210423E-014   1.1185326907968585E-002  0.78539814915940043     
   3.2867353283450029E-010  -3.5846525747729174E-010  -1.7110897431276554E-014   1.0707148573674385E-002  0.78539814919478168     
   2.5184232477215573E-010  -5.3648108178094844E-010  -1.7954937959155997E-014   1.0184531839713795E-002  0.78539814919273720     
   4.4702908041927003E-011  -4.6659209829158499E-010  -1.8219482818435246E-014   9.6111451828895800E-003  0.78539814925248674     
   6.1252336536199437E-011  -2.4735413717280608E-010  -1.8825759977333073E-014   8.9799313466193964E-003  0.78539814928429730     
  -1.7744294922295012E-010  -6.1501026493715472E-011  -1.5145326813075631E-014   8.2843026415078125E-003  0.78539814937023067     
  -1.7816126351988260E-010   1.4381740243152308E-010  -1.8544585197807658E-014   7.5187844827459549E-003  0.78539814940994468     
  -2.1591972654277924E-010   1.5259260521816032E-010  -1.5092720280858459E-014   6.6792940803415135E-003  0.78539814940208053     
  -2.8199087509506171E-010   2.8486724090726057E-010  -2.1714159726397938E-014   5.7628151415139717E-003  0.78539814947768904     
  -4.2692738233540695E-010   2.9320901262508414E-010  -2.3131654631979080E-014   4.7673371981216128E-003  0.78539814951575393     
  -3.3784419706250901E-010   4.9901771603799716E-010  -1.9217352254653924E-014   3.6921701625071413E-003  0.78539814966572008     
  -2.1089752166858489E-010   4.5976733531460923E-010  -1.6463265269560447E-014   2.5380147636612227E-003  0.78539814971576549     
  -2.8097080218003612E-010   3.8908964938855206E-010  -1.8690838809221674E-014   1.3066573562002734E-003  0.78539815013158931     
  -3.2629299262509903E-010   2.5148239046757226E-010  -2.0367733251054166E-014  -2.1881678943936569E-016  0.78539815011212277     
