 force-1force-2force-3workmass
  -7.9936057773011271E-015  -1.3322676295501878E-015  -2.1618456724884378E-014   0.0000000000000000       0.78539909798813157     
  -1.1571188451853232E-011   1.6398438162923412E-011  -1.5697932896644755E-014  -6.6460642044485284E-008  0.78539909798806706     
   2.4597213155175268E-011  -1.6964207816272392E-012  -1.5764518034831075E-014  -9.6929521655883696E-007  0.78539909798810092     
   2.1124879623357629E-011  -3.2945646211146595E-011  -2.4130141053328714E-014  -4.4972838340521981E-006  0.78539909798808560     
   3.1294966618133913E-012   4.7202242114963155E-012  -2.2947554944218406E-014  -1.3089435171335351E-005  0.78539909798819574     
   2.6572521960588347E-011  -3.4598990339418378E-012  -2.5057267016188368E-014  -2.9557104297100458E-005  0.78539909798822438     
   1.1581402503679783E-011  -2.0321522242738865E-012  -2.4470706275749518E-014  -5.6910567964943030E-005  0.78539909798813501     
   1.9688251029492676E-011   5.3583804060508555E-012  -2.0573780153606543E-014  -9.8244966137535334E-005  0.78539909798826446     
   7.7448714108641070E-011   1.1555201240298629E-012  -1.8245435316629317E-014  -1.5668584000898232E-004  0.78539909798828877     
   4.7547743520226504E-011   2.7902125054879434E-012  -2.4235684733823235E-014  -2.3531002179527698E-004  0.78539909798827301     
  -3.0292657271502321E-011   1.8385293287792592E-012  -1.9768464137530259E-014  -3.3716539077566638E-004  0.78539909798806351     
   5.6032956052831651E-011  -1.7350565428841946E-012  -1.6787674474502838E-014  -4.6520844198992138E-004  0.78539909798771523     
   6.5477845367922782E-011  -1.8387069644631993E-011  -2.0207256997063202E-014  -6.2229947984192941E-004  0.78539909798799445     
   1.4766854405934282E-011  -2.4490631744811253E-011  -1.9503614885072052E-014  -8.1122823688351030E-004  0.78539909798788887     
   1.3054002323542591E-011  -2.0746515616565375E-011  -2.4785592258684952E-014  -1.0346591758022545E-003  0.78539909798804630     
   3.2172042807587786E-011  -2.5245139312346510E-011  -2.0346965603942071E-014  -1.2951599217410500E-003  0.78539909798789398     
   1.4662049352409667E-011  -2.7769342381134265E-011  -2.2229787010777863E-014  -1.5951658178417895E-003  0.78539909798802610     
   2.2014390310687304E-011  -2.4074076065971894E-011  -2.1630797514297987E-014  -1.9370153117764903E-003  0.78539909798780572     
   1.0032863428932615E-011  -2.3235191548565126E-011  -2.4090731805775736E-014  -2.3228993227423257E-003  0.78539909798786700     
   2.5239810241828309E-011  -2.1000534644599611E-011  -2.3129365802299333E-014  -2.7549171643823228E-003  0.78539909798763197     
   8.7876372845130390E-012  -1.9919177418614709E-011  -2.6732516167265414E-014  -3.2350050841970313E-003  0.78539909798737373     
   2.0824231228289136E-011  -1.7152501641248818E-011  -2.8149785969138319E-014  -3.7650359219203607E-003  0.78539909798866980     
   3.6816771853409591E-011  -2.2332802274149799E-011  -2.7467788777841035E-014  -4.3466434185848932E-003  0.78539909798819574     
   2.0291324176469061E-011  -2.0078605444950881E-011  -2.1719065902980729E-014  -4.9814798682072817E-003  0.78539909799052243     
   3.4425795547576854E-011  -1.8860468742332159E-011  -1.9565776553711856E-014  -5.6709232107851597E-003  0.78539909799143381     
   2.8368862814431850E-011  -1.6294965377028348E-011  -2.3961419729450708E-014  -6.4163336393235539E-003  0.78539909799516316     
   4.9034554194804514E-011  -1.8419044067741197E-011  -2.0350785747623902E-014  -7.2188373232381243E-003  0.78539909799646890     
   3.7910119488060445E-011  -1.2982948049966581E-011  -2.8858442931945739E-014  -8.0795435814701236E-003  0.78539909800203211     
   6.0014215819137462E-011  -1.3935075315885115E-011  -3.0342136204560942E-014  -8.9992990028444839E-003  0.78539909800384133     
   4.8711257250033668E-011  -8.2511775190141634E-012  -2.8152967557666831E-014  -9.9789613325379691E-003  0.78539909801179131     
   7.1762151776511018E-011  -1.2409628880050150E-011  -2.9851741038145668E-014  -1.1019093656605488E-002  0.78539909801423657     
   1.1894485396624077E-011   1.2859047160418413E-011  -3.3679601538777859E-014  -1.2120302948765592E-002  0.78539909802468666     
   6.8601568870008123E-011   3.7552183584921295E-012  -2.5693664246282042E-014  -1.3282865868274719E-002  0.78539909802792673     
   5.4982685071536253E-011   1.4965362282737260E-011  -2.6670152746809548E-014  -1.4507140010744801E-002  0.78539909804215202     
   2.8670843477129893E-011   4.9496406973048579E-011  -3.4516194541687084E-014  -1.5793080690068902E-002  0.78539909804202723     
   5.0445869703708013E-011   5.6159077388429068E-011  -2.0411433620182551E-014  -1.7140834747820813E-002  0.78539909805428154     
   8.3573592490893134E-011   4.4463988047027669E-011  -2.3456403105831874E-014  -1.8550123683040921E-002  0.78539909805901220     
   8.6303852953051319E-011   5.2871484967909055E-011  -2.4135505258493064E-014  -2.0020728453636914E-002  0.78539909807350528     
   3.5718983326660236E-011   8.6813667365959191E-011  -3.4238871947457612E-014  -2.1552131312419464E-002  0.78539909807188257     
   6.1301186349282943E-011   8.2541973256411438E-011  -2.5593433880919697E-014  -2.3143847764889057E-002  0.78539909807204678     
   8.0420115011747839E-011   9.3013152735466065E-011  -2.6466963751359812E-014  -2.4795169861604981E-002  0.78539909806923069     
   9.6521901582491409E-011   8.4909412834122122E-011  -2.4324431369320027E-014  -2.6505326716028343E-002  0.78539909807779618     
   1.1023448820424164E-010   7.1573413862324742E-011  -2.6390071901439007E-014  -2.8273339364410309E-002  0.78539909810408992     
   6.8755667825826094E-011   7.3055339555594401E-011  -2.5863940454691506E-014  -3.0097992442391239E-002  0.78539909810195718     
   5.4323656684118760E-011   3.9629188819390038E-011  -2.7563119245066577E-014  -3.1978175634275713E-002  0.78539909810217767     
   4.0991210426000180E-011   2.9477753571427456E-011  -2.8919180763040270E-014  -3.3912521762448924E-002  0.78539909809741459     
   6.1692428943160849E-011  -5.8522076074041252E-012  -2.7984256885746866E-014  -3.5899630490670707E-002  0.78539909811160835     
   4.3986814191043777E-011  -2.6965540911305652E-011  -3.1075149506797631E-014  -3.7937870488909731E-002  0.78539909815592401     
   1.9396262374016260E-011  -3.2636116031881102E-011  -3.2382812439433461E-014  -4.0025344513977122E-002  0.78539909815275544     
  -1.5661694163782158E-011  -5.7697846500559535E-011  -2.6103845622915670E-014  -4.2160349295515306E-002  0.78539909815306475     
  -2.4407142973359441E-011  -5.0421888886376109E-011  -2.4252064410237286E-014  -4.4340888452194624E-002  0.78539909814545061     
   2.1859403176449632E-011  -7.3723249727208895E-011  -2.5544917885674941E-014  -4.6564920903629917E-002  0.78539909815179698     
  -7.6094686107808229E-012  -7.6814998806185031E-011  -1.8431435242781584E-014  -4.8830171406482256E-002  0.78539909815198494     
  -2.5896618183196551E-011  -5.7427840260970697E-011  -2.0557139622932528E-014  -5.1134321404307362E-002  0.78539909814211473     
   3.5339731141448283E-011  -8.5381479664192739E-011  -2.5229033070265451E-014  -5.3474985594921726E-002  0.78539909815026077     
  -1.1573408897902482E-011  -7.9043438461212645E-011  -2.2420213447253535E-014  -5.5849540137909444E-002  0.78539909815056430     
  -3.1556091073525749E-011  -5.4972915108919551E-011  -2.3222583954695077E-014  -5.8255347385739273E-002  0.78539909813795217     
   3.0992985955435870E-012  -4.7889692211811052E-011  -2.6282505844849888E-014  -6.0689721760242565E-002  0.78539909814742170     
  -1.1344702954829700E-011  -4.3480774536419631E-011  -2.9530556896764502E-014  -6.3149726282092061E-002  0.78539909814787801     
   1.3456791236876597E-011  -2.5313973139873269E-011  -2.7365532785779066E-014  -6.5632430491695926E-002  0.78539909813196962     
   1.7495782600462917E-011   4.2055248172800930E-012  -2.1326368794427732E-014  -6.8134866673331018E-002  0.78539909814396469     
   4.3871573041087686E-012   1.2252421299763228E-011  -2.2955171419027264E-014  -7.0653805292760219E-002  0.78539909814461983     
   3.8923086975728438E-011   3.3407054900180810E-011  -2.2747684666949140E-014  -7.3186046799315646E-002  0.78539909812478792     
   4.3241854541520297E-011   6.4124705545509642E-011  -1.8624723809249775E-014  -7.5728377042160955E-002  0.78539909813979780     
   2.4830804079556401E-011   6.6185279479213932E-011  -2.4140643318007258E-014  -7.8277317026565263E-002  0.78539909814070419     
   5.8668625513291772E-011   8.2484241659130930E-011  -3.3970518883772965E-014  -8.0829451994835710E-002  0.78539909811625075     
   5.6176396867613221E-011   1.0319478604969845E-010  -2.6066979676134216E-014  -8.3381379091914704E-002  0.78539909813482189     
   2.5700330752442824E-011   8.6948226396543760E-011  -2.9159273417231073E-014  -8.5929418461384813E-002  0.78539909813604192     
   6.2326144245616888E-011   9.2016172459352674E-011  -2.5414569730596664E-014  -8.8470079217392611E-002  0.78539909819939990     
   1.0940226502498263E-010   1.0101786074301344E-010  -2.6836171750392287E-014  -9.0999600874850817E-002  0.78539909823714549     
   2.2684076839141198E-011   9.9555030885767337E-011  -3.0533530774010169E-014  -9.3514294485366689E-002  0.78539909826141685     
  -1.5374368445009168E-011   5.8418159198936337E-011  -2.5025216542038456E-014  -9.6010380009009716E-002  0.78539909826316934     
   4.4432901802338165E-011   4.8105519567798183E-011  -1.6529059545398266E-014  -9.8484218346576891E-002  0.78539909834504351     
   9.7274188703977416E-011   4.9777959532093519E-011  -2.3766416445620228E-014 -0.10093189252574974       0.78539909839354016     
  -8.2103213117079576E-012   4.0449421589983103E-011  -2.5508278196752030E-014 -0.10334959748958114       0.78539909842471400     
  -6.3472782585449750E-011  -1.3621992422940821E-011  -2.3396661426627856E-014 -0.10573345392231000       0.78539909842714961     
   4.6345149939952535E-012  -2.2809309996318916E-011  -2.9682249769700451E-014 -0.10807976990815393       0.78539909853122647     
   7.5749184702544881E-011  -1.5178081014255440E-011  -2.7400815585545238E-014 -0.11038456831450759       0.78539909859257806     
  -4.3725911780256865E-011  -1.8984813721090177E-011  -2.2159402254147271E-014 -0.11264402655304795       0.78539909863198376     
  -1.0626166613292298E-010  -7.3630879171560082E-011  -2.6863617998999245E-014 -0.11485426536630784       0.78539909863527524     
  -1.2716938613266393E-011  -6.8937744401864620E-011  -2.0356034486157667E-014 -0.11701163689256591       0.78539909876516989     
  -3.1548097467748448E-012  -5.5902837914345582E-011  -2.4220975631205354E-014 -0.11911220173417220       0.78539909884153458     
  -5.7384319518405391E-011  -1.1431922075644252E-010  -2.6004375407937330E-014 -0.12115222075820045       0.78539909889060122     
  -3.8641978505893348E-011  -1.2124523607326410E-010  -2.6417004141013701E-014 -0.12312792030466235       0.78539909889554960     
   1.3247181129827368E-011  -4.6835424427627004E-011  -2.1707069569832413E-014 -0.12503581271118269       0.78539909905586713     
  -1.6051604490030513E-011  -4.2587267046201305E-011  -1.6308778574510107E-014 -0.12687211347019134       0.78539909914982298     
  -4.9089177167616072E-011  -9.9642072370897949E-011  -2.5072760986174249E-014 -0.12863328098210552       0.78539909921003370     
  -1.8158807790769060E-011  -8.5241147473880119E-011  -2.4610006924322472E-014 -0.13031575700553577       0.78539909921628159     
   5.7486904125880756E-011   4.1318060084449826E-012  -2.6855468722602184E-014 -0.13191631768252321       0.78539909941136588     
   2.5277557824665564E-011   8.4918738707528973E-012  -2.9371797560553203E-014 -0.13343143559456991       0.78539909952535680     
  -2.9116709043819355E-011  -5.5112359120812471E-011  -3.1289030001489972E-014 -0.13485786952632284       0.78539909959821674     
   2.7973179328455444E-012  -3.7682745812617213E-011  -2.0532578446950718E-014 -0.13619237975516318       0.78539909960597420     
   9.5809138400682059E-011   6.1844751542139420E-011  -2.2958622368640847E-014 -0.13743210841860257       0.78539909984015988     
   5.0910387017211178E-011   6.8922645368729718E-011  -2.2697528650511171E-014 -0.13857388792765318       0.78539909997660318     
  -2.8925750683583829E-011   1.8056667272503546E-012  -1.9495756920448798E-014 -0.13961487834026354       0.78539910006358560     
   9.4106944459326769E-012   2.5412560944459983E-011  -2.5205154807905183E-014 -0.14055225806310379       0.78539910007306024     
   1.2535172899674762E-010   1.2786127712161033E-010  -2.5538338614877721E-014 -0.14138363187446493       0.78539910035049054     
   6.7439831497040359E-011   1.2400747095853148E-010  -3.2389274915489741E-014 -0.14210628879735282       0.78539910051166673     
  -4.0966119385643651E-011   4.2948755663019256E-011  -3.2179671664083542E-014 -0.14271788328047294       0.78539910061414331     
   1.2463363674442007E-012   5.7313265244829381E-011  -3.0411710713526937E-014 -0.14321610268179510       0.78539910062553409     
   1.4041967588696025E-010   1.4742163045866619E-010  -2.5302923973630671E-014 -0.14359910038245435       0.78539910094996301     
   6.3911764769386536E-011   1.2988099484800841E-010  -2.4185683792385889E-014 -0.14386457108751630       0.78539910087766651     
  -7.1165295878472534E-011   4.7509551848179399E-011  -2.1811882884898926E-014 -0.14401104634929404       0.78539910099683885     
  -2.9195201811660354E-011   3.9890757363991725E-011  -2.0500503476040318E-014 -0.14403662830870922       0.78539910101032429     
   9.7321817271733835E-011   1.1403056277003998E-010  -2.0752422923530985E-014 -0.14393994149397377       0.78539910102445987     
   5.7524207619508161E-011   6.9269034952412767E-011  -2.2217352206727629E-014 -0.14371965025399849       0.78539910103915844     
   2.3801738358031344E-011   3.1208813311423000E-011  -2.9728603725092364E-014 -0.14337458600798270       0.78539910105442812     
   5.7690435761870162E-011   2.9927171851795720E-011  -2.2325029262569938E-014 -0.14290374746041049       0.78539910107027744     
   4.2241668496423301E-011   1.1751488671052357E-011  -2.7314512151305637E-014 -0.14230630273088912       0.78539910108682809     
  -4.2352982232429781E-011  -1.7903012405895424E-011  -2.3087743601137602E-014 -0.14158159192820086       0.78539910110397915     
  -4.8984705180998844E-011  -5.0860649025707971E-011  -2.6631451640487989E-014 -0.14072912874494742       0.78539910112173605     
  -4.9806270219221460E-011  -5.8316018680670823E-011  -2.0831950281020565E-014 -0.13974860134740336       0.78539910114010925     
  -6.2602256711841164E-011  -6.6592953373856290E-011  -2.4602381775164930E-014 -0.13863987245657150       0.78539910115909795     
  -6.0265237245005210E-011  -6.9859229512303500E-011  -2.6958587779099715E-014 -0.13740294415560375       0.78539910108941924     
  -5.1503024067756087E-011  -6.2273741718854581E-011  -3.0215624349803205E-014 -0.13603810829823598       0.78539910109578193     
  -4.4885428707175379E-011  -6.2058802541287150E-011  -2.6794295656345850E-014 -0.13454571357738457       0.78539910110231625     
  -3.5595748570926844E-011  -6.5321081876845710E-011  -1.9688359307585416E-014 -0.13292632903189250       0.78539910110902211     
  -2.9287683389611630E-011  -6.6617378280398043E-011  -2.7821220487838863E-014 -0.13118069670525048       0.78539910111589839     
  -2.8983260236259412E-011  -6.6617600325002968E-011  -2.6896750806151625E-014 -0.12930973258489267       0.78539910112294398     
  -3.0986768706497969E-011  -6.4722449621967826E-011  -1.6138626284811233E-014 -0.12731452438279978       0.78539910113015710     
  -3.2081448608778373E-011  -5.6937121684086378E-011  -1.9816513027547705E-014 -0.12519632912286616       0.78539910113753708     
  -3.1015190415928373E-011  -4.3221426437867194E-011  -1.8668277182146360E-014 -0.12295657102854406       0.78539910114508094     
  -2.5407231873941782E-011  -2.5129676117785493E-011  -2.4177276728330102E-014 -0.12059683896367171       0.78539910115278744     
  -1.3922196728799463E-011  -3.9603875734428584E-012  -2.4839356334122851E-014 -0.11811888346487413       0.78539910116065315     
   4.3520742565306136E-014   1.7095658222388010E-011  -2.5528504610956802E-014 -0.11552461359941013       0.78539910116867540     
   1.5368595285281117E-011   3.7233327532248950E-011  -2.9099363657555820E-014 -0.11281609364725326       0.78539910117685052     
   2.9972024861990576E-011   5.3756554763140230E-011  -2.3390586531271112E-014 -0.10999553955478383       0.78539910118517575     
   4.1318948262869526E-011   6.6933569797811288E-011  -1.9748287501190846E-014 -0.10706531523932533       0.78539910119364742     
   4.9577231209241290E-011   7.6974870921731053E-011  -2.4626892783009336E-014 -0.10402792881401289       0.78539910120226042     
   5.3039350689232378E-011   8.4043438874914500E-011  -2.8050100881282289E-014 -0.10088602876399017       0.78539910121101153     
   5.3712589931365073E-011   8.8639762196862648E-011  -2.4120686112206599E-014  -9.7642400128415005E-002  0.78539910121989431     
   5.3401727484470030E-011   9.1612051278389117E-011  -2.6365506253442780E-014  -9.4299960747120104E-002  0.78539910122890544     
   5.0675907914410345E-011   9.4045660148367460E-011  -2.6344853796797914E-014  -9.0861757624888712E-002  0.78539910123803847     
   4.9731774254269112E-011   9.4017682528146906E-011  -3.3090898492939695E-014  -8.7330963473832651E-002  0.78539910124728785     
   4.7807091618778941E-011   9.0810026165399904E-011  -2.5283372533990069E-014  -8.3710873504303840E-002  0.78539910125664791     
   4.5076831156620756E-011   8.5787377201995696E-011  -1.9633843253813910E-014  -8.0004902535280531E-002  0.78539910126611256     
   4.2806647115867236E-011   7.6289197181722557E-011  -2.1737494976346486E-014  -7.6216582498198099E-002  0.78539910127567436     
   3.8228087362313090E-011   6.4464877880254789E-011  -2.7119008356296756E-014  -7.2349560410865335E-002  0.78539910128532764     
   3.1088021046343783E-011   4.9466208906778775E-011  -2.2179493132940364E-014  -6.8407596897995401E-002  0.78539910129506518     
   2.3201884857826371E-011   3.2015279316510714E-011  -3.1391829456688054E-014  -6.4394565337138832E-002  0.78539910130487933     
   1.2917666936118621E-011   1.4741985410182679E-011  -2.4944414277988010E-014  -6.0314451708870891E-002  0.78539910131476320     
   2.7737812047234911E-012  -3.3812952437983768E-012  -3.8112239930700730E-014  -5.6171355231962962E-002  0.78539910132470880     
  -7.2084560542862164E-012  -1.9177548438165104E-011  -2.5933517946250597E-014  -5.1969489863553257E-002  0.78539910133470803     
  -1.6140866421210376E-011  -3.3525182630000927E-011  -2.4106721805738592E-014  -4.7713186743511021E-002  0.78539910134475366     
  -2.2432722346366063E-011  -4.5434767059759906E-011  -2.4115317293592180E-014  -4.3406897661332960E-002  0.78539910135483759     
  -2.6940227826344199E-011  -5.5257132203223591E-011  -1.7270991303076517E-014  -3.9055199620724068E-002  0.78539910136495195     
  -3.0013325158506632E-011  -6.2227556441030174E-011  -2.2342713166891249E-014  -3.4662800573511218E-002  0.78539910137508773     
  -3.1294078439714212E-011  -6.7769789779958955E-011  -1.4253406661790738E-014  -3.0234546390316225E-002  0.78539910138523639     
  -3.0475177936750697E-011  -6.9872552188599002E-011  -1.6320258192986971E-014  -2.5775429131530678E-002  0.78539910139539004     
  -2.8717472844164149E-011  -7.0442762734046482E-011  -1.4123106491536991E-014  -2.1290596674125705E-002  0.78539910140553859     
  -2.5777602274956735E-011  -6.8726802027185840E-011  -9.7503598535907222E-015  -1.6785363745135069E-002  0.78539910141567360     
  -2.1861623622498882E-011  -6.2986948989873781E-011  -3.1766105221461744E-014  -1.2265225183671057E-002  0.78539910142578595     
  -1.6922463430546486E-011  -5.4837911989125132E-011  -2.3536416686540371E-014  -7.7358740348422292E-003  0.78539910143586655     
  -1.1384670983716205E-011  -4.4138914745417424E-011  -2.4665493384575852E-014  -3.2032126075109196E-003  0.78539910144590597     
  -2.9318769634301134E-012  -3.2432723173769773E-011  -1.0919684617462003E-014   1.3266351315545301E-003  0.78539910145589553     
   5.2287063567746372E-012  -1.8167689574966062E-011  -1.2141991397282072E-014   5.8473036788187034E-003  0.78539910146582570     
   1.3749890115377639E-011  -3.6286529336848616E-012  -2.3980456950398139E-014   1.0352164407074493E-002  0.78539910147568670     
   2.3788970793248154E-011   1.1639578190170141E-011  -3.0180300757216918E-014   1.4834303371941433E-002  0.78539910148546965     
   3.2261304738767649E-011   2.6004087771980267E-011  -2.4611079904572219E-014   1.9286498205549375E-002  0.78539910149516456     
   4.0371261889049492E-011   3.1982860804191660E-011  -2.5704410933191990E-014   2.3701193906482718E-002  0.78539910150473613     
   5.1550763657814969E-011   3.5918379381882914E-011  -2.8567007173013391E-014   2.8070480917949052E-002  0.78539910151419734     
   5.8129501212533796E-011   4.5438541818043632E-011  -3.1572150648882658E-014   3.2386084006215121E-002  0.78539910152354198     
   6.0751403907488566E-011   5.4027671225753693E-011  -3.1112433865906315E-014   3.6639319195257043E-002  0.78539910153275982     
   6.3883121015351207E-011   5.7843618783692818E-011  -2.7184968579607509E-014   4.0821053323405167E-002  0.78539910154184178     
   6.4016347778306226E-011   5.9390825590810437E-011  -2.2542254294511152E-014   4.4921676161739518E-002  0.78539910155077708     
   6.2921223786815972E-011   6.0545291002966906E-011  -2.2198741722888684E-014   4.8931071018353429E-002  0.78539910155955739     
   6.0259353062974697E-011   5.7937488140424875E-011  -2.5204438172897363E-014   5.2838584276790390E-002  0.78539910156817161     
   5.6282090099557536E-011   5.3699822366581884E-011  -3.2591171061870563E-014   5.6632994127655670E-002  0.78539910157661175     
   5.0714987764877151E-011   4.4834108647862081E-011  -2.8129059523849750E-014   6.0302478860268904E-002  0.78539910158486692     
   4.5118575542346662E-011   3.5729891267877179E-011  -1.8385079000184442E-014   6.3834584947835768E-002  0.78539910159292892     
   3.7319480838959862E-011   2.3154145267767490E-011  -2.0826828064452127E-014   6.7216195190715672E-002  0.78539910160078907     
   2.8277824526412587E-011   1.1486256390469407E-011  -2.0963467377057218E-014   7.0433497274554890E-002  0.78539910160843829     
   2.0462742611471185E-011  -1.5678569553756461E-012  -2.1139348100994832E-014   7.3471969728941183E-002  0.78539910161586834     
   1.0695000440819058E-011  -1.3102963158928560E-011  -2.0964651827824347E-014   7.6316368293565515E-002  0.78539910162307158     
   4.5830006456526462E-013  -2.4969359913029621E-011  -2.5282003225969099E-014   7.8950632070481919E-002  0.78539910163003990     
  -7.7484685334638925E-012  -3.4458658149105759E-011  -2.4710232457492800E-014   8.1357894759873650E-002  0.78539910163676574     
  -1.5524914687148339E-011  -4.4313441804888498E-011  -3.1180792446815142E-014   8.3520493822816982E-002  0.78539910164324200     
  -2.2438939595303964E-011  -5.2451376575390896E-011  -3.6581648318461690E-014   8.5419953296356071E-002  0.78539910164946258     
  -2.7493562981817377E-011  -5.9882099279207068E-011  -2.4067656937049431E-014   8.7036948827796154E-002  0.78539910165542104     
  -3.0152325081189701E-011  -6.4569904978384329E-011  -2.2264797785214467E-014   8.8351171110668314E-002  0.78539910166111127     
  -3.2200020427808340E-011  -6.7341687781663495E-011  -1.8045165386288170E-014   8.9341337639699842E-002  0.78539910166652915     
  -3.1906033370887599E-011  -6.8379524265083091E-011  -2.6433015265506480E-014   8.9985196968242670E-002  0.78539910167166971     
  -3.0345947976684329E-011  -6.5826677442260007E-011  -2.2547848422455442E-014   9.0259528064432423E-002  0.78539910167652915     
  -2.6941560093973749E-011  -6.1679106266865347E-011  -1.9170132039896423E-014   9.0140116398333137E-002  0.78539910168110449     
  -2.2457147252907816E-011  -5.6558757677294125E-011  -1.8521844869485748E-014   8.9601765792065940E-002  0.78539910168539406     
  -1.5972112521467352E-011  -5.0878412594101974E-011  -2.3232192199670470E-014   8.8618458235462147E-002  0.78539910164659743     
  -7.9709572275987739E-012  -4.4593662096303888E-011  -2.8887953636200669E-014   8.7163352173430741E-002  0.78539910161075865     
  -5.1558757263592270E-013  -3.3595792814367087E-011  -1.7945438962824951E-014   8.5208600151771105E-002  0.78539910157785764     
   8.9688256821318646E-012  -2.3427038087220353E-011  -1.7407458478568983E-014   8.2725355997240832E-002  0.78539910154786718     
   1.3366641127277035E-011  -1.5995649249589405E-011  -2.3767867955825785E-014   7.9683914905890746E-002  0.78539910156053638     
   2.7749802455900863E-011  -3.1737279471144575E-011  -1.9759151738630771E-014   7.6053690609774169E-002  0.78539910157219783     
   3.6977532147375314E-011  -3.3323566128728999E-011  -2.3200082775138278E-014   7.1803162814243815E-002  0.78539910175257854     
   3.1267877176333059E-011   5.2056137178624340E-012  -1.8505264720985087E-014   6.6899317922100771E-002  0.78539910172263228     
   3.5552449872966463E-011   6.1242566573582735E-011  -2.0040598494371309E-014   6.1308653107999503E-002  0.78539910177312544     
   8.3855145049938073E-011   2.3870683207860566E-011  -2.3090444307901002E-014   5.4996855047151898E-002  0.78539910178009098     
   1.0194156629950157E-010  -2.9475089036168356E-011  -3.1197667233495500E-014   4.7929336377921822E-002  0.78539910187639772     
   2.1777690761837221E-011   3.3129055054814671E-011  -3.0148810618515199E-014   4.0070670540940739E-002  0.78539910192051854     
   3.4249492131266379E-011   8.4735773953070748E-011  -1.5454912518421936E-014   3.1384966787600221E-002  0.78539910194382057     
   9.5514707254551467E-011   2.5816238036213690E-011  -2.3759885983749358E-014   2.1835819329100926E-002  0.78539910194717821     
   1.0499023872512225E-010  -1.6288748128090447E-011  -2.4825676165376042E-014   1.1386504954951910E-002  0.78539910196785245     
   7.2875039336395275E-012   3.6288305693688017E-011  -1.9208929686454824E-014  -1.9324080421227069E-015  0.78539910197281715     
