 force-1force-2force-3workmass
  -3.9968028886505635E-015   1.0658141036401503E-014  -2.1490512560269842E-014   0.0000000000000000       0.78539817820995317     
  -2.2204460492503131E-015  -4.9737991503207013E-014  -1.7280480660727287E-014  -1.1763268897640403E-008  0.78539817820995295     
   1.7319479184152442E-014  -2.1316282072803006E-014  -2.0425492062650779E-014  -1.8860882654249053E-007  0.78539817820995306     
   2.1316282072803006E-014  -2.4868995751603507E-014  -1.9593349787499506E-014  -9.5317650649490160E-007  0.78539817820995306     
  -6.0840221749458578E-014  -3.1974423109204508E-014  -1.8967182057118594E-014  -2.9944574121984827E-006  0.78539817820995306     
   3.0198066269804258E-014  -1.4210854715202004E-014  -1.6436156893935835E-014  -7.2330942862009612E-006  0.78539817820995295     
  -2.3980817331903381E-014  -2.8421709430404007E-014  -1.7052413976221503E-014  -1.4764178841497611E-005  0.78539817820995295     
   1.3766765505351941E-014  -3.9079850466805510E-014  -1.4906706078377057E-014  -2.6777403706650105E-005  0.78539817820995295     
   2.7089441800853820E-014   5.6843418860808015E-014  -2.0764446933635668E-014  -4.4453159131849912E-005  0.78539817820995306     
   7.1054273576010019E-015   3.5527136788005009E-015  -1.1774230662699837E-014  -6.8837453344992167E-005  0.78539817820995284     
   1.9984014443252818E-014   1.1368683772161603E-013  -1.9425510690292394E-014  -1.0070184516227168E-004  0.78539817820995284     
   3.1086244689504383E-015   0.0000000000000000       -1.7420058762182827E-014  -1.4039710346162165E-004  0.78539817820995295     
   3.6415315207705135E-014  -8.1712414612411521E-014  -1.6776770872015607E-014  -1.8771663148286349E-004  0.78539817820995295     
   5.3290705182007514E-015  -3.5527136788005009E-015  -1.5987073725387428E-014  -2.4178577367810206E-004  0.78539817820995306     
   3.0198066269804258E-014   3.1974423109204508E-014  -1.3257160238293902E-014  -3.0097642965206534E-004  0.78539817820995295     
  -3.4638958368304884E-014  -2.8421709430404007E-014  -1.8095115446548867E-014  -3.6285492164513100E-004  0.78539817820995306     
   4.4408920985006262E-014   6.3948846218409017E-014  -1.7230416428533888E-014  -4.2442509117786298E-004  0.78539817820995295     
   3.1086244689504383E-014  -9.2370555648813024E-014  -1.7543307080706193E-014  -4.8315549592670148E-004  0.78539817820995284     
  -5.1514348342607263E-014  -1.0658141036401503E-014  -1.4644492715279633E-014  -5.3856399236189290E-004  0.78539817820995306     
  -1.3322676295501878E-015   7.1054273576010019E-014  -1.5630073910931673E-014  -5.9297192938538579E-004  0.78539817820995306     
   3.5083047578154947E-014  -3.9079850466805510E-014  -1.6484933769395300E-014  -6.5043888982610487E-004  0.78539817820995306     
  -2.1760371282653068E-014   1.7763568394002505E-014  -2.0033345983315460E-014  -7.1483081195455878E-004  0.78539817820995306     
   3.9968028886505635E-014   3.5527136788005009E-014  -1.8348320195667435E-014  -7.8885368376668819E-004  0.78539817820995272     
  -8.8817841970012523E-016   5.6843418860808015E-014  -2.1277918834067963E-014  -8.7457205770771762E-004  0.78539817820995284     
   2.7533531010703882E-014  -2.8421709430404007E-014  -1.5776176331582129E-014  -9.7434605872850910E-004  0.78539817820995284     
  -3.5527136788005009E-014   1.2789769243681803E-013  -1.6668310020684206E-014  -1.0910813447848888E-003  0.78539817820995284     
   1.7763568394002505E-015  -5.6843418860808015E-014  -2.4380038841736319E-014  -1.2276824424975741E-003  0.78539817820995272     
  -3.9968028886505635E-014  -4.2632564145606011E-014  -2.1042203306385452E-014  -1.3862289359795610E-003  0.78539817820995272     
  -7.9936057773011271E-015   5.3290705182007514E-014  -1.9122835601300237E-014  -1.5672759146850845E-003  0.78539817820995261     
   6.6613381477509392E-015   1.1723955140041653E-013  -2.0392523714677273E-014  -1.7693434617946369E-003  0.78539817820995261     
   7.4606987254810520E-014  -1.4210854715202004E-014  -2.0545529183166799E-014  -1.9885204536980450E-003  0.78539817820995261     
  -3.1086244689504383E-015   4.9737991503207013E-014  -2.2709196974130295E-014  -2.2181825349691375E-003  0.78539817820995228     
   7.5495165674510645E-015  -7.1054273576010019E-015  -2.0370505873573292E-014  -2.4490655668848449E-003  0.78539817820995250     
  -1.2878587085651816E-014  -1.7763568394002505E-014  -1.8396528430934227E-014  -2.6702455240838474E-003  0.78539817820995250     
  -2.4868995751603507E-014  -2.4868995751603507E-014  -2.3522244894883710E-014  -2.8714911161039081E-003  0.78539817820995228     
  -1.5099033134902129E-014  -7.1054273576010019E-014  -1.9930158866891583E-014  -3.0465000234706774E-003  0.78539817820995228     
   6.9277916736609768E-014  -4.9737991503207013E-014  -2.0408794985675530E-014  -3.1952472638461238E-003  0.78539817820995206     
   2.2204460492503131E-015   2.8421709430404007E-014  -2.1632481934189651E-014  -3.3236096719178598E-003  0.78539817820995217     
  -4.8849813083506888E-015  -1.0658141036401503E-013  -1.3370413457510521E-014  -3.4402827178796613E-003  0.78539817820995217     
  -1.3766765505351941E-014   3.5527136788005009E-014  -1.9913646735776748E-014  -3.5532458168412995E-003  0.78539817820995195     
  -1.3322676295501878E-015   1.7763568394002505E-014  -1.8908210255237358E-014  -3.6683384003659558E-003  0.78539817820995184     
   5.9063864910058328E-014  -2.1316282072803006E-014  -1.7243033079448353E-014  -3.7905035501108464E-003  0.78539817820995173     
  -1.0658141036401503E-014   1.7763568394002505E-014  -2.1558461368043293E-014  -3.9259751938784948E-003  0.78539817820995150     
   7.9936057773011271E-015  -5.3290705182007514E-014  -1.9883575449537145E-014  -4.0832213851536014E-003  0.78539817820995139     
   3.5971225997855072E-014   7.1054273576010019E-014  -1.4419552581806014E-014  -4.2718248621261834E-003  0.78539817820995095     
   1.9095836023552692E-014   7.4606987254810520E-014  -2.0987583176197991E-014  -4.5000582625426833E-003  0.78539817820995106     
  -1.0214051826551440E-014   3.1974423109204508E-014  -1.8279345390974822E-014  -4.7723945776219079E-003  0.78539817820995084     
  -1.2434497875801753E-014  -1.3500311979441904E-013  -1.7477412678679261E-014  -5.0876808035904553E-003  0.78539817820995061     
  -7.0610184366159956E-014  -9.5923269327613525E-014  -1.7380728027869912E-014  -5.4381196084604122E-003  0.78539817820995017     
  -4.7961634663806763E-014   1.2789769243681803E-013  -1.1408721066396408E-014  -5.8091837744129737E-003  0.78539817820995017     
  -1.3322676295501878E-015  -4.6185277824406512E-014  -2.2133014815888927E-014  -6.1809441842085588E-003  0.78539817820994973     
   2.1316282072803006E-014  -3.5527136788005009E-015  -2.1015995963945096E-014  -6.5312972102687938E-003  0.78539817820994950     
   6.3948846218409017E-014   4.9737991503207013E-014  -1.5602907968909510E-014  -6.8407161924132209E-003  0.78539817820994928     
   2.1316282072803006E-014   1.0302869668521453E-013  -2.0700005550456899E-014  -7.0968101404751405E-003  0.78539817820994917     
  -2.4424906541753444E-014   1.4210854715202004E-014  -1.5679095900004718E-014  -7.2963804555167266E-003  0.78539817820994906     
   1.8651746813702630E-014   1.7763568394002505E-014  -2.0874174773694533E-014  -7.4438091011979068E-003  0.78539817820994851     
   7.7271522513910895E-014   1.1013412404281553E-013  -1.6456437470780684E-014  -7.5469911808325740E-003  0.78539817820994839     
   1.8207657603852567E-014  -7.8159700933611020E-014  -2.1740904173489646E-014  -7.6137500684676507E-003  0.78539817820994839     
  -6.7501559897209518E-014  -2.1316282072803006E-014  -2.4851578514350733E-014  -7.6511544782312813E-003  0.78539817820994751     
   1.7763568394002505E-015  -5.6843418860808015E-014  -2.1411103572966775E-014  -7.6677445720828574E-003  0.78539817820994795     
  -3.1086244689504383E-014  -6.3948846218409017E-014  -1.7963726918259335E-014  -7.6764028934693807E-003  0.78539817820994751     
   2.2204460492503131E-015  -2.4868995751603507E-014  -2.0198813584240122E-014  -7.6952557546158262E-003  0.78539817820994695     
   7.4162898044960457E-014  -1.5987211554602254E-013  -1.7194862925455152E-014  -7.7455303761895244E-003  0.78539817820994673     
  -3.6859404417555197E-014  -2.8421709430404007E-014  -1.9044920681102775E-014  -7.8472134133749094E-003  0.78539817820994617     
   2.7977620220553945E-014   7.1054273576010019E-015  -2.4351593545507762E-014  -8.0142729212984154E-003  0.78539817820994573     
   3.4638958368304884E-014  -1.0658141036401503E-014  -1.6595909891720843E-014  -8.2509587790614569E-003  0.78539817820994551     
   1.0258460747536446E-013   1.0658141036401503E-013  -2.3298879846875389E-014  -8.5500457367221339E-003  0.78539817820994484     
   6.6169292267659330E-014   0.0000000000000000       -1.8696129681841177E-014  -8.8934494844051803E-003  0.78539817820994418     
   6.1284310959308641E-014   4.2632564145606011E-014  -2.2128886495197182E-014  -9.2553246229811759E-003  0.78539817820994373     
  -1.6431300764452317E-014  -4.9737991503207013E-014  -1.2857671246092522E-014  -9.6071031456502753E-003  0.78539817820994329     
   1.9984014443252818E-014  -6.7501559897209518E-014  -2.2029804108396619E-014  -9.9229744857286528E-003  0.78539817820994318     
  -4.4408920985006262E-015   0.0000000000000000       -1.8889237319929981E-014  -1.0183771295310784E-002  0.78539817820994240     
   1.0214051826551440E-014  -6.0396132539608516E-014  -1.7321169305039852E-014  -1.0377873665984638E-002  0.78539817820994196     
  -1.2878587085651816E-014  -5.6843418860808015E-014  -1.7170934130245243E-014  -1.0499452944509935E-002  0.78539817820994173     
  -2.3980817331903381E-014   9.2370555648813024E-014  -1.3484580750334749E-014  -1.0545984105756245E-002  0.78539817820994107     
   1.8207657603852567E-014   4.2632564145606011E-014  -1.4610457588823930E-014  -1.0517201931663944E-002  0.78539817820994062     
   7.0166095156309893E-014   6.7501559897209518E-014  -1.7915114527850640E-014  -1.0416352050568012E-002  0.78539817820994040     
   1.0347278589506459E-013   2.8421709430404007E-014  -1.8731684498605609E-014  -1.0252744389178670E-002  0.78539817820994007     
   5.0182080713057076E-014   8.1712414612411521E-014  -2.2975867438611005E-014  -1.0043619265302395E-002  0.78539817820993951     
  -2.4424906541753444E-014   7.1054273576010019E-014  -2.2889416939596379E-014  -9.8137311546286909E-003  0.78539817820993907     
  -3.0198066269804258E-014  -6.3948846218409017E-014  -1.9162850140744248E-014  -9.5923131705404341E-003  0.78539817820993840     
  -5.9063864910058328E-014  -3.1974423109204508E-014  -2.0421115730794896E-014  -9.4082841021037034E-003  0.78539817820993763     
  -7.5495165674510645E-015  -8.8817841970012523E-014  -2.1623109661256339E-014  -9.2851558844304627E-003  0.78539817820993685     
   1.9095836023552692E-014   1.4210854715202004E-014  -1.8035309552110069E-014  -9.2370851208296578E-003  0.78539817820993618     
   6.6613381477509392E-015   9.5923269327613525E-014  -2.0771368159472968E-014  -9.2670730511399402E-003  0.78539817820993507     
  -1.9095836023552692E-014  -2.8421709430404007E-014  -1.9289875439534587E-014  -9.3675785631255337E-003  0.78539817820993452     
   1.2878587085651816E-014   3.5527136788005009E-014  -1.9886476356772695E-014  -9.5229440591819703E-003  0.78539817820993396     
   2.1760371282653068E-014  -8.1712414612411521E-014  -1.9959418943201963E-014  -9.7124373514303475E-003  0.78539817820993318     
   4.8849813083506888E-014   1.1013412404281553E-013  -2.0046429887097072E-014  -9.9128023039329882E-003  0.78539817820993263     
   6.2172489379008766E-015  -1.8829382497642655E-013  -1.8575549523532400E-014  -1.0099972653080602E-002  0.78539817820993207     
   5.7731597280508140E-014  -1.3145040611561853E-013  -1.5830937025778124E-014  -1.0250432309779844E-002  0.78539817820993141     
   1.8207657603852567E-014  -2.1316282072803006E-014  -2.1346314719719815E-014  -1.0342883837042960E-002  0.78539817820993085     
   2.9753977059954195E-014  -3.9079850466805510E-014  -2.1576533125913823E-014  -1.0360296653644019E-002  0.78539817820993052     
   3.3306690738754696E-014  -4.2632564145606011E-014  -1.9612328440042752E-014  -1.0291690639038897E-002  0.78539817820992996     
  -5.3734794391857577E-014   2.8421709430404007E-014  -1.7698435562565868E-014  -1.0132929501473598E-002  0.78539817820992952     
  -6.8833827526759706E-014  -2.4868995751603507E-014  -1.7217584865699587E-014  -9.8864383542733858E-003  0.78539817820992885     
  -5.6843418860808015E-014  -3.5527136788005009E-015  -1.6492261786129283E-014  -9.5604625866498871E-003  0.78539817820992863     
   6.7057470687359455E-014  -2.1316282072803006E-014  -1.9841833628500148E-014  -9.1685617107415407E-003  0.78539817820992797     
   5.1070259132757201E-014   8.5265128291212022E-014  -2.1870888826296997E-014  -8.7294573558625022E-003  0.78539817820992730     
   3.7303493627405260E-014  -6.7501559897209518E-014  -1.5002055154644740E-014  -8.2667057849601377E-003  0.78539817820992641     
   5.5067062021407764E-014  -2.4868995751603507E-014  -1.2509964645741193E-014  -7.8074741773821454E-003  0.78539817820992575     
  -1.5987211554602254E-014   2.4868995751603507E-014  -1.7185137156353215E-014  -7.3800063153122153E-003  0.78539817820992486     
  -7.1054273576010019E-015  -6.0396132539608516E-014  -1.4257876713949637E-014  -7.0098881130211677E-003  0.78539817820992408     
   1.2434497875801753E-014  -7.1054273576010019E-015  -1.9398460100953134E-014  -6.7157754197977315E-003  0.78539817820992341     
   4.8849813083506888E-015   4.9737991503207013E-014  -1.3955196048799567E-014  -6.5057662711351938E-003  0.78539817820992242     
   5.1070259132757201E-014  -1.2079226507921703E-013  -1.8431568952664507E-014  -6.3758581880344334E-003  0.78539817820992230     
   1.7763568394002505E-015   5.3290705182007514E-014  -1.9177928391714348E-014  -6.3114781053887903E-003  0.78539817820992130     
  -2.0428103653102880E-014   1.3855583347321954E-013  -1.8584355207830448E-014  -6.2917423371473546E-003  0.78539817820992064     
  -3.9079850466805510E-014   9.9475983006414026E-014  -2.1605488717550840E-014  -6.2945420038855726E-003  0.78539817820991997     
  -3.1086244689504383E-015   7.1054273576010019E-015  -1.1541702523480647E-014  -6.2999533158993870E-003  0.78539817820991964     
   1.5099033134902129E-014   1.7763568394002505E-014  -1.6051560409953079E-014  -6.2905483446458188E-003  0.78539817820991908     
   2.9753977059954195E-014  -5.3290705182007514E-014  -1.7565321367229422E-014  -6.2493286730280762E-003  0.78539817820991908     
   3.5971225997855072E-014  -1.0658141036401503E-014  -1.8612030736667084E-014  -6.1576702169037212E-003  0.78539817820991864     
   2.3092638912203256E-014  -5.6843418860808015E-014  -1.8605282529220414E-014  -5.9956341391527168E-003  0.78539817820991797     
   3.2862601528904634E-014  -1.4210854715202004E-014  -1.2478208966522209E-014  -5.7453565518876815E-003  0.78539817820991775     
  -1.7763568394002505E-015   7.1054273576010019E-014  -1.5439857104512113E-014  -5.3961777346622775E-003  0.78539817820991753     
  -2.6645352591003757E-015   1.4566126083082054E-013  -1.4898809232901291E-014  -4.9489965066411568E-003  0.78539817820991742     
  -1.3322676295501878E-014   3.9079850466805510E-014  -1.8919720075000837E-014  -4.4175911615671470E-003  0.78539817820991709     
  -3.1086244689504383E-014   1.0658141036401503E-013  -1.4629035710936089E-014  -3.8260701439305489E-003  0.78539817820991675     
  -5.8619775700208265E-014  -3.5527136788005009E-014  -2.1423260479626952E-014  -3.2034616630240986E-003  0.78539817820991609     
   1.9984014443252818E-014  -6.3948846218409017E-014  -1.8836508727210816E-014  -2.5778147282145003E-003  0.78539817820991586     
   8.1712414612411521E-014  -1.4566126083082054E-013  -1.6028575497193277E-014  -1.9722841831093518E-003  0.78539817820991520     
   9.5923269327613525E-014   1.7763568394002505E-014  -1.7651029997091990E-014  -1.4043207282532499E-003  0.78539817820991487     
   7.4162898044960457E-014  -1.1368683772161603E-013  -1.7378156760863422E-014  -8.8706104705149613E-004  0.78539817820991442     
  -4.6185277824406512E-014   4.2632564145606011E-014  -2.1791492155154523E-014  -4.3073283071626278E-004  0.78539817820991387     
   2.2204460492503131E-015  -8.1712414612411521E-014  -2.2824382434108210E-014  -4.2338636645045113E-005  0.78539817820991342     
  -3.8635761256955448E-014  -2.1316282072803006E-014  -1.4589586362968884E-014   2.7631749379897208E-004  0.78539817820991298     
  -5.1958437552457326E-014   9.2370555648813024E-014  -2.1540791713988052E-014   5.3055297888193742E-004  0.78539817820991231     
  -7.5495165674510645E-014  -1.5276668818842154E-013  -2.2254990085189469E-014   7.3282440878408295E-004  0.78539817820962665     
  -1.5987211554602254E-014  -7.8159700933611020E-014  -2.2018907957277885E-014   9.0037008093113435E-004  0.78539817820969215     
   2.3980817331903381E-014  -3.9079850466805510E-014  -2.0629970526401750E-014   1.0517222750709987E-003  0.78539817820962554     
   5.3734794391857577E-014   5.3290705182007514E-014  -1.7675378555822842E-014   1.2040338840788589E-003  0.78539817820962543     
   8.4376949871511897E-015  -6.0396132539608516E-014  -2.4488161154987882E-014   1.3724039554297018E-003  0.78539817820937730     
   3.1530333899354446E-014   1.4921397450962104E-013  -2.3612643990075925E-014   1.5708132183736012E-003  0.78539817820944391     
   9.3258734068513149E-015   8.1712414612411521E-014  -1.7984286667141278E-014   1.8130526795365753E-003  0.78539817820937374     
   6.0396132539608516E-014   2.0961010704922955E-013  -1.9981784961818098E-014   2.1120339957443335E-003  0.78539817820937396     
   3.4638958368304884E-014   0.0000000000000000       -1.7257829706838304E-014   2.4771712269340274E-003  0.78539817820907065     
  -1.2434497875801753E-014  -5.6843418860808015E-014  -2.0190281592309282E-014   2.9112386428313819E-003  0.78539817820915170     
   9.7699626167013776E-015   4.2632564145606011E-014  -1.8776582607815264E-014   3.4089123130991439E-003  0.78539817820906555     
  -2.4868995751603507E-014  -4.9737991503207013E-014  -1.7099333461648048E-014   3.9583034476684542E-003  0.78539817820906532     
  -1.2878587085651816E-014   2.1316282072803006E-014  -2.2021835310407068E-014   4.5447211212406025E-003  0.78539817820873248     
   4.4408920985006262E-016   0.0000000000000000       -1.5066273690986962E-014   5.1542588636319664E-003  0.78539817820881419     
   3.5527136788005009E-015  -7.1054273576010019E-015  -2.2515181067428995E-014   5.7749674932434658E-003  0.78539817820872737     
   6.6613381477509392E-015   0.0000000000000000       -2.1159605016199148E-014   6.3952914633527147E-003  0.78539817820872804     
  -1.7319479184152442E-014  -7.1054273576010019E-015  -2.5813306779794357E-014   7.0016058326809461E-003  0.78539817820843527     
   2.6645352591003757E-014  -3.5527136788005009E-014  -2.2296142304539586E-014   7.5773999403201397E-003  0.78539817820840707     
   6.3948846218409017E-014  -1.0658141036401503E-014  -2.3099935521681750E-014   8.1054023217159710E-003  0.78539817820838076     
   5.8619775700208265E-014   4.6185277824406512E-014  -1.9003434297478480E-014   8.5717246498731026E-003  0.78539817820835711     
   4.7073456244106637E-014   1.7763568394002505E-014  -1.6041381001557323E-014   8.9695866500423271E-003  0.78539817820833568     
   1.2878587085651816E-014  -1.4210854715202004E-013  -1.4677198669172474E-014   9.3004462280041889E-003  0.78539817820831737     
  -8.8373752760162461E-014   2.4868995751603507E-014  -1.7286778753107732E-014   9.5721580782683890E-003  0.78539817820830204     
  -3.3750779948604759E-014   9.9475983006414026E-014  -2.0182252531588474E-014   9.7957498179974678E-003  0.78539817820828917     
   2.3092638912203256E-014  -6.0396132539608516E-014  -2.3681922783379121E-014   9.9830459671914618E-003  0.78539817820827762     
   3.5083047578154947E-014   1.4921397450962104E-013  -1.8994252227305932E-014   1.0146232946595113E-002  0.78539817820826840     
   5.1958437552457326E-014  -1.0658141036401503E-013  -2.3183686173531054E-014   1.0298546789623275E-002  0.78539817820825930     
   5.8619775700208265E-014  -4.2632564145606011E-014  -1.9223057292477480E-014   1.0454246842126480E-002  0.78539817820825164     
   3.8635761256955448E-014  -6.3948846218409017E-014  -1.6189991633603490E-014   1.0626798382337155E-002  0.78539817820824420     
  -1.1102230246251565E-014   2.8421709430404007E-014  -1.6979890275719655E-014   1.0826015568620617E-002  0.78539817820823710     
  -4.8405723873656825E-014   5.3290705182007514E-014  -2.3504764715596946E-014   1.1056134984213317E-002  0.78539817820823021     
  -1.2878587085651816E-014   2.4868995751603507E-014  -1.3069038479385267E-014   1.1316271546344847E-002  0.78539817820822289     
  -3.1530333899354446E-014   1.8474111129762605E-013  -1.3684404873895086E-014   1.1602882577087303E-002  0.78539817820821511     
  -5.5067062021407764E-014   4.6185277824406512E-014  -1.7161333785866303E-014   1.1912310173237017E-002  0.78539817820820634     
  -6.0840221749458578E-014   1.7408297026122455E-013  -1.8447485673821179E-014   1.2241513171662888E-002  0.78539817820819724     
  -3.3306690738754696E-014  -2.1316282072803006E-014  -1.1834020580667061E-014   1.2586687319954493E-002  0.78539817820818780     
  -2.5757174171303632E-014  -6.7501559897209518E-014  -1.5798162871653166E-014   1.2941253204950431E-002  0.78539817820817859     
   1.2434497875801753E-014  -2.1316282072803006E-014  -1.1489418113042306E-014   1.3295171928650706E-002  0.78539817820817026     
   3.3306690738754696E-014  -3.5527136788005009E-015  -1.5017387381149833E-014   1.3636358955609662E-002  0.78539817820816360     
   5.2402526762307389E-014  -5.6843418860808015E-014  -1.8315753477125992E-014   1.3953173810796082E-002  0.78539817820815894     
   1.8651746813702630E-014  -3.1974423109204508E-014  -1.6953715141229061E-014   1.4236137179602260E-002  0.78539817820815672     
  -2.2648549702353193E-014  -4.6185277824406512E-014  -2.1205220842546046E-014   1.4477850695663985E-002  0.78539817820815783     
  -1.2434497875801753E-014  -1.7053025658242404E-013  -1.9073923038995510E-014   1.4671765323416741E-002  0.78539817820816127     
  -7.5495165674510645E-015  -2.8421709430404007E-014  -1.8514643077723914E-014   1.4811427277050981E-002  0.78539817820816782     
  -1.5987211554602254E-014  -3.1974423109204508E-014  -1.9789756610877584E-014   1.4891272013311418E-002  0.78539817820817714     
  -1.0214051826551440E-014  -1.7408297026122455E-013  -1.7754453662820562E-014   1.4908510796703633E-002  0.78539817820818913     
  -3.4194869158454821E-014  -9.5923269327613525E-014  -2.1364830792120597E-014   1.4864573831360750E-002  0.78539817820820379     
  -5.7731597280508140E-015  -2.1316282072803006E-014  -2.0022034516385369E-014   1.4764876201625921E-002  0.78539817820822166     
  -6.2172489379008766E-015   7.1054273576010019E-014  -1.6679073358000453E-014   1.4617016751943046E-002  0.78539817820824209     
  -1.4654943925052066E-014   8.5265128291212022E-014  -2.1100051072445827E-014   1.4428675525298029E-002  0.78539817820826541     
   3.2862601528904634E-014  -3.5527136788005009E-015  -1.5613929077047990E-014   1.4206469780040254E-002  0.78539817820829105     
   5.1070259132757201E-014   1.1723955140041653E-013  -1.9681165723582791E-014   1.3955985801306858E-002  0.78539817820831792     
   7.9936057773011271E-014  -2.4868995751603507E-014  -2.2881842811905873E-014   1.3682153991064205E-002  0.78539817820834656     
   0.0000000000000000        0.0000000000000000       -2.5568478200957401E-014   1.3389023044038884E-002  0.78539817820837599     
  -3.9968028886505635E-015  -7.8159700933611020E-014  -2.2275765053695900E-014   1.3078819763489014E-002  0.78539817820840574     
   2.2204460492503131E-014   1.0658141036401503E-013  -2.8145120451282383E-014   1.2751077388673093E-002  0.78539817820843605     
   7.1054273576010019E-015   1.8118839761882555E-013  -2.2738537967659241E-014   1.2402696752160547E-002  0.78539817820846647     
   7.5051076464660582E-014   1.7763568394002505E-014  -2.3069107870438529E-014   1.2029020590171524E-002  0.78539817820849678     
   1.0924594562311540E-013   1.0658141036401503E-014  -1.6511056682689779E-014   1.1625131165133307E-002  0.78539817820852753     
   8.5265128291212022E-014  -2.8421709430404007E-014  -1.7416944942460054E-014   1.1186445462996852E-002  0.78539817820855895     
   1.0791367799356522E-013   0.0000000000000000       -2.2264239298205125E-014   1.0708366049202500E-002  0.78539817820859081     
   4.6629367034256575E-014  -9.2370555648813024E-014  -2.4567014753264993E-014   1.0185572692487099E-002  0.78539817820862345     
   3.6859404417555197E-014  -1.5276668818842154E-013  -2.3891633821753807E-014   9.6117616493452962E-003  0.78539817820865754     
   2.7089441800853820E-014  -4.6185277824406512E-014  -2.0771579643586022E-014   8.9801341806810542E-003  0.78539817820869340     
   3.5971225997855072E-014   1.0658141036401503E-013  -2.0858880019500205E-014   8.2842563449995188E-003  0.78539817820873126     
  -1.0658141036401503E-014   1.1368683772161603E-013  -2.0400796959991438E-014   7.5186949654409974E-003  0.78539817820877178     
  -1.8651746813702630E-014   6.3948846218409017E-014  -2.0598881807566275E-014   6.6791909704254637E-003  0.78539817820881519     
   5.3290705182007514E-015   3.5527136788005009E-015  -2.0706578249632908E-014   5.7626082279732815E-003  0.78539817820886171     
   4.0412118096355698E-014  -1.4566126083082054E-013  -2.2040617725292817E-014   4.7669935844089351E-003  0.78539817820891145     
   2.7533531010703882E-014  -1.7053025658242404E-013  -2.5318665798876542E-014   3.6917632750713136E-003  0.78539817820896451     
   2.5313084961453569E-014  -1.5276668818842154E-013  -1.9745454651713160E-014   2.5377023677992799E-003  0.78539817820902114     
   2.6645352591003757E-014  -2.1316282072803006E-014  -1.5530837685527683E-014   1.3065107402840878E-003  0.78539817820908064     
   6.3060667798708891E-014   1.6342482922482304E-013  -2.1913694472283772E-014  -2.1879839682092429E-016  0.78539817820914282     
