 force-1force-2force-3workmass
  -3.9968028886505635E-015   1.0658141036401503E-014  -2.1490512560269842E-014   0.0000000000000000       0.78539817820995317     
  -2.1747386114157052E-009  -1.3792064960256312E-003  -1.8924949995348714E-014  -3.0752396194128062E-007  0.78539817820995328     
  -2.5162544936563336E-008  -5.3876928957201642E-003  -1.5947091324547557E-014  -4.3319624604635371E-006  0.78539817820995306     
  -8.7579460572584367E-008  -1.2075560619742021E-002  -1.8687494320433845E-014  -2.0802313562027358E-005  0.78539817820995317     
  -2.1190338861387659E-007  -2.1494043640906568E-002  -1.6627379843411185E-014  -6.3729014725122379E-005  0.78539817820995317     
  -4.2895111063145919E-007  -3.3691435195386532E-002  -1.5854736556599592E-014  -1.5228555721093218E-004  0.78539817820995284     
  -7.7463948455758214E-007  -4.8703024606513878E-002  -1.6816573932262000E-014  -3.1063929455052430E-004  0.78539817820995306     
  -1.2846684782630291E-006  -6.6549589425040523E-002  -2.0409933385011331E-014  -5.6771248327452950E-004  0.78539817820995306     
  -1.9862042175411432E-006  -8.7232953496251042E-002  -2.3302719531554132E-014  -9.5683164520576902E-004  0.78539817820995306     
  -2.8883000355861554E-006 -0.11072640659345012       -1.9928194711656988E-014  -1.5151752205925240E-003  0.78539817820995317     
  -3.9709652379649185E-006 -0.13697058276652641       -2.0766937248085855E-014  -2.2830621492064829E-003  0.78539817820995350     
  -5.1733702353118360E-006 -0.16586819871267977       -1.9057485611774350E-014  -3.3030379994232750E-003  0.78539817820995328     
  -6.3811998511908996E-006 -0.19727476857209325       -1.8646944746233884E-014  -4.6186660231845589E-003  0.78539817820995328     
  -7.4163412877581436E-006 -0.23098372456041005       -2.0776313593209569E-014  -6.2728878251775422E-003  0.78539817820995328     
  -8.0455156656888960E-006 -0.26671620959417552       -1.5877765495805414E-014  -8.3060489377133617E-003  0.78539817820995328     
  -7.9819697775818099E-006 -0.30411395206939318       -2.0576598498683640E-014  -1.0753609974247014E-002  0.78539817820995317     
  -6.7878460061621126E-006 -0.34265547428447007       -2.1191066831105599E-014  -1.3641013696744975E-002  0.78539817820995339     
  -3.7270315198512094E-006 -0.38144723726082930       -2.0427527877862318E-014  -1.6971858380651295E-002  0.78539817820995328     
   2.1247387742562296E-006 -0.41910111061529776       -1.6424570108456010E-014  -2.0714163612638337E-002  0.78539817820995372     
   1.1418137968899345E-005 -0.45402167712105168       -1.6166203333794013E-014  -2.4801358029602816E-002  0.78539817820995361     
   2.4230952921477922E-005 -0.48502742470046556       -1.8395396283426031E-014  -2.9156816635901195E-002  0.78539817820995383     
   4.0381953401613657E-005 -0.51176124818673330       -2.0750219675598905E-014  -3.3723924362198732E-002  0.78539817820995417     
   5.9931686994030287E-005 -0.53451432339179306       -2.4102455781125530E-014  -3.8473703398188785E-002  0.78539817820995439     
   8.3167381401239027E-005 -0.55371086401543579       -1.6884027453840451E-014  -4.3386630193516629E-002  0.78539817820995450     
   1.1017096211185518E-004 -0.56956207634794431       -1.7037615100069201E-014  -4.8431823935295659E-002  0.78539817820995472     
   1.4059042918646014E-004 -0.58207111934369848       -2.3144635251017769E-014  -5.3562395167717325E-002  0.78539817820995494     
   1.7377679582653016E-004 -0.59119795798847186       -1.8215223655331782E-014  -5.8723682238910113E-002  0.78539817820995528     
   2.0895783060703721E-004 -0.59697168921840493       -1.9243441961010506E-014  -6.3861896233096793E-002  0.78539817820995561     
   2.4525842997213942E-004 -0.59951408211635560       -2.2357465504517593E-014  -6.8928165312212242E-002  0.78539817820995617     
   2.8167953739366425E-004 -0.59903541230054280       -1.8727123170384208E-014  -7.3880906982517036E-002  0.78539817820995661     
   3.1716682135707330E-004 -0.59584155826014573       -1.8742287965219494E-014  -7.8689666118060053E-002  0.78539817820995705     
   3.5077968655183867E-004 -0.59035155107417125       -1.6392952251951475E-014  -8.3340839221392571E-002  0.78539817820995772     
   3.8192012439486334E-004 -0.58312411541706233       -1.8271244475664961E-014  -8.7845854212503127E-002  0.78539817820995816     
   4.1060507357837395E-004 -0.57490374910810260       -1.9931435285765718E-014  -9.2254220284661237E-002  0.78539817820995905     
   4.3783586037715594E-004 -0.56667152029378798       -2.1259578851229933E-014  -9.6670782418860401E-002  0.78539817820995961     
   4.6611594610190821E-004 -0.55962631267608565       -2.1381574198579356E-014 -0.10126590193121565       0.78539817820996027     
   4.9984942757053119E-004 -0.55500978836504444       -1.9978584505037517E-014 -0.10625964518880515       0.78539817820996127     
   5.4492894776991818E-004 -0.55379240386767314       -1.9569405973651666E-014 -0.11187254902096466       0.78539817820996194     
   6.0719657800500926E-004 -0.55639337511282250       -1.6978263900321436E-014 -0.11826473686684258       0.78539817820996305     
   6.9083555602933444E-004 -0.56264382186567730       -2.0596777804138113E-014 -0.12550460785318762       0.78539817820996349     
   7.9846894276514035E-004 -0.57203945810328349       -2.1627569301364373E-014 -0.13359171889922372       0.78539817820996438     
   9.3324893658675023E-004 -0.58410276114857851       -1.9896376599016140E-014 -0.14251564182215715       0.78539817820996538     
   1.1008884982111056E-003 -0.59860385096416735       -2.0492203425235102E-014 -0.15230438084211606       0.78539817820996627     
   1.3094059806961766E-003 -0.61553338697620497       -1.8613649660250541E-014 -0.16302950638153924       0.78539817820996727     
   1.5667008288229312E-003 -0.63492180328457692       -2.3955702996134282E-014 -0.17477370434948547       0.78539817820996838     
   1.8780335830896888E-003 -0.65667182501308119       -2.1996203110424595E-014 -0.18759091203115208       0.78539817820996938     
   2.2448778448822537E-003 -0.68049257530845253       -2.0871908817673050E-014 -0.20148216961456722       0.78539817820997071     
   2.6646938180023838E-003 -0.70591254427413475       -1.8242051114586530E-014 -0.21638830746065985       0.78539817820997171     
   3.1303615735405188E-003 -0.73230768201407237       -1.9856801417892105E-014 -0.23218789414781682       0.78539817820997304     
   3.6287550134623814E-003 -0.75890909765637460       -1.6240263463281168E-014 -0.24869189580567319       0.78539817820997448     
   4.1390319771936745E-003 -0.78479777377901527       -2.6032908132163173E-014 -0.26563615747797353       0.78539817820997571     
   4.6319264055219023E-003 -0.80891964854264664       -2.4541530057108586E-014 -0.28268086366649747       0.78539817820997759     
   5.0716277430948864E-003 -0.83016139974275127       -2.0747539740541248E-014 -0.29943011521214835       0.78539817820997926     
   5.4212256371455325E-003 -0.84750904511979996       -2.2378216566068506E-014 -0.31548124778150122       0.78539817820998103     
   5.6505297407989374E-003 -0.86025818126766218       -1.8729104212572767E-014 -0.33049782262162442       0.78539817820998314     
   5.7422718053548039E-003 -0.86817969925143679       -2.1320415336392314E-014 -0.34427737788441437       0.78539817820998548     
   5.6919751868962365E-003 -0.87152964928696086       -2.2013721814068890E-014 -0.35677432835886425       0.78539817820998770     
   5.5001155124116963E-003 -0.87086754981400105       -1.6597515592038200E-014 -0.36805737052994747       0.78539817820998969     
   5.1610866639828501E-003 -0.86677359277520161       -2.2832604423017182E-014 -0.37822249860891510       0.78539817820999247     
   4.6572342236474995E-003 -0.85963012822097440       -2.0866094756989151E-014 -0.38731524523713023       0.78539817820999502     
   3.9638353070250432E-003 -0.84958775528519226       -2.3659982782649188E-014 -0.39530998434173714       0.78539817820999769     
   3.0633774099451117E-003 -0.83670649839555722       -2.0291662272701016E-014 -0.40215337174779098       0.78539817821000080     
   1.9608427918429427E-003 -0.82115510063457720       -2.3840717713000216E-014 -0.40783712646273074       0.78539817821000357     
   6.9169795357915120E-004 -0.80334415526530023       -2.1917860140079669E-014 -0.41245470343604840       0.78539817821000701     
  -6.7937209738211379E-004 -0.78394568482164573       -2.3811155083129394E-014 -0.41621911011597668       0.78539817821001034     
  -2.0644663760034376E-003 -0.76383404274667299       -2.4408714120938067E-014 -0.41944993964764610       0.78539817821001368     
  -3.3579243616816967E-003 -0.74400865526716409       -2.1609182167992083E-014 -0.42255085511349755       0.78539817821001767     
  -4.4407826015486762E-003 -0.72552815999363673       -2.8360129846451800E-014 -0.42598915982396601       0.78539817821002122     
  -5.1888507347452872E-003 -0.70944148212839586       -2.5021775154094991E-014 -0.43027091607975887       0.78539817821002522     
  -5.4890806226062239E-003 -0.69668598149328531       -2.1943498737592031E-014 -0.43589629509942718       0.78539817821002877     
  -5.2629265507313505E-003 -0.68794784694333266       -2.3847413770473907E-014 -0.44328921078796135       0.78539817821003322     
  -4.4871188371953252E-003 -0.68352634143811919       -2.1015182099452421E-014 -0.45271810242843813       0.78539817821003732     
  -3.1981728026444500E-003 -0.68327470285869651       -2.1926231544173239E-014 -0.46424495321934600       0.78539817821004154     
  -1.4725257901098132E-003 -0.68667382924333076       -2.4479559740127733E-014 -0.47773819932857009       0.78539817821004598     
   6.1104960961166910E-004 -0.69302762106366700       -2.0421096281824504E-014 -0.49295463046562205       0.78539817821005053     
   3.0051934900328092E-003 -0.70169069034982812       -2.0506194773541841E-014 -0.50965146229696323       0.78539817821005509     
   5.6998364638634058E-003 -0.71220950902391600       -2.3659695143302176E-014 -0.52766489415509277       0.78539817821005997     
   8.6913447175067660E-003 -0.72430699754220029       -2.2585748187700475E-014 -0.54690878560511536       0.78539817821006486     
   1.1929783999358179E-002 -0.73773702819890019       -2.1629451209829822E-014 -0.56729732036341041       0.78539817821007007     
   1.5273967625011764E-002 -0.75210927729091992       -2.1132107215043814E-014 -0.58864193622627781       0.78539817821007563     
   1.8478790828702074E-002 -0.76678637875172839       -1.7618780996573368E-014 -0.61058237212956357       0.78539817821008140     
   2.1219187205359091E-002 -0.78089450722984566       -1.8773642226049887E-014 -0.63258274004666148       0.78539817821008706     
   2.3136222423559616E-002 -0.79341992298598463       -2.0812119384672488E-014 -0.65398368945635710       0.78539817821009361     
   2.3886628125074694E-002 -0.80333574539323394       -1.8861157423988832E-014 -0.67408084370962307       0.78539817821010027     
   2.3186691575746821E-002 -0.80972043801684634       -2.4804525045258388E-014 -0.69220530445752537       0.78539817821010727     
   2.0852012700865785E-002 -0.81186048870543281       -2.2941816457819282E-014 -0.70779838670784123       0.78539817821011493     
   1.6833979209453176E-002 -0.80934074772584452       -1.7372638436345912E-014 -0.72047968713826904       0.78539817821012259     
   1.1242231425539373E-002 -0.80211018735220740       -2.1648909070378641E-014 -0.73009940459690448       0.78539817821013058     
   4.3334250821729370E-003 -0.79049076361815196       -1.8904602723165634E-014 -0.73675447502177782       0.78539817821013869     
  -3.5450224420934262E-003 -0.77510137152892256       -2.0796545015826573E-014 -0.74075055224447794       0.78539817821014724     
  -1.2040978677733349E-002 -0.75670595173802191       -2.2298189785114909E-014 -0.74251384837329049       0.78539817821015578     
  -2.0871296260587258E-002 -0.73604232448160545       -2.3511490976565390E-014 -0.74248590597593100       0.78539817821016422     
  -2.9837848336363493E-002 -0.71370884874769480       -2.0675131607835591E-014 -0.74104837602035012       0.78539817821017333     
  -3.8770334342771662E-002 -0.69015788957965718       -2.5513033576636982E-014 -0.73850993695103284       0.78539817821018232     
  -4.7425849700276856E-002 -0.66578336854307629       -2.2530446681661074E-014 -0.73515107890920284       0.78539817821019153     
  -5.5404499997454337E-002 -0.64103661120501165       -2.2991338249910766E-014 -0.73128926874912636       0.78539817821020119     
  -6.2132415314284373E-002 -0.61649602481607602       -2.3343524193856835E-014 -0.72731947923966089       0.78539817821021096     
  -6.6925755647623930E-002 -0.59285291105592997       -2.1752177462312806E-014 -0.72370560517199500       0.78539817821022118     
  -6.9109861928136951E-002 -0.57082664347647594       -2.1075421792156461E-014 -0.72092887984942600       0.78539817821023150     
  -6.8151076074954631E-002 -0.55105246439153177       -2.2237999099888568E-014 -0.71941820306117421       0.78539817821024238     
  -6.3767041772823774E-002 -0.53398285760928665       -2.4774670927062189E-014 -0.71948626278364713       0.78539817821025393     
  -5.5997236419184304E-002 -0.51982387026859467       -2.5056204041098345E-014 -0.72128364927211308       0.78539817821026636     
  -4.5222316653738659E-002 -0.50851243542481495       -1.9101651911419501E-014 -0.72477523055211801       0.78539817821027946     
  -3.2119508405919817E-002 -0.49973691747594895       -2.1352982675639339E-014 -0.72974379914024023       0.78539817821029301     
  -1.7548330844174842E-002 -0.49300121624438642       -2.2502356034130582E-014 -0.73582738330784814       0.78539817821030744     
  -2.3886770284349268E-003 -0.48772170484863153       -2.6239000119862281E-014 -0.74258823991121226       0.78539817821032298     
   1.2609723835197428E-002 -0.48332879248901506       -2.6829837453113795E-014 -0.74959423774015654       0.78539817821033919     
   2.6893643758977959E-002 -0.47933691602322526       -1.9635889515328612E-014 -0.75648117456801778       0.78539817821035662     
   4.0050528231713400E-002 -0.47536090236134054       -2.3477373129814964E-014 -0.76297170939698944       0.78539817821037516     
   5.1664272803105149E-002 -0.47108700171169193       -2.3389305488909452E-014 -0.76885167751766481       0.78539817821039470     
   6.1176600083012289E-002 -0.46623176294235469       -2.1764960999663052E-014 -0.77392955499445648       0.78539817821041558     
   6.7849833050690478E-002 -0.46052290019137931       -2.4456723032352228E-014 -0.77801072633929724       0.78539817821043745     
   7.0866944285452149E-002 -0.45371461318303119       -2.1776876675154208E-014 -0.78090197206141365       0.78539817821046065     
   6.9527556955659264E-002 -0.44562388593292424       -2.2626249262675779E-014 -0.78243781952183067       0.78539817821048497     
   6.3456887205695978E-002 -0.43616238513875372       -2.6910295452426200E-014 -0.78250702795787941       0.78539817821051128     
   5.2755297574869076E-002 -0.42534464552021900       -3.0508233019873019E-014 -0.78106081020732621       0.78539817821053837     
   3.8053125551908096E-002 -0.41326787529307962       -2.9746111204156419E-014 -0.77809732374677987       0.78539817821056734     
   2.0463387078475392E-002 -0.40007092519803655       -2.9150733544612992E-014 -0.77362906418013511       0.78539817821059688     
   1.4356888693960457E-003 -0.38588583985121594       -2.4000187778034183E-014 -0.76764630173447346       0.78539817821062807     
  -1.7471050748920192E-002 -0.37079670500934259       -2.7610223285065553E-014 -0.76009100442296385       0.78539817821066060     
  -3.4844827281471424E-002 -0.35481816667767951       -2.6984430456114055E-014 -0.75085199514755407       0.78539817821069446     
  -4.9615674274992472E-002 -0.33789830721849023       -2.3153384975285806E-014 -0.73978250190289163       0.78539817821072921     
  -6.1101863687891722E-002 -0.31993814574512580       -2.3308901870367232E-014 -0.72672841233944485       0.78539817821076574     
  -6.8886683296966567E-002 -0.30081022218065057       -2.7362718336830763E-014 -0.71154792764152552       0.78539817821080304     
  -7.2607240737603718E-002 -0.28036119553069749       -2.5490206852866553E-014 -0.69410930290695716       0.78539817821084201     
  -7.1800343441950076E-002 -0.25839945227916106       -2.2101550302074575E-014 -0.67427146017388795       0.78539817821088309     
  -6.5920593385307313E-002 -0.23468660064929914       -2.2600555948437127E-014 -0.65186895187445493       0.78539817821092472     
  -5.4537679140771900E-002 -0.20895565996229948       -2.0747235494525569E-014 -0.62672329960672424       0.78539817821096869     
  -3.7610406196264989E-002 -0.18096416850065822       -2.0655618354022189E-014 -0.59868561464547310       0.78539817821101399     
  -1.5697964418063037E-002 -0.15056881529798005       -2.2335934783822756E-014 -0.56769466554906800       0.78539817821106139     
   9.9848993116644635E-003 -0.11779573022131107       -2.8487812165400721E-014 -0.53382621993596047       0.78539817821110991     
   3.7683003890048639E-002  -8.2882950572036762E-002  -2.2039175755024670E-014 -0.49731648658956873       0.78539817821116054     
   6.5343757660308199E-002  -4.6281864644418746E-002  -2.3682497233395901E-014 -0.45855458817602202       0.78539817821121316     
   9.0924305721248544E-002  -8.6146505026700737E-003  -2.0541967390065445E-014 -0.41804651176048147       0.78539817821126756     
  0.11269011475769375        2.9404675665750446E-002  -1.8215896155501417E-014 -0.37635707127686846       0.78539817821132329     
  0.12942301539844792        6.7063506905995496E-002  -2.2808757751544354E-014 -0.33404380944384915       0.78539817821138125     
  0.14046804066171603       0.10372348911518436       -2.6593668816698569E-014 -0.29160633363805566       0.78539817821144053     
  0.14560690869861403       0.13884288577189352       -1.7058902638032765E-014 -0.24947397852990782       0.78539817821150226     
  0.14483693046985735       0.17194818572032133       -2.3465067409200167E-014 -0.20803411375572800       0.78539817821156488     
  0.13819565984728399       0.20259414156702782       -2.4573537200376946E-014 -0.16767176187605148       0.78539817821162927     
  0.12574640597845743       0.23036865643583582       -2.9594739133921630E-014 -0.12877380494099366       0.78539817821169455     
  0.10773385273917313       0.25497392842357947       -2.6020994917839285E-014  -9.1667316783952124E-002  0.78539817821176150     
   8.4805267208764690E-002  0.27636180291681356       -2.5567693322050215E-014  -5.6504303396618383E-002  0.78539817821183000     
   5.8150885737067171E-002  0.29485799905233634       -2.5924972842230314E-014  -2.3144380606404447E-002  0.78539817821189906     
   2.9468012558680812E-002  0.31120727767524414       -2.9660999467641206E-014   8.9045491395598475E-003  0.78539817821196889     
   7.4987443066376613E-004  0.32650779407007313       -2.6654417430060209E-014   4.0452465175285113E-002  0.78539817821203961     
  -2.6023295038967831E-002  0.34205086730340284       -2.6320971833636124E-014   7.2504608906790224E-002  0.78539817821211122     
  -4.9187831542980121E-002  0.35911711742306451       -2.3303297869684159E-014  0.10608828822545746       0.78539817821218283     
  -6.7606423418437700E-002  0.37879340223121005       -2.7717563839547374E-014  0.14208600666896842       0.78539817821225610     
  -8.0731043806510527E-002  0.40186805711531903       -2.7768293757119259E-014  0.18113134357905203       0.78539817821232893     
  -8.8515738652295894E-002  0.42883239468906709       -2.0599315393583007E-014  0.22359904827999699       0.78539817821240232     
  -9.1234792262492093E-002  0.45996551887058246       -2.4468190037746770E-014  0.26967291230744905       0.78539817821247571     
  -8.9305161974682079E-002  0.49542827324959049       -2.3023349748760773E-014  0.31942612658713898       0.78539817821254965     
  -8.3205715897291199E-002  0.53527829218682399       -3.6402320067005820E-014  0.37283532056381041       0.78539817821262281     
  -7.3521291968484448E-002  0.57936474878876609       -2.9655854324877595E-014  0.42969166050700025       0.78539817821269597     
  -6.1054408168599750E-002  0.62714704976895774       -3.1532497076057176E-014  0.48944861269414730       0.78539817821276836     
  -4.6900482213226624E-002  0.67754859131193612       -2.9145252622944149E-014  0.55110311696096659       0.78539817821284053     
  -3.2405244705165259E-002  0.72895591798388537       -2.6102171118974371E-014  0.61320295188756191       0.78539817821291158     
  -1.8995120835844759E-002  0.77940532726812961       -2.9125681253419117E-014  0.67401140984504160       0.78539817821298141     
  -7.9418137388884702E-003  0.82690815634897419       -2.7448502739032576E-014  0.73178289341421277       0.78539817821304991     
  -1.5217500584974175E-004  0.86980312157044182       -3.1681746997117734E-014  0.78505330089902969       0.78539817821311786     
   3.9420583588150038E-003  0.90701311469274515       -2.7306644629167729E-014  0.83284524847932495       0.78539817821318436     
   4.3657844046087746E-003  0.93812267815415140       -2.6415101012980938E-014  0.87472506563069352       0.78539817821325009     
   1.4777762189890353E-003  0.96326725759166720       -2.1705945678420297E-014  0.91071117568316140       0.78539817821331426     
  -4.1907195715911172E-003  0.98291235639695884       -2.5487056604831350E-014  0.94110039136915624       0.78539817821337732     
  -1.2059910562651766E-002  0.99765925362989094       -2.5424521008547858E-014  0.96631796750312660       0.78539817821343916     
  -2.1541349009211785E-002   1.0082002058860056       -2.6197840374545411E-014  0.98687880992642718       0.78539817821350022     
  -3.2003690071211288E-002   1.0154509222450336       -3.4149365147192968E-014   1.0034706959107460       0.78539817821355917     
  -4.2722911737983260E-002   1.0207623406215909       -2.6287165430124086E-014   1.0170792874809251       0.78539817821361735     
  -5.2883538827934728E-002   1.0260419680114765       -2.4752517008633227E-014   1.0290322060760424       0.78539817821367386     
  -6.1660165315219118E-002   1.0336511808532478       -2.4863247708481479E-014   1.0408783507964063       0.78539817821372904     
  -6.8354049006744688E-002   1.0460669816375230       -2.8808423593019350E-014   1.0541138258095959       0.78539817821378266     
  -7.2524571221065592E-002   1.0654253759367833       -3.2360782149714129E-014   1.0698545090807166       0.78539817821383440     
  -7.4057930772459812E-002   1.0931241525140116       -2.5290141283286055E-014   1.0885854968230433       0.78539817821388436     
  -7.3147408321898588E-002   1.1296321952615536       -2.9062221267882512E-014   1.1100802466247472       0.78539817821393254     
  -7.0199452258290940E-002   1.1745569900696182       -2.6614702657892317E-014   1.1335046709905985       0.78539817821397939     
  -6.5708672506656463E-002   1.2269088712582814       -2.4862334366340356E-014   1.1576432596416204       0.78539817821402402     
  -6.0152025050512314E-002   1.2854169237973991       -2.4855271184604364E-014   1.1811393282123710       0.78539817821406643     
  -5.3936279159796374E-002   1.3487366708590116       -2.3496057102078832E-014   1.2026500039065660       0.78539817821410685     
  -4.7401220051663806E-002   1.4154604250548566       -3.4251072340900625E-014   1.2208771869544286       0.78539817821414581     
  -4.0850932284182795E-002   1.4839694970460968       -2.1503151162772048E-014   1.2345171969312769       0.78539817821418278     
  -3.4574848789695301E-002   1.5522802169797352       -2.7279631121296608E-014   1.2422242018013430       0.78539817821421731     
  -2.8834918652943520E-002   1.6180564019465429       -2.8588101306226857E-014   1.2426695369342973       0.78539817821425095     
  -2.3823541259751169E-002   1.6788686148695078       -2.9057004435515011E-014   1.2347085225871908       0.78539817821428248     
  -1.9618354680817185E-002   1.7326318484219811       -2.7842973426687416E-014   1.2175870019429507       0.78539817821431246     
  -1.6161320560792225E-002   1.7780423620359187       -3.3636101367957042E-014   1.1910847499081800       0.78539817821434088     
  -1.3273493492522048E-002   1.8148268438580075       -3.1024134668259450E-014   1.1555216706679801       0.78539817821436797     
  -1.0697300407592869E-002   1.8437100152392212       -2.7543679585073290E-014   1.1116220543915301       0.78539817821439351     
  -8.1477670356707721E-003   1.8661422443893301       -3.3963733778965066E-014   1.0602979986050194       0.78539817821441815     
  -5.3562341646589129E-003   1.8839343360539793       -2.8869969767820805E-014   1.0024403562819435       0.78539817821444147     
  -2.0993415364889412E-003   1.8989718717112183       -3.2327241806527033E-014  0.93878489052684255       0.78539817821446289     
   1.7854682095646002E-003   1.9131156856327891       -3.0546087780379689E-014  0.86986911051549676       0.78539817821448366     
   6.3939687285297087E-003   1.9282724982752448       -2.6035076758999051E-014  0.79604370044318351       0.78539817821450297     
   1.1757078386947173E-002   1.9465073607850840       -2.4369594059212523E-014  0.71748175758853083       0.78539817821452163     
   1.7852316146546254E-002   1.9700361783724354       -2.6687820044972174E-014  0.63415010189910515       0.78539817821453839     
   2.4625791006236630E-002   2.0010069867692302       -2.6314619235942016E-014  0.54575271271514758       0.78539817821455460     
   3.2020753065704843E-002   2.0411128637993521       -2.3313912391218795E-014  0.45169310619721204       0.78539817821456970     
   4.0002904023016761E-002   2.0911939146597120       -3.2561421151496261E-014  0.35110355720533848       0.78539817821458446     
   4.8571180678862014E-002   2.1510097995206756       -2.4439451817096344E-014  0.24295469065252706       0.78539817821459790     
   5.7748116643402181E-002   2.2192857977647620       -2.7356988492378994E-014  0.12621435503355005       0.78539817821461078     
   6.7553578547307591E-002   2.2940032656088931       -2.0450402117859638E-014  -2.1361364221356116E-014  0.78539817821462254     
