 force-1force-2force-3workmass
   6.0800638587581446E-002  -9.9475983006414026E-013   1.3611977983657688E-014   0.0000000000000000        39224.441238152125     
   6.0800632417220446E-002   3.9870506311103782E-003   1.3323757970048471E-014  -9.9951143464147713E-006   39224.441238152023     
   6.0801391125892335E-002   1.5377546179891510E-002   1.3054485680077724E-014  -1.4696208382042678E-004   39224.441238146741     
   6.0808409438721012E-002   3.3428111486319523E-002   1.3469308277998606E-014  -6.8328497331491406E-004   39224.441238092899     
   6.0836696831299275E-002   5.7491328832867339E-002   1.3480254579896291E-014  -1.9796886390587853E-003   39224.441237830186     
   6.0914415470326999E-002   8.6992345492543421E-002   1.3517927244894329E-014  -4.4222992537534533E-003   39224.441236968683     
   6.1085057621424077E-002  0.12140733130156178        1.4902249879016931E-014  -8.3744136889419285E-003   39224.441234770740     
   6.1408296860473888E-002  0.16026237987937364        1.5688202853225533E-014  -1.4142541865226899E-002   39224.441230097473     
   6.1959800802455389E-002  0.20313432272941156        1.5853500305429693E-014  -2.1955291403394195E-002   39224.441221558576     
   6.2830375787359949E-002  0.24964957565020640        1.6761502725762399E-014  -3.1952808204490757E-002   39224.441207970420     
   6.4124596868561978E-002  0.29948400208473203        1.8241129906466900E-014  -4.4184844037732263E-002   39224.441188915764     
   6.5959104850064842E-002  0.35236610642125754        1.9680405017687493E-014  -5.8616470590837855E-002   39224.441164817188     
   6.8460841668782413E-002  0.40808228945626723        2.0977078055655865E-014  -7.5140863050582984E-002   39224.441136232184     
   7.1765612913762433E-002  0.46647938264962363        2.3416188116546475E-014  -9.3597815330814127E-002   39224.441103044825     
   7.6017254086434394E-002  0.52746025094942439        2.4559447250873744E-014 -0.11379593329276572        39224.441064324499     
   8.1367649414205157E-002  0.59097054988129827        2.6627919194116245E-014 -0.13553524277513795        39224.441018701720     
   8.7977315289062497E-002  0.65697884861323530        2.7700293379825522E-014 -0.15862615707447092        39224.440964674155     
   9.6016162989001508E-002  0.72545744974069137        2.9140452990437923E-014 -0.18290465559304825        39224.440900671070     
  0.10566414350733710       0.79636727545365815        3.0183747803064300E-014 -0.20824423359828392        39224.440824996665     
  0.11711121026266957       0.86964954736579969        3.2213642660262154E-014 -0.23456269091605808        39224.440735798358     
  0.13055657850886448       0.94522839300325501        3.2765200015498398E-014 -0.26182466783633762        39224.440631062695     
  0.14620773343431015        1.0230197065050426        3.3565263427065682E-014 -0.29004225894911451        39224.440508599240     
  0.16427929541994080        1.1029357206919883        3.3505019454146076E-014 -0.31927215857340618        39224.440366024828     
  0.18499188921447951        1.1848861315177928        3.4688316006182008E-014 -0.34960885661734298        39224.440200728030     
  0.20857154501655906        1.2687794279731328        3.4997309279770796E-014 -0.38117377314607270        39224.440009799517     
  0.23524975389411518        1.3545251899511292        3.5290995102878712E-014 -0.41410086850004513        39224.439789956661     
  0.26526370313063996        1.4420352857015963        3.6350221556069506E-014 -0.44852036101956738        39224.439537478829     
  0.29885569125896438        1.5312202112539772        3.5943117840828887E-014 -0.48454162440858939        39224.439248178845     
  0.33627189422315906        1.6219811653301193        3.5949394773634649E-014 -0.52223753308325493        39224.438917362815     
  0.37775968997579179        1.7141987478008964        3.5587637613711702E-014 -0.56163021844311434        39224.438539593626     
  0.42356374834237887        1.8077210895773774        3.5422169242917015E-014 -0.60267852964004787        39224.438108125163     
  0.47392174599362935        1.9023562566914585        3.4607359872629760E-014 -0.64526946704203825        39224.437614197079     
  0.52906049307978087        1.9978713468160798        3.4100451005438579E-014 -0.68921570920152098        39224.437046702478     
  0.58919206925393475        2.0939959462375235        3.5217684861477313E-014 -0.73425844820706843        39224.436392690717     
  0.65450895307405688        2.1904260414152894        3.4805640566567622E-014 -0.78007334091868907        39224.435638618801     
  0.72517987023990838        2.2868290737574490        3.2477989478286398E-014 -0.82628188137405534        39224.434771464395     
  0.80134357697797132        2.3828423088661506        3.4740233345217638E-014 -0.87246048448783275        39224.433778256316     
  0.88310127781753955        2.4780665176928132        3.4717518229846509E-014 -0.91814797006154070        39224.432642713437     
  0.97051196503306425        2.5720645751234574        3.2786103508814961E-014 -0.96286002735089093        39224.431338648646     
   1.0635859649131252        2.6643578626449429        3.2449244549438263E-014  -1.0060991360133902        39224.429821307669     
   1.1622760953383713        2.7544225442998851        3.3079170442819465E-014  -1.0473586337310854        39224.428019290455     
   1.2664714788869773        2.8416946506710303        3.0594225855353526E-014  -1.0861306649316891        39224.425830508415     
   1.3759931802260805        2.9255814826133779        3.1662084626381873E-014  -1.1219155141481179        39224.423125354857     
   1.4905949847740230        3.0054818025356766        3.2260527253897778E-014  -1.1542385063404952        39224.419758880758     
   1.6099753415774618        3.0808163114297322        3.3073957405449128E-014  -1.1826820114177043        39224.415591632714     
   1.7337806209353666        3.1510382854528647        3.3476169958930142E-014  -1.2068917943217610        39224.410516523712     
   1.8615862809953825        3.2156158664461252        3.2248839311144723E-014  -1.2265433647059321        39224.404487299835     
   1.9928731593846543        3.2740132639093495        3.0620042172024719E-014  -1.2413100072723595        39224.397543309715     
   2.1270305678776067        3.3257038968499781        2.9218437068409221E-014  -1.2508838001156803        39224.389825569167     
   2.2633932006771005        3.3702167467536839        2.8069583777788551E-014  -1.2550429589081342        39224.381580444249     
   2.4012837815655406        3.4071825213451508        3.0049117195101612E-014  -1.2537041393620796        39224.373149317391     
   2.5400373375790259        3.4363517018805503        2.5812914583395817E-014  -1.2469235900500806        39224.364944904737     
   2.6789761729066726        3.4575575461950159        2.9807296929806161E-014  -1.2348151461981103        39224.357417001476     
   2.8173463860039316        3.4706484961998250        2.5992104028326999E-014  -1.2174286550451767        39224.351011987274     
   2.9542545342152682        3.4754384974657597        2.5593260301183842E-014  -1.1946604618996295        39224.346131210012     
   3.0886866118918928        3.4717442978937321        2.8644899564074586E-014  -1.1663099512637380        39224.343093332784     
   3.2196526557408252        3.4595170500539361        2.5303955921812683E-014  -1.1323022676078223        39224.342104964351     
   3.3463745246434407        3.4389708518412245        2.2061583228384710E-014  -1.0929092392130944        39224.343242593372     
   3.4683876464579448        3.4106063081447608        2.3157764901417338E-014  -1.0487870413361726        39224.346447258242     
   3.5854634866063115        3.3750926788942675        2.0852986894740970E-014  -1.0007566818132521        39224.351531767512     
   3.6973655007112924        3.3330663395620768        2.1052691789090969E-014 -0.94942158081075023        39224.358198865702     
   3.8035904146444590        3.2849761162924960        2.3950180808941281E-014 -0.89487722013118365        39224.366067681716     
   3.9032737720895394        3.2310733691320461        2.2068164777087513E-014 -0.83672452693081700        39224.374705190537     
   3.9953234282988372        3.1715380274829315        1.6253736675389272E-014 -0.77437863928001693        39224.383659274645     
   4.0787146865550170        3.1066582278686781        1.9482730322096168E-014 -0.70749745087069105        39224.392490234641     
   4.1528078499436756        3.0369687031752992        1.5047040517701019E-014 -0.63631289379020739        39224.400798169561     
   4.2175251952889905        2.9632761891641071        1.7614622603515418E-014 -0.56168760985580546        39224.408244406841     
   4.2732914892691607        2.8865613279097353        1.5761158861511076E-014 -0.48486280835682782        39224.414565986663     
   4.3207714382548446        2.8078131117988816        1.4249864582583174E-014 -0.40703540733430366        39224.419582994255     
   4.3605406671527707        2.7278796937630201        1.4722968299071440E-014 -0.32898415477672582        39224.423199206154     
   4.3928453801707530        2.6473969884455570        1.5910093263628414E-014 -0.25091645617640079        39224.425397023457     
   4.4175182523299092        2.5667982710579444        1.4010288325043630E-014 -0.17255294399592236        39224.426227986973     
   4.4340444832960682        2.4863765644239209        1.3024129526588546E-014  -9.3372272132395739E-002   39224.425800308200     
   4.4417558074747383        2.4063731489365505        1.2249339763510226E-014  -1.2930963785981131E-002   39224.424264831068     
   4.4401031247959342        2.3270645062272273        6.7374612315615433E-015   6.8838434028247519E-002   39224.421800695061     
   4.4289106755378835        2.2488157980656496        3.9005071376273064E-015  0.15146405675985086        39224.418601743688     
   4.4085145517546582        2.1720829290576029        3.8392057887795615E-015  0.23397090898731476        39224.414864452730     
   4.3797524672505919        2.0973712092320183        3.0049809356167535E-015  0.31507953144894651        39224.410777875521     
   4.3438138122331047        2.0251688824378977        4.0679892748830547E-015  0.39348451705132925        39224.406515847666     
   4.3019830391677853        1.9558758460917138        1.2116309088344298E-015  0.46812756418743784        39224.402231476655     
   4.2553595376606452        1.8897521967274757        6.0773375319243117E-015  0.53837165028136313        39224.398053775338     
   4.2046582546520810        1.8269037804308335        3.8560553874404247E-015  0.60401439118301248        39224.394086183580     
   4.1501485268944069        1.7673029665069047        3.3791408025561434E-015  0.66515638813515188        39224.390406655119     
   4.0917257717694469        1.7108301540796202        6.6304917403540241E-015  0.72199808195708126        39224.387068961216     
   4.0290741654500444        1.6573201384242808       -7.1335192119384010E-016  0.77464670501038446        39224.384104868681     
   3.9618594030444303        1.6066007162743570        3.0129741552700521E-015  0.82299538569572728        39224.381526879544     
   3.8898917699280382        1.5585170256024399        2.2718189079895392E-015  0.86670119317185157        39224.379331262389     
   3.8132311733649082        1.5129423618739142       -3.8201401557498917E-015  0.90524434576645363        39224.377501156501     
   3.7322368261578376        1.4697796873218287       -1.2843427569426301E-015  0.93802779853470541        39224.376009580825     
   3.6475594503517499        1.4289552564713217        3.9906533892736181E-016  0.96448547072837099        39224.374822229605     
   3.5600611684539842        1.3904049694073213       -1.5152628400518033E-016  0.98418180982087411        39224.373899979269     
   3.4706716467478564        1.3540586273861854       -2.1811265199597387E-015  0.99688340871591707        39224.373201067741     
   3.3802289837721489        1.3198285272301864       -4.4509729126103968E-016   1.0025807843374848        39224.372682937872     
   3.2893610766736590        1.2876056459563214        3.2289470377544817E-015   1.0014562693427174        39224.372303758515     
   3.1984318074181441        1.2572630843032688       -5.2234826154817800E-016  0.99381915162769552        39224.372023652148     
   3.1075453409831564        1.2286622489990866        1.4115908068974948E-015  0.98003442050990175        39224.371805668547     
   3.0165913852379997        1.2016561941391326       -7.3829019098668077E-017  0.96046262194036536        39224.371616549921     
   2.9253194006068082        1.1760941816591237       -8.0888222713206091E-016  0.93542387295381324        39224.371427335107     
   2.8334180287052533        1.1518272028276328        7.0611429483259500E-016  0.90518557861375215        39224.371213848703     
   2.7405855747941459        1.1287079313562205       -7.9942707924702598E-015  0.86996459525391456        39224.370957116174     
   2.6465930811849354        1.1065870682686780       -8.2904274730615650E-015  0.82994030120150475        39224.370643756069     
   2.5513215825064037        1.0853044448337510       -1.0875018132769646E-014  0.78526972009976514        39224.370266986458     
   2.4547920186402052        1.0646912615248447       -1.0532904375029417E-014  0.73611081369845088        39224.369830059470     
   2.3571305626579715        1.0445536973519678       -1.3207460045600140E-014  0.68262952050621539        39224.369345118685     
   2.2585821558044454        1.0246898471887640       -1.3683834146070038E-014  0.62502129020100439        39224.368831516578     
   2.1594129513609168        1.0048757855266515       -1.7354420382807950E-014  0.56349867262362885        39224.368315628155     
   2.0598700359444724       0.98488576617646073       -1.6523234509988787E-014  0.49828314400402896        39224.367830728639     
   1.9601435913364256       0.96449784899789570       -1.6914904678570989E-014  0.42957225190418935        39224.367416667752     
   1.8602235628278070       0.94346025661377109       -1.3481548118562562E-014  0.35749274983619550        39224.367119323339     
   1.7599050756702823       0.92150177148853363       -1.6067170444334522E-014  0.28208260112230921        39224.366989819406     
   1.6588801766951278       0.89836600776614661       -1.6235266636186497E-014  0.20329224204321061        39224.367083490535     
   1.5566865962773910       0.87378808778737138       -1.4293204107711408E-014  0.12097348949478715        39224.367458583874     
   1.4528013043503876       0.84750263124815284       -1.2005777741088045E-014   3.4862402585873475E-002   39224.368174712727     
   1.3466071830422752       0.81920564826449249       -1.7335257719056535E-014  -5.5438309090110494E-002   39224.369291103067     
   1.2374225629769189       0.78853640988552520       -1.9204448603198989E-014 -0.15045692539345623        39224.370864697354     
   1.1245162308448933       0.75505748963539787       -1.9523657892911538E-014 -0.25083279125072799        39224.372948188502     
   1.0072836811220309       0.71830909744497440       -2.7540691283113158E-014 -0.35728886574838192        39224.375588036586     
  0.88529676210348818       0.67780492219571276       -2.4851722979848039E-014 -0.47059503563055927        39224.378822467785     
  0.75824503369715224       0.63300541832434742       -2.9303584966834928E-014 -0.59154753972621599        39224.382679397764     
  0.62604723014065655       0.58334888062280577       -2.9700883600086624E-014 -0.72091357319125393        39224.387174192903     
  0.48883527001336269       0.52826514571208438       -2.8404486196366580E-014 -0.85938296193763364        39224.392307164751     
  0.34706548741807097       0.46725986905503980       -3.1873702989043975E-014  -1.0075300124738149        39224.398060656335     
  0.20136525741123457       0.39987559272945372       -3.1247065045242963E-014  -1.1658253226110311        39224.404395544057     
   5.2337429961998083E-002  0.32562975283534534       -3.1610195048506123E-014  -1.3346639630151191        39224.411247019430     
  -9.9410161436495059E-002  0.24403247513240078       -3.0184929690394372E-014  -1.5143463962913106        39224.418519679843     
 -0.25313512120394144       0.15466121671763666       -2.9747267704741302E-014  -1.7050164412440179        39224.426082220984     
 -0.40788210002912706        5.7247029157019291E-002  -2.9297612748984541E-014  -1.9065287251191538        39224.433762313274     
 -0.56249732395819407       -4.8285352820982119E-002  -2.5855786582904716E-014  -2.1183055750420472        39224.441342493927     
 -0.71574725962433128      -0.16184586860340477       -2.3057857711693884E-014  -2.3392523674939945        39224.448558077311     
 -0.86645023254160236      -0.28321061921685597       -2.2158280727589635E-014  -2.5677439562547519        39224.455098174083     
  -1.0133527341635808      -0.41192829427790656       -1.8758742820726165E-014  -2.8016529525693876        39224.460610916016     
  -1.1551825324852807      -0.54732355776511810       -2.4611685047116524E-014  -3.0385828903488541        39224.464713911344     
  -1.2910384001806854      -0.68873998171991424       -1.9629407506325948E-014  -3.2763180247687593        39224.467010781897     
  -1.4203364953842907      -0.83556399556616867       -1.8850540602324893E-014  -3.5130470219053436        39224.467114302344     
  -1.5424776661656718      -0.98705357226933188       -2.0715544322974094E-014  -3.7472021324683080        39224.464676086900     
  -1.6571106606024966       -1.1425675643019755       -2.6152963470462423E-014  -3.9774691263489288        39224.459421874395     
  -1.7641178545378757       -1.3016900732358021       -2.4809788437633790E-014  -4.2029618867485183        39224.451190247542     
  -1.8632061073655493       -1.4640525253234902       -2.7513859762575499E-014  -4.4230715043734676        39224.439971201806     
  -1.9537540853464712       -1.6291891972429067       -2.7596404558715650E-014  -4.6368289044562996        39224.425939596913     
  -2.0347161498076325       -1.7962806684560455       -2.4430631381009385E-014  -4.8420884335346663        39224.409477535344     
  -2.1046659939097250       -1.9639624354772796       -2.5969375766330524E-014  -5.0352748260536817        39224.391179527360     
  -2.1620716602932735       -2.1304024496547580       -2.2989338070043860E-014  -5.2121275569338579        39224.371835302125     
  -2.2057012520830401       -2.2936424796421946       -3.1898038116009482E-014  -5.3689414322776052        39224.352387525061     
  -2.2350678372829407       -2.4520945161704191       -2.6722513468856785E-014  -5.5035163682795094        39224.333865375549     
  -2.2504381785053287       -2.6046448731209768       -3.1023194301568040E-014  -5.6151278196112671        39224.317299396251     
  -2.2525107928238537       -2.7503863763232204       -3.3174956771272989E-014  -5.7036944636914395        39224.303627317327     
  -2.2421509713529328       -2.8883824943948344       -3.0105830195558635E-014  -5.7690160351200230        39224.293603568491     
  -2.2202112589031913       -3.0175445120514013       -3.3351729048527374E-014  -5.8105719026897340        39224.287725938790     
  -2.1875369418185304       -3.1367677322886394       -3.6563642928624577E-014  -5.8279107141463999        39224.286190851359     
  -2.1450708539155112       -3.2452105592073544       -3.6409670720467689E-014  -5.8212156302458204        39224.288884224741     
  -2.0938958087799158       -3.3424347322605072       -3.5644200527239718E-014  -5.7915506693854759        39224.295408837163     
  -2.0350997819410832       -3.4281812158997624       -3.6977665635191061E-014  -5.7404667634200877        39224.305142887795     
  -1.9696566245573690       -3.5020750485893615       -4.3044757180234441E-014  -5.6692200456094000        39224.317319479807     
  -1.8984101856762070       -3.5634341133593033       -4.1177578688414989E-014  -5.5782168898165612        39224.331114081782     
  -1.8220870860221119       -3.6111856061254244       -4.5311225310742041E-014  -5.4669229888156501        39224.345727049222     
  -1.7413715486585932       -3.6440064870143178       -4.3165595501531894E-014  -5.3342649837129574        39224.360450708205     
  -1.6570564991044145       -3.6607228537909151       -4.5369513879723330E-014  -5.1794520380207736        39224.374714491474     
  -1.5701104573306202       -3.6606489391682473       -3.9875539199261208E-014  -5.0027358029346622        39224.388106110942     
  -1.4816282452118683       -3.6437256641994189       -4.4427256106295443E-014  -4.8056766502239476        39224.400370766154     
  -1.3927670776160079       -3.6105438436757993       -5.0604727313613188E-014  -4.5909783685481145        39224.411393241971     
  -1.3046427540791292       -3.5621379599960257       -4.9187089892924397E-014  -4.3619382119807355        39224.421169158006     
  -1.2182216659013836       -3.4996305669244610       -5.1167674407412762E-014  -4.1217294870757222        39224.429771682888     
  -1.1342846767283632       -3.4239480587473814       -5.7396429242279423E-014  -3.8729224337282595        39224.437319056800     
  -1.0534268132078699       -3.3356277183426606       -5.7270015547373602E-014  -3.6173170040963107        39224.443946724743     
 -0.97608391033314845       -3.2347818925777680       -5.4251651136683211E-014  -3.3560766877174686        39224.449786196070     
 -0.90259596499417327       -3.1212847052972510       -5.6445929694691773E-014  -3.0901550856457369        39224.454951239270     
 -0.83325946044150534       -2.9950437324564732       -5.6369577061020408E-014  -2.8207897872095877        39224.459530881184     
 -0.76834660834096091       -2.8562507104779868       -6.7297627929576745E-014  -2.5498457960537682        39224.463587969614     
 -0.70809450268108076       -2.7055395928282628       -6.2710830186429548E-014  -2.2798917186113119        39224.467161743240     
 -0.65267266690690739       -2.5439996651242502       -6.4874469941289887E-014  -2.0139838515663371        39224.470272846789     
 -0.60214906637049159       -2.3730542516763649       -6.8086906759903568E-014  -1.7552634486487051        39224.472929426163     
 -0.55647088149148560       -2.1942572017567681       -7.4251988865120361E-014  -1.5065311211449774        39224.475133240543     
 -0.51546965541130652       -2.0091032139570668       -7.2249312729798592E-014  -1.2699588001930806        39224.476885059012     
 -0.47888036410680357       -1.8189052185649750       -7.1550824395571195E-014  -1.0469965509789123        39224.478188915622     
 -0.44636321640506438       -1.6247602887986794       -7.2706526298185214E-014 -0.83845421157670685        39224.479055050389     
 -0.41752401858383137       -1.4275933429917043       -7.4870363319517525E-014 -0.64469518483339350        39224.479501553855     
 -0.39193109602525600       -1.2282443130951393       -7.0332919468564811E-014 -0.46585506714985492        39224.479554859558     
 -0.36912951401588434       -1.0275700679516575       -6.0049110614122487E-014 -0.30201944483435206        39224.479249301403     
 -0.34865488876909589      -0.82653549836152607       -6.7511919364609575E-014 -0.15332764429473400        39224.478625981355     
 -0.33004517594275562      -0.62624147215425197       -7.1575372529540297E-014  -1.9974976964936886E-002   39224.477731189618     
 -0.31285529420275515      -0.42789309338144221       -6.8748965120231528E-014   9.7855432392734087E-002   39224.476614595391     
 -0.29667487168801110      -0.23272681463561540       -6.0160530039592650E-014  0.20008359177688106        39224.475327388674     
 -0.28114444829479512       -4.1918420418465274E-002  -6.2414604057266518E-014  0.28680820620424186        39224.473920512646     
 -0.26596640086233692       0.14349204124475534       -6.1969380350305320E-014  0.35833578784025555        39224.472443083694     
 -0.25090881145425920       0.32262651899693040       -5.1080182360634857E-014  0.41515549376246241        39224.470941058607     
 -0.23579894227500220       0.49477163558490744       -4.6113875150218290E-014  0.45789382195958339        39224.469456175997     
 -0.22050894904772023       0.65936684265526679       -4.5898823672039140E-014  0.48726982600983959        39224.468025173497     
 -0.20494042493218134       0.81596976258250820       -3.5880495631336035E-014  0.50405666538389937        39224.466679264253     
 -0.18901142077558386       0.96422138717279537       -3.1701869062094477E-014  0.50906407410372179        39224.465443845147     
 -0.17264774773480107        1.1038466456656835       -3.7335479244745846E-014  0.50314941285043702        39224.464338401245     
 -0.15578239285027323        1.2346557209347147       -3.1077656773860681E-014  0.48723034963729805        39224.463376569984     
 -0.13836151600779761        1.3565614358514466       -1.6742829538008996E-014  0.46229456200768038        39224.462566330236     
 -0.12035204327006749        1.4696309536989212       -2.1569177286221664E-014  0.42940219398863277        39224.461910284299     
 -0.10174814025161116        1.5741229340506671       -1.4663325279957722E-014  0.38966121207505378        39224.461406005306     
  -8.2578254561535558E-002   1.6704675187896889       -1.0440203810102707E-014  0.34417413612921433        39224.461046427066     
  -6.2911042792616723E-002   1.7592146732998906       -1.0886733923431822E-014  0.29398030034390388        39224.460820258362     
  -4.2857128786016108E-002   1.8409608470650589       -1.6641758369092636E-015  0.24000832082316137        39224.460712415224     
  -2.2570500652737135E-002   1.9161678328647405       -1.7542560886848499E-015  0.18303884934046710        39224.460704473640     
  -2.2440258082365716E-003   1.9850665948083410       -2.5527218722556908E-015  0.12371051862449267        39224.460775071071     
   1.7902073127111728E-002   2.0477536585452327        6.0891378579032737E-015   6.2552501176502684E-002   39224.460900204343     
   3.7625217958518642E-002   2.1042234185220643        3.5760679016490918E-015   0.0000000000000000        39224.461053519117     
