 force-1force-2force-3workmass
   1.7763568394002505E-015   2.4868995751603507E-014  -2.1490512560269861E-014   0.0000000000000000       0.78539817820995306     
   8.8817841970012523E-016  -3.9079850466805510E-014  -1.4129550621107469E-014  -8.6289645497052760E-008  0.78539817820995583     
  -1.5987211554602254E-014   2.8421709430404007E-014  -1.7032280696938289E-014  -9.3195214071114881E-007  0.78539817820995439     
   1.3322676295501878E-014  -4.6185277824406512E-014  -1.6065243906576793E-014  -3.7623119066927020E-006  0.78539817820995839     
  -2.9309887850104133E-014  -1.4210854715202004E-014  -1.1897852343171385E-014  -1.0118551281832918E-005  0.78539817820995861     
   1.0214051826551440E-014   2.1316282072803006E-014  -1.7237293721738346E-014  -2.1759916567423541E-005  0.78539817820995839     
  -6.3504757008558954E-014   2.1316282072803006E-014  -2.0127389078504302E-014  -4.0607099726259815E-005  0.78539817820995861     
   5.2402526762307389E-014   1.4210854715202004E-014  -1.4437238531949969E-014  -6.8701852893489996E-005  0.78539817820995816     
   1.2434497875801753E-014  -1.0658141036401503E-014  -1.2674730608123978E-014  -1.0817629718319308E-004  0.78539817820995861     
   6.6613381477509392E-014  -8.5265128291212022E-014  -2.6870515488808107E-014  -1.6122817240059176E-004  0.78539817820995883     
   3.5527136788005009E-015   4.2632564145606011E-014  -1.7680917457416439E-014  -2.3010025309137867E-004  0.78539817820995883     
   2.0428103653102880E-014   7.4606987254810520E-014  -2.3460282109420907E-014  -3.1706283403551888E-004  0.78539817820995872     
  -2.2204460492503131E-015   2.8421709430404007E-014  -2.6218795369920939E-014  -4.2439858162384196E-004  0.78539817820995883     
  -1.5543122344752192E-014  -7.1054273576010019E-015  -2.3456604499794793E-014  -5.5438926553028458E-004  0.78539817820995861     
  -4.3076653355456074E-014  -2.4868995751603507E-014  -1.5335345726269386E-014  -7.0930402185344615E-004  0.78539817820995883     
   6.3060667798708891E-014  -5.6843418860808015E-014  -2.0730037500057085E-014  -8.9138888869894030E-004  0.78539817820995883     
   8.5709217501062085E-014   5.3290705182007514E-014  -1.5036550252176602E-014  -1.1028574171246741E-003  0.78539817820995894     
  -1.3322676295501878E-015   2.1316282072803006E-014  -2.2195996818783527E-014  -1.3458822044147350E-003  0.78539817820995894     
   3.5527136788005009E-015   2.1316282072803006E-014  -2.0945529330687600E-014  -1.6225872288893513E-003  0.78539817820995939     
  -1.4654943925052066E-014  -2.8421709430404007E-014  -1.9727697334110557E-014  -1.9350408893381659E-003  0.78539817820995994     
  -3.1530333899354446E-014  -1.6342482922482304E-013  -2.2291373729654595E-014  -2.2852496700609464E-003  0.78539817820995972     
   5.0182080713057076E-014   6.0396132539608516E-014  -2.2821517541084844E-014  -2.6751523661889321E-003  0.78539817820995972     
   5.7731597280508140E-015   0.0000000000000000       -1.9618223820218338E-014  -3.1066148149053057E-003  0.78539817820995972     
  -4.3964831775156199E-014  -1.4210854715202004E-014  -2.1966716808048638E-014  -3.5814250868904940E-003  0.78539817820996005     
  -1.0658141036401503E-014  -6.0396132539608516E-014  -2.1555558088633972E-014  -4.1012890989377566E-003  0.78539817820996016     
   3.7747582837255322E-014  -8.5265128291212022E-014  -2.4193770798710022E-014  -4.6678266140965131E-003  0.78539817820996027     
  -1.1102230246251565E-014   6.7501559897209518E-014  -2.0037494186777709E-014  -5.2825676002290975E-003  0.78539817820996061     
   2.3536728122053319E-014  -5.6843418860808015E-014  -2.6769022980692542E-014  -5.9469489216374682E-003  0.78539817820996094     
   1.3100631690576847E-013  -2.1316282072803006E-014  -2.1903077126970818E-014  -6.6623113411892806E-003  0.78539817820996161     
   9.0594198809412774E-014   0.0000000000000000       -2.1194234167370590E-014  -7.4298968127713780E-003  0.78539817820996149     
   6.6169292267659330E-014   7.1054273576010019E-015  -2.4285357003146800E-014  -8.2508460467861471E-003  0.78539817820996183     
  -2.6645352591003757E-014   9.9475983006414026E-014  -2.5617384690179994E-014  -9.1261963329420295E-003  0.78539817820996238     
  -4.2632564145606011E-014  -7.8159700933611020E-014  -2.9033214228826933E-014  -1.0056879606205327E-002  0.78539817820996272     
   1.2434497875801753E-014   1.7763568394002505E-014  -2.1710806618241080E-014  -1.1043720743070962E-002  0.78539817820996305     
   5.3734794391857577E-014   1.7763568394002505E-014  -2.4105830549837986E-014  -1.2087436076511079E-002  0.78539817820996394     
   4.8849813083506888E-014   1.1723955140041653E-013  -2.2220219956080873E-014  -1.3188632119455066E-002  0.78539817820996416     
   3.1530333899354446E-014  -6.0396132539608516E-014  -1.4755610819808234E-014  -1.4347804486830606E-002  0.78539817820996438     
   2.1760371282653068E-014  -1.5276668818842154E-013  -1.6399792581989205E-014  -1.5565337007308319E-002  0.78539817820996505     
   3.8191672047105385E-014   3.5527136788005009E-015  -1.9656319745959887E-014  -1.6841501015808058E-002  0.78539817820996571     
   3.0864200084579352E-014  -6.0396132539608516E-014  -2.0741119044196774E-014  -1.8176454819238304E-002  0.78539817820996649     
   2.9087843245179101E-014   2.8421709430404007E-014  -2.5714875332287093E-014  -1.9570243328836716E-002  0.78539817820996705     
  -3.1086244689504383E-015  -7.8159700933611020E-014  -1.3686573490874458E-014  -2.1022797854248775E-002  0.78539817820996760     
   8.1490370007486490E-014  -1.7763568394002505E-014  -1.7105766246800241E-014  -2.2533936054320945E-002  0.78539817820996838     
   4.5963233219481481E-014  -7.1054273576010019E-015  -2.0424095606532192E-014  -2.4103362039389106E-002  0.78539817820996916     
  -4.1966430330830917E-014   2.4868995751603507E-014  -1.5550249118684571E-014  -2.5730666618489703E-002  0.78539817820996971     
  -5.5067062021407764E-014  -1.7763568394002505E-014  -2.2699476002127369E-014  -2.7415327686339790E-002  0.78539817820997082     
  -1.9984014443252818E-014  -7.1054273576010019E-014  -2.0713228704463990E-014  -2.9156710745301177E-002  0.78539817820997171     
  -2.4202861936828413E-014  -1.7763568394002505E-014  -2.2244239016192398E-014  -3.0954069559077691E-002  0.78539817820997249     
  -1.0880185641326534E-014   1.7763568394002505E-014  -2.3142685152749402E-014  -3.2806546933860585E-002  0.78539817820997404     
   2.3314683517128287E-014   4.9737991503207013E-014  -2.1518662812868360E-014  -3.4713175623668900E-002  0.78539817820997471     
   1.1990408665951691E-014  -7.1054273576010019E-014  -2.3125007687984381E-014  -3.6672879355856641E-002  0.78539817820997637     
   2.5091040356528538E-014   7.1054273576010019E-015  -1.6186533888061667E-014  -3.8684473973568778E-002  0.78539817820997770     
   1.7763568394002505E-015  -6.0396132539608516E-014  -2.0788439717306664E-014  -4.0746668692039585E-002  0.78539817820997870     
  -1.1324274851176597E-014  -1.1723955140041653E-013  -2.0718325136958816E-014  -4.2858067465105669E-002  0.78539817820997992     
   9.9920072216264089E-015  -7.4606987254810520E-014  -1.7291841339315251E-014  -4.5017170459064483E-002  0.78539817820998126     
  -4.3520742565306136E-014  -4.6185277824406512E-014  -1.4310962673774248E-014  -4.7222375630203310E-002  0.78539817820998303     
  -9.7699626167013776E-015  -2.1316282072803006E-014  -9.8597926413668415E-015  -4.9471980403685056E-002  0.78539817820998481     
  -2.6645352591003757E-015   8.1712414612411521E-014  -1.2703024169249022E-014  -5.1764183451817540E-002  0.78539817820998670     
   2.9976021664879227E-014  -2.8421709430404007E-014  -1.5012859812849938E-014  -5.4097086571255892E-002  0.78539817820998792     
  -9.4591001698063337E-014  -8.5265128291212022E-014  -1.3358763796657967E-014  -5.6468696658748936E-002  0.78539817820999036     
   5.0626169922907138E-014   1.7763568394002505E-014  -2.6341991656991546E-014  -5.8876927783798855E-002  0.78539817820999214     
   3.7969627442180354E-014   0.0000000000000000       -1.6262129335412692E-014  -6.1319603354370068E-002  0.78539817820999447     
   4.6629367034256575E-015  -1.0302869668521453E-013  -2.6666805795854879E-014  -6.3794458371046220E-002  0.78539817820999680     
   5.2180482157382357E-014  -8.8817841970012523E-014  -2.3811793916862552E-014  -6.6299141765708502E-002  0.78539817820999902     
   8.5709217501062085E-014  -1.4210854715202004E-014  -1.8507630559154050E-014  -6.8831218823085794E-002  0.78539817821000169     
  -2.0428103653102880E-014  -3.5527136788005009E-014  -1.9768541944972785E-014  -7.1388173685111578E-002  0.78539817821000413     
   1.1546319456101628E-014  -1.0658141036401503E-014  -2.0078630453537331E-014  -7.3967411937897631E-002  0.78539817821000713     
   4.6629367034256575E-014   7.8159700933611020E-014  -2.8462095509839832E-014  -7.6566263279092564E-002  0.78539817821000979     
  -6.3948846218409017E-014  -1.0658141036401503E-013  -1.4680930318260962E-014  -7.9181984263308899E-002  0.78539817821001301     
  -6.6169292267659330E-014   3.5527136788005009E-015  -1.6957847943611144E-014  -8.1811761123406060E-002  0.78539817821001612     
   1.5987211554602254E-014  -6.7501559897209518E-014  -1.7383750010538735E-014  -8.4452712666009941E-002  0.78539817821001978     
   5.0182080713057076E-014   5.6843418860808015E-014  -2.8078972301006382E-014  -8.7101893239624362E-002  0.78539817821002322     
  -4.4408920985006262E-015   1.0658141036401503E-014  -2.3217508608745572E-014  -8.9756295774275893E-002  0.78539817821002678     
  -4.9737991503207013E-014  -3.5527136788005009E-014  -2.1471544396974070E-014  -9.2412854891373561E-002  0.78539817821003077     
   2.2204460492503131E-014  -6.3948846218409017E-014  -2.3910076056049518E-014  -9.5068450084209943E-002  0.78539817821003477     
   4.7073456244106637E-014   7.1054273576010019E-015  -2.3080065633776057E-014  -9.7719908969043201E-002  0.78539817821003899     
   0.0000000000000000       -1.7763568394002505E-015  -1.8030952466757586E-014 -0.10036401060778115       0.78539817821004387     
  -8.8817841970012523E-014  -2.1316282072803006E-014  -2.4715847863914300E-014 -0.10299748889998359       0.78539817821004854     
  -7.1942451995710144E-014   1.7763568394002505E-014  -2.5804346350558952E-014 -0.10561703604152463       0.78539817821005320     
  -3.3750779948604759E-014   8.8817841970012523E-014  -1.7155853411286777E-014 -0.10821930604404535       0.78539817821005886     
  -3.1974423109204508E-014  -9.7699626167013776E-014  -1.8881644890647815E-014 -0.11080091831225433       0.78539817821006475     
   1.8651746813702630E-014   1.0302869668521453E-013  -2.3104390664263773E-014 -0.11335846127608015       0.78539817821007019     
  -2.0428103653102880E-014  -5.3290705182007514E-015  -2.4938702300199660E-014 -0.11588849608046657       0.78539817821007629     
  -4.4408920985006262E-015   1.1546319456101628E-013  -7.4277516386448274E-015 -0.11838756033368039       0.78539817821008273     
   4.8849813083506888E-014   7.8159700933611020E-014  -1.4335550550015796E-014 -0.12085217191594519       0.78539817821008928     
   1.5010215292932116E-013   1.1368683772161603E-013  -1.9038179567085343E-014 -0.12327883284711813       0.78539817821009650     
   7.9936057773011271E-014   6.0396132539608516E-014  -2.3758196033882593E-014 -0.12566403321019304       0.78539817821010383     
  -6.2172489379008766E-015  -5.5067062021407764E-014  -1.6235940654387745E-014 -0.12800425512940788       0.78539817821011171     
  -1.7763568394002505E-015   8.1712414612411521E-014  -2.2004186545811060E-014 -0.13029597680201907       0.78539817821011926     
   1.2434497875801753E-014   1.1013412404281553E-013  -1.9429640995727492E-014 -0.13253567658316887       0.78539817821012803     
  -4.9737991503207013E-014   1.5987211554602254E-014  -2.0379593837991908E-014 -0.13471983712590013       0.78539817821013669     
   3.5527136788005009E-015  -1.1013412404281553E-013  -2.6518077223864064E-014 -0.13684494957437035       0.78539817821014601     
   2.3092638912203256E-014   3.5527136788005009E-015  -2.9687102364409059E-014 -0.13890751781277211       0.78539817821015567     
   3.3750779948604759E-014   8.8817841970012523E-015  -3.1746274035512258E-014 -0.14090406276756717       0.78539817821016522     
   5.8619775700208265E-014  -6.0396132539608516E-014  -3.0429804051922560E-014 -0.14283112676332782       0.78539817821017566     
   8.5265128291212022E-014  -3.9079850466805510E-014  -2.4892929332227304E-014 -0.14468527792664015       0.78539817821018654     
   4.6185277824406512E-014   3.1974423109204508E-014  -1.9740135912443448E-014 -0.14646311463590136       0.78539817821019775     
  -3.5527136788005009E-015   1.4210854715202004E-014  -2.1438675256520637E-014 -0.14816127001105234       0.78539817821020907     
   9.9475983006414026E-014   1.0302869668521453E-013  -2.1630585396358139E-014 -0.14977641644533374       0.78539817821022129     
   8.3488771451811772E-014   7.2830630415410269E-014  -1.8059528049530974E-014 -0.15130527017855044       0.78539817821023417     
  -7.6383344094210770E-014   2.6645352591003757E-014  -1.9207481831215056E-014 -0.15274459591907058       0.78539817821024704     
  -6.9277916736609768E-014  -9.7699626167013776E-014  -1.1891857688719375E-014 -0.15409121151449218       0.78539817821026037     
  -6.3948846218409017E-014  -8.5265128291212022E-014  -1.9223135256691766E-014 -0.15534199267442955       0.78539817821027480     
  -7.2830630415410269E-014  -3.1974423109204508E-014  -2.4874185536589082E-014 -0.15649387774144891       0.78539817821028923     
  -1.0125233984581428E-013  -6.2172489379008766E-014  -1.9473753549749804E-014 -0.15754387250753737       0.78539817821030466     
  -9.0594198809412774E-014  -3.7303493627405260E-014  -2.0146925713207554E-014 -0.15848905507544137       0.78539817821032010     
   3.5527136788005009E-014   1.5987211554602254E-014  -2.7884771983567184E-014 -0.15932658076405604       0.78539817821033597     
   4.6185277824406512E-014  -1.7763568394002505E-014  -1.8661439244633973E-014 -0.16005368705920078       0.78539817821035263     
  -2.4868995751603507E-014  -3.1974423109204508E-014  -1.6795734680287416E-014 -0.16066769861113814       0.78539817821036984     
  -1.4210854715202004E-014   4.4408920985006262E-014  -2.7341459262573219E-014 -0.16116603227822757       0.78539817821038738     
  -2.6645352591003757E-014   2.6645352591003757E-014  -2.3012464139733298E-014 -0.16154620221565735       0.78539817821040558     
  -7.8159700933611020E-014   7.1054273576010019E-015  -2.4323143989486405E-014 -0.16180582500757035       0.78539817821042424     
  -1.4566126083082054E-013  -6.3948846218409017E-014  -2.0704891248844124E-014 -0.16194262483990912       0.78539817821044344     
  -8.8817841970012523E-014  -2.1316282072803006E-014  -1.8635103440864883E-014 -0.16195443871132964       0.78539817821046287     
   8.5265128291212022E-014   3.3750779948604759E-014  -2.6423533522361699E-014 -0.16183922168099252       0.78539817821048341     
  -8.8817841970012523E-015  -4.7961634663806763E-014  -1.8244807267353855E-014 -0.16159505215431547       0.78539817821050417     
   1.2079226507921703E-013   4.4408920985006262E-015  -1.8403803053428264E-014 -0.16122013720963507       0.78539817821052571     
   2.3092638912203256E-014  -5.3290705182007514E-015  -1.6394733807951547E-014 -0.16071281797094361       0.78539817821054725     
   1.4743761767022079E-013   5.5955240441107890E-014  -2.0168462353236086E-014 -0.16007157502903002       0.78539817821056923     
   1.0658141036401503E-013   5.8619775700208265E-014  -2.5370080134284531E-014 -0.15929503391363570       0.78539817821059232     
  -7.1054273576010019E-015   2.9309887850104133E-014  -1.3384868318259528E-014 -0.15838197061260934       0.78539817821061608     
   8.8817841970012523E-014   4.2632564145606011E-014  -2.0434864987009508E-014 -0.15733131713655796       0.78539817821063984     
  -7.1054273576010019E-015  -5.4622972811557702E-014  -2.4060089359800724E-014 -0.15614216712603687       0.78539817821066404     
   9.9475983006414026E-014  -4.4408920985006262E-014  -2.1456517547518005E-014 -0.15481378149991828       0.78539817821068869     
   1.4210854715202004E-014   7.5495165674510645E-014  -2.8611245479218738E-014 -0.15334559414707943       0.78539817821071367     
  -7.1054273576010019E-014   5.3734794391857577E-014  -3.0803863914908790E-014 -0.15173721766162029       0.78539817821073932     
   2.8421709430404007E-014   1.1102230246251565E-014  -2.5712805008054407E-014 -0.14998844912236170       0.78539817821076507     
   4.6185277824406512E-014  -2.9753977059954195E-014  -1.8997641484881313E-014 -0.14809927591656954       0.78539817821079128     
   7.4606987254810520E-014  -5.3956838996782608E-014  -2.3650775707731829E-014 -0.14606988160504292       0.78539817821081792     
   5.3290705182007514E-014  -7.6383344094210770E-014  -2.3874542994423693E-014 -0.14390065182878126       0.78539817821084501     
  -6.0396132539608516E-014   2.8865798640254070E-015  -1.8650896871316520E-014 -0.14159218025514295       0.78539817821087210     
  -1.0658141036401503E-014   4.8849813083506888E-014  -1.9472007490436330E-014 -0.13914527456535977       0.78539817821089952     
  -3.1974423109204508E-014   2.3092638912203256E-014  -1.9731399078765447E-014 -0.13656096248435368       0.78539817821092772     
   2.8421709430404007E-014   6.8833827526759706E-015  -2.3680625837872569E-014 -0.13384049785690305       0.78539817821095559     
  -1.1368683772161603E-013  -1.8429702208777599E-014  -2.2229714549153814E-014 -0.13098536677177461       0.78539817821098412     
  -3.1974423109204508E-014  -2.8421709430404007E-014  -1.8770071394472346E-014 -0.12799729373681584       0.78539817821101243     
  -1.3145040611561853E-013  -6.1284310959308641E-014  -2.2921966215901818E-014 -0.12487824790450817       0.78539817821104085     
  -3.5527136788005009E-015  -2.7977620220553945E-014  -2.4890693350492147E-014 -0.12163044934515527       0.78539817821106994     
   2.4868995751603507E-014  -8.2600593032111647E-014  -2.3639796484010572E-014 -0.11825637536481375       0.78539817821109892     
   7.1054273576010019E-014  -1.0391687510491465E-013  -2.9122416741977785E-014 -0.11475876686532246       0.78539817821112701     
  -5.3290705182007514E-014   5.7731597280508140E-014  -2.4977113271621723E-014 -0.11114063474492135       0.78539817821115609     
   1.2079226507921703E-013  -5.3290705182007514E-015  -2.2826895455355871E-014 -0.10740526634050615       0.78539817821118474     
   6.7501559897209518E-014  -3.4638958368304884E-014  -2.3788873855861878E-014 -0.10355623191205823       0.78539817821121360     
  -9.0594198809412774E-014  -5.4178883601707639E-014  -2.0126881734105857E-014  -9.9597391170812191E-002  0.78539817821124247     
  -7.6383344094210770E-014   4.4408920985006262E-015  -1.7210690456247889E-014  -9.5532899849635339E-002  0.78539817821127089     
   1.5987211554602254E-014   4.4408920985006262E-014  -1.9567892309577664E-014  -9.1367216316509375E-002  0.78539817821129976     
   1.5987211554602254E-014   4.6185277824406512E-014  -1.3328030217547695E-014  -8.7105108228481623E-002  0.78539817821132785     
  -1.0125233984581428E-013   3.8191672047105385E-014  -1.9270970558809197E-014  -8.2751659225974619E-002  0.78539817821135594     
  -3.5527136788005009E-015  -1.1546319456101628E-014  -2.5488770836086938E-014  -7.8312275668565995E-002  0.78539817821138413     
  -6.5725203057809267E-014   2.1316282072803006E-014  -2.6985367195966496E-014  -7.3792693412251142E-002  0.78539817821141134     
   1.0480505352461478E-013  -1.1191048088221578E-013  -2.2668375514714608E-014  -6.9198984628535645E-002  0.78539817821143909     
   4.7961634663806763E-014   4.0856207306205761E-014  -2.9431265708217769E-014  -6.4537564666009489E-002  0.78539817821146618     
   5.6843418860808015E-014  -3.1974423109204508E-014  -2.7875695519590148E-014  -5.9815198954125418E-002  0.78539817821149305     
   5.5067062021407764E-014  -7.9936057773011271E-014  -2.2698320015346361E-014  -5.5039009944367265E-002  0.78539817821151958     
   3.9079850466805510E-014   8.8817841970012523E-014  -1.7875912052546084E-014  -5.0216484088598759E-002  0.78539817821154556     
   4.7961634663806763E-014   7.9936057773011271E-014  -2.6714807073101209E-014  -4.5355478849363029E-002  0.78539817821157154     
  -2.1316282072803006E-014   3.3750779948604759E-014  -1.3094099267376955E-014  -4.0464229740192245E-002  0.78539817821159685     
  -2.8421709430404007E-014  -3.1974423109204508E-014  -1.9676075857732518E-014  -3.5551357394140268E-002  0.78539817821162194     
  -2.1316282072803006E-014  -3.3750779948604759E-014  -2.4651051125520339E-014  -3.0625874659490432E-002  0.78539817821164637     
   2.1316282072803006E-014  -1.1546319456101628E-013  -2.0512164014515281E-014  -2.5697193722450579E-002  0.78539817821167057     
  -9.9475983006414026E-014   0.0000000000000000       -1.9750270337519742E-014  -2.0775133255446991E-002  0.78539817821169389     
   5.6843418860808015E-014  -3.7303493627405260E-014  -1.8708072576385398E-014  -1.5869925589407915E-002  0.78539817821171698     
   1.2079226507921703E-013  -3.1974423109204508E-014  -2.0888461724404430E-014  -1.0992223907227009E-002  0.78539817821173963     
   4.6185277824406512E-014  -1.7763568394002505E-015  -1.7390897640383987E-014  -6.1531094561469470E-003  0.78539817821176139     
  -9.0594198809412774E-014   7.9936057773011271E-014  -2.3949748027933927E-014  -1.3640987757480170E-003  0.78539817821178382     
   1.0658141036401503E-014  -9.0594198809412774E-014  -2.3193051359909609E-014   3.3628490609637737E-003  0.78539817821180435     
  -9.9475983006414026E-014   5.3290705182007514E-014  -2.2112837230124169E-014   8.0153251966713773E-003  0.78539817821182467     
   0.0000000000000000        3.3750779948604759E-014  -2.0040164454433193E-014   1.2580463732679936E-002  0.78539817821184488     
  -1.1191048088221578E-013   1.1368683772161603E-013  -2.7542328446323401E-014   1.7044934468914880E-002  0.78539817821186442     
  -3.9079850466805510E-014  -3.0198066269804258E-014  -3.1811940323236472E-014   2.1394935646972847E-002  0.78539817821188396     
  -7.8159700933611020E-014  -8.3488771451811772E-014  -2.1900344511200498E-014   2.5616186699820145E-002  0.78539817821190216     
  -1.5987211554602254E-014  -5.6843418860808015E-014  -3.0661305115212218E-014   2.9693921013886647E-002  0.78539817821192026     
  -5.5067062021407764E-014   5.3290705182007514E-015  -2.1188277309400512E-014   3.3612878706279943E-002  0.78539817821193803     
  -8.8817841970012523E-016  -1.3500311979441904E-013  -2.0560973979273204E-014   3.7357299426284615E-002  0.78539817821195490     
   1.7763568394002505E-014   2.6645352591003757E-014  -2.2276078629835325E-014   4.0910915177672327E-002  0.78539817821197144     
   7.1942451995710144E-014  -7.1054273576010019E-015  -2.0935918226696495E-014   4.4256943177702845E-002  0.78539817821198743     
   3.0198066269804258E-014   1.4210854715202004E-014  -2.2903783102006638E-014   4.7378078746721966E-002  0.78539817821200297     
  -4.2632564145606011E-014   3.1974423109204508E-014  -1.3830427296065690E-014   5.0256488245079806E-002  0.78539817821201829     
   4.4408920985006262E-015  -2.6645352591003757E-014  -1.7616243411764689E-014   5.2873802056676161E-002  0.78539817821203273     
  -2.3980817331903381E-014   1.7763568394002505E-014  -1.5325313346349754E-014   5.5211107630497851E-002  0.78539817821204738     
  -1.5987211554602254E-014  -1.5099033134902129E-013  -2.3127230509846213E-014   5.7248942586748119E-002  0.78539817821206148     
   2.6645352591003757E-015   1.2434497875801753E-014  -1.8541243870766720E-014   5.8967287894700723E-002  0.78539817821207436     
   1.2434497875801753E-014  -8.8817841970012523E-014  -1.5223744764898427E-014   6.0345561130569172E-002  0.78539817821208757     
   2.6645352591003757E-015  -3.7303493627405260E-014  -2.1507692988909010E-014   6.1362609823703951E-002  0.78539817821210045     
   8.3488771451811772E-014  -1.3855583347321954E-013  -2.7906693587631163E-014   6.1996704898357277E-002  0.78539817821211266     
   5.5955240441107890E-014  -6.3948846218409017E-014  -1.5810904412789148E-014   6.2225534224558891E-002  0.78539817821212465     
   9.6811447747313650E-014  -8.1712414612411521E-014  -2.0416401915497820E-014   6.2026196284433115E-002  0.78539817821213620     
   1.5099033134902129E-014  -7.4606987254810520E-014  -1.8467786232791616E-014   6.1375193966904940E-002  0.78539817821214764     
   2.0428103653102880E-014   2.1316282072803006E-014  -1.5113746259259962E-014   6.0248428495417387E-002  0.78539817821215840     
  -5.3290705182007514E-015   2.1316282072803006E-014  -1.4845773135070104E-014   5.8621193504359827E-002  0.78539817821216928     
   1.7763568394002505E-015  -1.0658141036401503E-014  -1.8496541880586415E-014   5.6468169268742194E-002  0.78539817821217939     
  -6.7945649107059580E-014   6.0396132539608516E-014  -1.4443400534143345E-014   5.3763417099326395E-002  0.78539817821218916     
  -2.7089441800853820E-014   9.5923269327613525E-014  -2.3971126287475281E-014   5.0480373920432045E-002  0.78539817821219882     
  -3.5527136788005009E-014  -2.4868995751603507E-014  -1.2016932421652704E-014   4.6591847042501730E-002  0.78539817821220814     
  -5.5067062021407764E-014   2.1316282072803006E-014  -2.5117290459023977E-014   4.2070009145959320E-002  0.78539817821221725     
   4.5741188614556449E-014   1.4210854715202004E-014  -2.3131398852576253E-014   3.6886393488027552E-002  0.78539817821222568     
   2.3536728122053319E-014   3.5527136788005009E-015  -2.6546296638697094E-014   3.1011889342313362E-002  0.78539817821223412     
  -7.5495165674510645E-015   6.0396132539608516E-014  -1.7736680578443953E-014   2.4416737687343263E-002  0.78539817821224212     
  -1.7763568394002505E-015   4.9737991503207013E-014  -2.3973541758673481E-014   1.7070527159038375E-002  0.78539817821224989     
  -5.6399329650957952E-014   1.4210854715202004E-014  -2.8164355377269978E-014   8.9421902830818644E-003  0.78539817821225744     
   2.0428103653102880E-014   7.4606987254810520E-014  -2.5518972877727087E-014  -1.5240910806769445E-015  0.78539817821226499     
