8.7195230674e-05,2.77555756155e-15,-1.11022302465e-14,-2.44670998415e-20
0.0017439046135,1.33226762955e-12,-1.69309011255e-13,-1.45573356365e-17
0.003487809227,7.388534229e-12,-1.88737914185e-13,-1.34201955285e-16
0.0052317138404,1.6783796575e-11,2.94209101525e-13,-5.4357548495e-16
0.0069756184539,2.91433543965e-11,1.7486012638e-13,-1.48896413065e-15
0.0087195230674,4.54303261675e-11,1.66533453695e-14,-3.2896327166e-15
0.010463427681,6.5455973975e-11,2.38697950295e-13,-6.297342813e-15
0.012207332294,8.8939966505e-11,3.3861802251e-13,-1.08801532985e-14
0.013951236908,1.1611267503e-10,3.5804692544e-13,-1.7450371234e-14
0.015695141521,1.46971324e-10,5.356826094e-13,-2.6425591877e-14
0.017439046135,1.8148538228e-10,6.938893904e-13,-3.82621432645e-14
0.019182950748,2.1969370767e-10,8.437694987e-13,-5.342036267e-14
0.020926855362,2.61646260215e-10,1.05193631585e-12,-7.238150355e-14
0.022670759975,3.07354142135e-10,1.2712053632e-12,-9.5651866445e-14
0.024414664589,3.5680902677e-10,1.4932499681e-12,-1.23726878265e-13
0.026158569202,4.1005809859e-10,1.76525460915e-12,-1.5713360321e-13
0.027902473816,4.67145766515e-10,2.0428103653e-12,-1.96427282465e-13
0.029646378429,5.281025617e-10,2.35922392735e-12,-2.42112819135e-13
0.031390283043,5.9290350405e-10,2.6922908347e-12,-2.94808227265e-13
0.033134187656,6.6162908485e-10,3.05033776015e-12,-3.55009970515e-13
0.03487809227,7.343070596e-10,3.39173134025e-12,-4.23292192185e-13
0.036621996883,8.109402039e-10,3.69981822955e-12,-5.003708485e-13
0.038365901497,8.915729266e-10,4.0356606945e-12,-5.8663483115e-13
0.04010980611,9.7624686115e-10,4.38538094725e-12,-6.8286102755e-13
0.041853710724,1.06495645635e-09,4.74620343025e-12,-7.8952623485e-13
0.043597615337,1.15773501895e-09,5.0737192225e-12,-9.0732676805e-13
0.045341519951,1.25459642675e-09,5.387357227e-12,-1.03688157585e-12
0.047085424564,1.3555795375e-09,5.7315263645e-12,-1.17874989555e-12
0.048829329177,1.46067047345e-09,6.1062266355e-12,-1.33358244815e-12
0.050573233791,1.5699497258e-09,6.4864780215e-12,-1.50205481835e-12
0.052317138404,1.68342284555e-09,6.8639538495e-12,-1.6848897904e-12
0.054061043018,1.8010842817e-09,7.1304073755e-12,-1.8825357773e-12
0.055804947631,1.9229617898e-09,7.399636459e-12,-2.09582126435e-12
0.057548852245,2.04903316535e-09,7.6882944455e-12,-2.32537530275e-12
0.059292756858,2.17934836845e-09,8.1240569825e-12,-2.5718746616e-12
0.061036661472,2.3138907457e-09,8.7013729555e-12,-2.83602474275e-12
0.062780566085,2.4527324616e-09,9.381384558e-12,-3.11830634415e-12
0.064524470699,2.5958901695e-09,1.00613961605e-11,-3.41956024715e-12
0.066268375312,2.7433888494e-09,1.0685896612e-11,-3.74069602695e-12
0.068012279926,2.89523682805e-09,1.1199374761e-11,-4.08221502995e-12
0.069756184539,3.05140357425e-09,1.1585177262e-11,-4.4445642943e-12
0.071500089153,3.2118835369e-09,1.19237952845e-11,-4.8289670792e-12
0.073243993766,3.3766711649e-09,1.2237433289e-11,-5.235767521e-12
0.07498789838,3.54579143825e-09,1.2523315718e-11,-5.666046593e-12
0.076731802993,3.71923603025e-09,1.2831402607e-11,-6.1202204115e-12
0.078475707607,3.89702436985e-09,1.31200605935e-11,-6.5991960565e-12
0.08021961222,4.0791814371e-09,1.3350431871e-11,-7.103797332e-12
0.081963516834,4.265687803e-09,1.3547496458e-11,-7.634638328e-12
0.083707421447,4.45652126315e-09,1.36973765665e-11,-8.192553405e-12
0.085451326061,4.6516179797e-09,1.3825052214e-11,-8.7784218205e-12
0.087195230674,4.8510279127e-09,1.3927747844e-11,-9.3929341035e-12
0.088939135288,5.054656693e-09,1.40387701465e-11,-1.0037025403e-11
0.090683039901,5.2625209745e-09,1.41525680065e-11,-1.07113438665e-11
0.092426944515,5.4745707965e-09,1.42857947695e-11,-1.1416857892e-11
0.094170849128,5.6908200375e-09,1.4446777108e-11,-1.215425663e-11
0.095914753741,5.9112187365e-09,1.4604983889e-11,-1.29245660875e-11
0.097658658355,6.1357918745e-09,1.4757639555e-11,-1.37286086625e-11
0.099402562968,6.3645227975e-09,1.48492329545e-11,-1.4567217132e-11
0.10114646758,6.597425384e-09,1.47853951305e-11,-1.5441850022e-11
0.1028903722,6.8344885305e-09,1.4541146065e-11,-1.63520624585e-11
0.10463427681,7.075726116e-09,1.4072076837e-11,-1.7300330065e-11
0.10637818142,7.321093731e-09,1.3350431871e-11,-1.82864236255e-11
0.10812208604,7.570560845e-09,1.24039667425e-11,-1.9312200242e-11
0.10986599065,7.8240552925e-09,1.13020703905e-11,-2.03776624275e-11
0.11160989526,8.081496583e-09,1.00891517365e-11,-2.14851095005e-11
0.11335379988,8.3427847965e-09,8.8845597545e-12,-2.263439129e-11
0.11509770449,8.6078616455e-09,7.691070003e-12,-2.38266926845e-11
0.1168416091,8.8766355375e-09,6.558642518e-12,-2.50635193525e-11
0.11858551372,9.1490620635e-09,5.4539706085e-12,-2.63456705825e-11
0.12032941833,9.425116243e-09,4.3104408931e-12,-2.76745606535e-11
0.12207332294,9.704775872e-09,3.0531133177e-12,-2.90508946225e-11
0.12381722756,9.9880104185e-09,1.59872115545e-12,-3.04753820055e-11
0.12556113217,1.0274794904e-08,-1.11022302465e-13,-3.1950516736e-11
0.12730503678,1.0565123776e-08,-2.0872192863e-12,-3.3476322098e-11
0.1290489414,1.08588915635e-08,-4.3187675658e-12,-3.5054305933e-11
0.13079284601,1.1156026103e-08,-6.775136008e-12,-3.66860639095e-11
0.13253675062,1.14564135955e-08,-9.420242364e-12,-3.83717693855e-11
0.13428065524,1.17599124885e-08,-1.21569421195e-11,-4.0113720129e-11
0.13602455985,1.20664256365e-08,-1.4946377469e-11,-4.1913490029e-11
0.13776846447,1.2375817038e-08,-1.77302617035e-11,-4.3771133992e-11
0.13951236908,1.2687956241e-08,-2.05335748405e-11,-4.56883631395e-11
0.14125627369,1.30027294485e-08,-2.33507657655e-11,-4.7667582422e-11
0.14300017831,1.3320039516e-08,-2.62373456295e-11,-4.97090701905e-11
0.14474408292,1.3639778196e-08,-2.92516011415e-11,-5.1815109325e-11
0.14648798753,1.39618150375e-08,-3.2493452373e-11,-5.3986130205e-11
0.14823189215,1.42860251405e-08,-3.59740015555e-11,-5.622496708e-11
0.14997579676,1.461228083e-08,-3.9748759839e-11,-5.8531159905e-11
0.15171970137,1.49403961425e-08,-4.38565850305e-11,-6.0908056435e-11
0.15346360599,1.52702267495e-08,-4.82724971105e-11,-6.335652821e-11
0.1552075106,1.5601570036e-08,-5.3004822755e-11,-6.587789698e-11
0.15695141521,1.59342344875e-08,-5.8011928595e-11,-6.8474147075e-11
0.15869531983,1.6268003611e-08,-6.326605906e-11,-7.114719543e-11
0.16043922444,1.66026303815e-08,-6.870337632e-11,-7.3898778995e-11
0.16218312905,1.6937892755e-08,-7.4301675925e-11,-7.673010786e-11
0.16392703367,1.72734937465e-08,-8.0058182305e-11,-7.964314493e-11
0.16567093828,1.7609150249e-08,-8.593958878e-11,-8.263895971e-11
0.16741484289,1.7944529196e-08,-9.1965324245e-11,-8.5721801035e-11
0.16915874751,1.82792503355e-08,-9.8165919835e-11,-8.8890672955e-11
0.17090265212,1.8612938968e-08,-1.0457190669e-10,-9.2149389435e-11
0.17264655673,1.89451315745e-08,-1.1120548926e-10,-9.5498313385e-11
0.17439046135,1.9275381291e-08,-1.1811662759e-10,-9.8939793625e-11
0.17613436596,1.9603182966e-08,-1.25316423905e-10,-1.024787249e-10
0.17787827058,1.9928039774e-08,-1.328770427e-10,-1.06112727185e-10
0.17962217519,2.02494132575e-08,-1.40787381755e-10,-1.09847489265e-10
0.1813660798,2.0566806591e-08,-1.4908629886e-10,-1.13682085845e-10
0.18310998442,2.08797173995e-08,-1.577821207e-10,-1.1762101267e-10
0.18485388903,2.1187690491e-08,-1.66852642815e-10,-1.2166573774e-10
0.18659779364,2.1490284552e-08,-1.763172941e-10,-1.25818070765e-10
0.18834169826,2.17871470865e-08,-1.8615109454e-10,-1.30081598615e-10
0.19008560287,2.2077917272e-08,-1.96354044135e-10,-1.3445616074e-10
0.19182950748,2.23623730645e-08,-2.06917816215e-10,-1.3894801895e-10
0.1935734121,2.2640328501e-08,-2.1783963522e-10,-1.435551766e-10
0.19531731671,2.2911617048e-08,-2.2912782782e-10,-1.4828345865e-10
0.19706122132,2.31761720925e-08,-2.4076574068e-10,-1.53133568345e-10
0.19880512594,2.34340186145e-08,-2.5279500715e-10,-1.58108675405e-10
0.20054903055,2.3685142736e-08,-2.6519897389e-10,-1.63211558695e-10
0.20229293516,2.3929652704e-08,-2.77969314235e-10,-1.684437147e-10
0.20403683978,2.4167642887e-08,-2.91183743785e-10,-1.73810101075e-10
0.20578074439,2.43992243075e-08,-3.0478120028e-10,-1.79310017905e-10
0.207524649,2.46245440705e-08,-3.1879221485e-10,-1.8494884227e-10
0.20926855362,2.4843768709e-08,-3.33227889725e-10,-1.9073006598e-10
0.21101245823,2.5056984265e-08,-3.4809932714e-10,-1.96653523455e-10
0.21275636284,2.52643794775e-08,-3.6339820042e-10,-2.02724213145e-10
0.21450026746,2.5466057041e-08,-3.79132836235e-10,-2.08943810085e-10
0.21624417207,2.56621307535e-08,-3.9531433682e-10,-2.1531672046e-10
0.21798807669,2.5852670005e-08,-4.11914946595e-10,-2.21844662775e-10
0.2197319813,2.60377969185e-08,-4.289846256e-10,-2.28531014175e-10
0.22147588591,2.62175281485e-08,-4.46495618255e-10,-2.3538102722e-10
0.22321979053,2.63919386345e-08,-4.64447924565e-10,-2.4239387889e-10
0.22496369514,2.656104503e-08,-4.82863748985e-10,-2.4957513127e-10
0.22670759975,2.67249028465e-08,-5.017569693e-10,-2.56927719585e-10
0.22845150437,2.6883481552e-08,-5.211359122e-10,-2.6445592175e-10
0.23019540898,2.7036808903e-08,-5.4100057765e-10,-2.72160011195e-10
0.23193931359,2.7184857143e-08,-5.6136206795e-10,-2.80046404315e-10
0.23368321821,2.73276540285e-08,-5.8224536305e-10,-2.88118613055e-10
0.23542712282,2.74651357215e-08,-6.0366434075e-10,-2.96375751225e-10
0.23717102743,2.7597316099e-08,-6.256301033e-10,-3.0482660371e-10
0.23891493205,2.7724181284e-08,-6.4815652845e-10,-3.1347172782e-10
0.24065883666,2.7845703521e-08,-6.712519429e-10,-3.2231535518e-10
0.24240274127,2.79618633805e-08,-6.9495242895e-10,-3.3136193639e-10
0.24414664589,2.80726747405e-08,-7.192191287e-10,-3.4061370727e-10
0.2458905505,2.81781042945e-08,-7.4408812445e-10,-3.50074610905e-10
0.24763445511,2.8278154818e-08,-7.6954831395e-10,-3.5974934905e-10
0.24937835973,2.83728207595e-08,-7.9559137055e-10,-3.6964123856e-10
0.25112226434,2.84621270995e-08,-8.222533765e-10,-3.797527712e-10
0.25286616895,2.85460571845e-08,-8.4951490285e-10,-3.90090615795e-10
0.25461007357,2.86246332195e-08,-8.773620719e-10,-4.0065728271e-10
0.25635397818,2.8697894061e-08,-9.0583374135e-10,-4.11454216535e-10
0.2580978828,2.87658508125e-08,-9.3492436015e-10,-4.22488961285e-10
0.25984178741,2.88285340045e-08,-9.646450305e-10,-4.3376471381e-10
0.26158569202,2.88859963725e-08,-9.9499020135e-10,-4.4528460131e-10
0.26332959664,2.8938287877e-08,-1.02599595485e-09,-4.57053808885e-10
0.26507350125,2.89854362735e-08,-1.05764563775e-09,-4.6907537676e-10
0.26681740586,2.9027502624e-08,-1.08996423e-09,-4.8135363283e-10
0.26856131048,2.9064525786e-08,-1.12295450715e-09,-4.9389534911e-10
0.27030521509,2.90965723735e-08,-1.15664422485e-09,-5.066983267e-10
0.2720491197,2.9123689571e-08,-1.1909973008e-09,-5.1977482825e-10
0.27379302432,2.9145916236e-08,-1.2260831239e-09,-5.3312302265e-10
0.27553692893,2.91633162065e-08,-1.2618711631e-09,-5.46752212e-10
0.27728083354,2.9175947769e-08,-1.2983808473e-09,-5.60662062e-10
0.27902473816,2.91838608835e-08,-1.3356121764e-09,-5.7486004085e-10
0.28076864277,2.91871304905e-08,-1.37357625275e-09,-5.893494633e-10
0.28251254738,2.91857871205e-08,-1.4122841785e-09,-6.0413561945e-10
0.284256452,2.9179916816e-08,-1.4517331781e-09,-6.1922366505e-10
0.28600035661,2.9169597293e-08,-1.4919315783e-09,-6.346140428e-10
0.28774426122,2.91549090425e-08,-1.53287660345e-09,-6.5031895405e-10
0.28948816584,2.9135940882e-08,-1.57458213135e-09,-6.663368955e-10
0.29123207045,2.9112801059e-08,-1.61702873315e-09,-6.826732494e-10
0.29297597506,2.9085586717e-08,-1.66023306215e-09,-6.993340466e-10
0.29471987968,2.905441443e-08,-1.7042173228e-09,-7.163231254e-10
0.29646378429,2.901939522e-08,-1.7489593107e-09,-7.3364776295e-10
0.29820768891,2.89806734165e-08,-1.7944923325e-09,-7.5130962655e-10
0.29995159352,2.89383489395e-08,-1.84079973485e-09,-7.6931415775e-10
0.30169549813,2.88925522395e-08,-1.8879203756e-09,-7.8766683055e-10
0.30343940275,2.88434276465e-08,-1.93581539685e-09,-8.0637588325e-10
0.30518330736,2.8791052875e-08,-1.9845569632e-09,-8.2543899515e-10
0.30692721197,2.87355639285e-08,-2.0341311968e-09,-8.448664658e-10
0.30867111659,2.8677049624e-08,-2.0845630777e-09,-8.646608296e-10
0.3104150212,2.86156293105e-08,-2.13589423925e-09,-8.848303057e-10
0.31215892581,2.85513918065e-08,-2.18811913035e-09,-9.0537597435e-10
0.31390283043,2.848443148e-08,-2.24124885315e-09,-9.263053306e-10
0.31564673504,2.8414878783e-08,-2.29530561225e-09,-9.47623238e-10
0.31739063965,2.834283086e-08,-2.35030328535e-09,-9.693332193e-10
0.31913454427,2.82684264885e-08,-2.40623909685e-09,-9.914427798e-10
0.32087844888,2.8191832202e-08,-2.46311304685e-09,-1.0139549141e-09
0.32262235349,2.81132117585e-08,-2.5209528909e-09,-1.03687654155e-09
0.32436625811,2.8032764998e-08,-2.5797031178e-09,-1.06020973965e-09
0.32611016272,2.79507444965e-08,-2.63939703425e-09,-1.08396631735e-09
0.32785406733,2.78673917275e-08,-2.70003186475e-09,-1.10814687015e-09
0.32959797195,2.7783036982e-08,-2.76159373145e-09,-1.13275265805e-09
0.33134187656,2.7697982796e-08,-2.82405487885e-09,-1.1577965897e-09
0.33308578117,2.7612592768e-08,-2.8874791447e-09,-1.18327867875e-09
0.33482968579,2.75272582505e-08,-2.9517943645e-09,-1.2092091589e-09
0.3365735904,2.74423678225e-08,-3.01706715165e-09,-1.2355892399e-09
0.33831749502,2.7358335042e-08,-3.0832780773e-09,-1.2624277248e-09
0.34006139963,2.7275595671e-08,-3.1504326925e-09,-1.2897249468e-09
0.34180530424,2.71945910235e-08,-3.2185754062e-09,-1.3174892572e-09
0.34354920886,2.71157402085e-08,-3.28766180945e-09,-1.3457271956e-09
0.34529311347,2.7039462336e-08,-3.357750189e-09,-1.37444298525e-09
0.34703701808,2.69661543095e-08,-3.4288294426e-09,-1.4036404398e-09
0.3487809227,2.68962518925e-08,-3.50093287695e-09,-1.43332946975e-09
0.35052482731,2.6830115907e-08,-3.5740493898e-09,-1.4635098051e-09
0.35226873192,2.6768076644e-08,-3.64818453225e-09,-1.4941955779e-09
0.35401263654,2.67104838245e-08,-3.7233743866e-09,-1.5253838338e-09
0.35575654115,2.665761778e-08,-3.79959119725e-09,-1.5570824124e-09
0.35750044576,2.66097477385e-08,-3.8768516175e-09,-1.5892980865e-09
0.35924435038,2.65671096235e-08,-3.95518062745e-09,-1.62203567325e-09
0.36098825499,2.65298949475e-08,-4.03451994035e-09,-1.6552968706e-09
0.3627321596,2.649824804e-08,-4.1149278429e-09,-1.6890941153e-09
0.36447606422,2.64723437615e-08,-4.1963876818e-09,-1.7234311087e-09
0.36621996883,2.6452234847e-08,-4.27888835475e-09,-1.758308932e-09
0.36796387344,2.6438007339e-08,-4.3624631685e-09,-1.79374037185e-09
0.36970777806,2.64296723395e-08,-4.44706216295e-09,-1.82972505325e-09
0.37145168267,2.64272520535e-08,-4.5327297471e-09,-1.8662700055e-09
0.37319558729,2.6430718725e-08,-4.6194575942e-09,-1.9033830091e-09
0.3749394919,2.64400001895e-08,-4.7072401532e-09,-1.9410695483e-09
0.37668339651,2.645501318e-08,-4.79606077075e-09,-1.9793309339e-09
0.37842730113,2.64756799815e-08,-4.8859583046e-09,-2.01817775945e-09
0.38017120574,2.6501870143e-08,-4.9769133259e-09,-2.05761335165e-09
0.38191511035,2.6533447661e-08,-5.0689147325e-09,-2.09764062635e-09
0.38365901497,2.6570273759e-08,-5.1619986065e-09,-2.13827505495e-09
0.38540291958,2.6612193005e-08,-5.2561593965e-09,-2.17951041975e-09
0.38714682419,2.66590305385e-08,-5.3514026545e-09,-2.2213555915e-09
0.38889072881,2.6710664236e-08,-5.4477145015e-09,-2.26382185645e-09
0.39063463342,2.67669025835e-08,-5.545117143e-09,-2.3069114163e-09
0.39237853803,2.6827629007e-08,-5.6436244565e-09,-2.35062550115e-09
0.39412244265,2.68926825255e-08,-5.7432447685e-09,-2.3949764589e-09
0.39586634726,2.6961921584e-08,-5.8439642015e-09,-2.4399660806e-09
0.39761025187,2.7035240713e-08,-5.9458410415e-09,-2.48560011505e-09
0.39935415649,2.7112526113e-08,-6.048833656e-09,-2.53188744565e-09
0.4010980611,2.71936806405e-08,-6.152967025e-09,-2.57883195235e-09
0.40284196571,2.72786293555e-08,-6.2582355965e-09,-2.6264404931e-09
0.40458587033,2.7367291766e-08,-6.3646810045e-09,-2.67471134825e-09
0.40632977494,2.7459604035e-08,-6.4722671665e-09,-2.72365801905e-09
0.40807367955,2.75555439575e-08,-6.581024614e-09,-2.77328465505e-09
0.40981758417,2.76550726765e-08,-6.690933918e-09,-2.82359704525e-09
0.41156148878,2.7758170762e-08,-6.8020311605e-09,-2.87460172575e-09
0.4133053934,2.7864810459e-08,-6.9142747085e-09,-2.9262968654e-09
0.41504929801,2.7975000094e-08,-7.027692317e-09,-2.97869499765e-09
0.41679320262,2.8088711912e-08,-7.142297864e-09,-3.03180106385e-09
0.41853710724,2.8205979219e-08,-7.2580441655e-09,-3.08562378455e-09
0.42028101185,2.83267631575e-08,-7.374964528e-09,-3.14016175785e-09
0.42202491646,2.8451108136e-08,-7.493058951e-09,-3.1954217703e-09
0.42376882108,2.85789947265e-08,-7.612302455e-09,-3.2514115479e-09
0.42551272569,2.871040905e-08,-7.7327227955e-09,-3.30814047495e-09
0.4272566303,2.884536221e-08,-7.8543116455e-09,-3.36560679345e-09
0.42900053492,2.89838097965e-08,-7.977082883e-09,-3.42381832385e-09
0.43074443953,2.9125765688e-08,-8.101000426e-09,-3.48278356175e-09
0.43248834414,2.9271174373e-08,-8.2261003565e-09,-3.54250786945e-09
0.43423224876,2.94200247495e-08,-8.3523771235e-09,-3.60299275315e-09
0.43597615337,2.9572258531e-08,-8.479839053e-09,-3.6642435689e-09
0.43772005798,2.97278313075e-08,-8.608505575e-09,-3.72627240645e-09
0.4394639626,2.9886701447e-08,-8.7383406065e-09,-3.78907900435e-09
0.44120786721,3.0048791233e-08,-8.8693608015e-09,-3.85266939505e-09
0.44295177182,3.02140340525e-08,-9.0015689345e-09,-3.91704313825e-09
0.44469567644,3.03823716185e-08,-9.13495668e-09,-3.9822214957e-09
0.44643958105,3.05536956845e-08,-9.2695351395e-09,-4.04819966475e-09
0.44818348566,3.0727953515e-08,-9.4052710065e-09,-4.11498323695e-09
0.44992739028,3.0905061843e-08,-9.5421864855e-09,-4.1825710986e-09
0.45167129489,3.10848957685e-08,-9.680270474e-09,-4.250985499e-09
0.45341519951,3.12673942295e-08,-9.8194868905e-09,-4.3202178667e-09
0.45515910412,3.14524378765e-08,-9.959846836e-09,-4.3902784234e-09
0.45690300873,3.1639932341e-08,-1.01013447605e-08,-4.46117300725e-09
0.45864691335,3.1829744396e-08,-1.0243952908e-08,-4.53290029e-09
0.46039081796,3.2021774121e-08,-1.03876851565e-08,-4.6054759035e-09
0.46213472257,3.2215866086e-08,-1.05325165255e-08,-4.67889848035e-09
0.46387862719,3.241189539e-08,-1.06784470155e-08,-4.75317407395e-09
0.4656225318,3.2609698275e-08,-1.08254682995e-08,-4.8283088824e-09
0.46736643641,3.2809133188e-08,-1.09735748265e-08,-4.9043094066e-09
0.46911034103,3.30100030645e-08,-1.1122772148e-08,-4.981177003e-09
0.47085424564,3.32121469215e-08,-1.12730685895e-08,-5.0589188505e-09
0.47259815025,3.34153593685e-08,-1.1424461377e-08,-5.137542884e-09
0.47434205487,3.3619426687e-08,-1.1576939407e-08,-5.217047108e-09
0.47608595948,3.3824157364e-08,-1.17305137825e-08,-5.297443705e-09
0.47782986409,3.4029343232e-08,-1.18852094835e-08,-5.378736936e-09
0.47957376871,3.4234756696e-08,-1.2041020958e-08,-5.46092364e-09
0.48131767332,3.44401868135e-08,-1.2197948207e-08,-5.544023372e-09
0.48306157793,3.46454254175e-08,-1.23560217615e-08,-5.6280294965e-09
0.48480548255,3.4850225483e-08,-1.2515227743e-08,-5.712947015e-09
0.48654938716,3.50544260285e-08,-1.26755661525e-08,-5.798779695e-09
0.48829329177,3.52577828045e-08,-1.2837061969e-08,-5.885545614e-09
0.49003719639,3.5460107073e-08,-1.299972352e-08,-5.9732371545e-09
0.491781101,3.56611934425e-08,-1.31635286005e-08,-6.061862637e-09
0.49352500562,3.58608365225e-08,-1.33284910885e-08,-6.1514245765e-09
0.49526891023,3.60588336965e-08,-1.34946331885e-08,-6.2419355445e-09
0.49701281484,3.62549656965e-08,-1.3661910492e-08,-6.3333896595e-09
0.49875671946,3.6449013252e-08,-1.3830347978e-08,-6.4257921755e-09
0.50050062407,3.66407237885e-08,-1.3999965076e-08,-6.519163697e-09
0.50224452868,3.68298502805e-08,-1.41707284795e-08,-6.6134928025e-09
0.5039884333,3.70161568065e-08,-1.4342646515e-08,-6.708785074e-09
0.50573233791,3.71993297275e-08,-1.45157247335e-08,-6.8050478335e-09
0.50747624252,3.73790498555e-08,-1.4689954808e-08,-6.902290964e-09
0.50922014714,3.7554986898e-08,-1.4865320086e-08,-7.0005133495e-09
0.51096405175,3.77268050135e-08,-1.5041839996e-08,-7.099714852e-09
0.51270795636,3.7894135052e-08,-1.5219486782e-08,-7.1999110675e-09
0.51445186098,3.8056582885e-08,-1.539826322e-08,-7.301096112e-09
0.51619576559,3.82137654855e-08,-1.5578149881e-08,-7.4032863355e-09
0.5179396702,3.83653026015e-08,-1.5759160643e-08,-7.50647261e-09
0.51968357482,3.85108056555e-08,-1.59412733015e-08,-7.6106688615e-09
0.52142747943,3.8649874967e-08,-1.61244906315e-08,-7.715875217e-09
0.52317138404,3.8782149714e-08,-1.6308784878e-08,-7.8220965325e-09
0.52491528866,3.89072774e-08,-1.649417547e-08,-7.929332778e-09
0.52665919327,3.90249665915e-08,-1.66806346515e-08,-8.037599618e-09
0.52840309788,3.91349258555e-08,-1.6868159647e-08,-8.1468859905e-09
0.5301470025,3.9236908167e-08,-1.70567393545e-08,-8.257212477e-09
0.53189090711,3.93306914815e-08,-1.7246390427e-08,-8.368565542e-09
0.53363481173,3.9416137021e-08,-1.7437068456e-08,-8.4809579175e-09
0.53537871634,3.94931143345e-08,-1.7628798421e-08,-8.5944001745e-09
0.53712262095,3.95615540325e-08,-1.78215608935e-08,-8.7088820125e-09
0.53886652557,3.96214283605e-08,-1.80153447715e-08,-8.824425109e-09
0.54061043018,3.96727428685e-08,-1.821017781e-08,-8.941016761e-09
0.54235433479,3.9715569722e-08,-1.84060211515e-08,-9.058662869e-09
0.54409823941,3.97499755335e-08,-1.8602888674e-08,-9.177379483e-09
0.54584214402,3.97760852035e-08,-1.8800766499e-08,-9.2971546255e-09
0.54758604863,3.97940458365e-08,-1.8999676832e-08,-9.4180049905e-09
0.54932995325,3.98040267415e-08,-1.9199600243e-08,-9.5399245655e-09
0.55107385786,3.9806200003e-08,-1.9400522855e-08,-9.6629219425e-09
0.55281776247,3.98007682365e-08,-1.96024627085e-08,-9.787003181e-09
0.55456166709,3.97879229565e-08,-1.98054059265e-08,-9.9121547285e-09
0.5563055717,3.9767850124e-08,-2.0009353896e-08,-1.00384041685e-08
0.55804947631,3.9740763458e-08,-2.0214291352e-08,-1.01657434855e-08
0.55979338093,3.97068572465e-08,-2.04202210695e-08,-1.0294177673e-08
0.56153728554,3.96662952485e-08,-2.06271291715e-08,-1.04237075215e-08
0.56328119015,3.96192578745e-08,-2.08350212085e-08,-1.05543385375e-08
0.56502509477,3.9565919985e-08,-2.1043861098e-08,-1.06860677415e-08
0.56676899938,3.95063953775e-08,-2.125369325e-08,-1.0818904999e-08
0.56851290399,3.94408561365e-08,-2.1464445499e-08,-1.0952851279e-08
0.57025680861,3.93693772025e-08,-2.1676173356e-08,-1.1087907637e-08
0.57200071322,3.92920418425e-08,-2.1888822699e-08,-1.12240905375e-08
0.57374461784,3.92089749555e-08,-2.2102403241e-08,-1.13613796785e-08
0.57548852245,3.9120193196e-08,-2.2316920534e-08,-1.1499790602e-08
0.57723242706,3.9025774279e-08,-2.2532332944e-08,-1.1639335872e-08
0.57897633168,3.89257431845e-08,-2.2748654349e-08,-1.177999849e-08
0.58072023629,3.8820097137e-08,-2.29658722595e-08,-1.19217937455e-08
0.5824641409,3.8708874994e-08,-2.3183960307e-08,-1.20647147465e-08
0.58420804552,3.85920656545e-08,-2.34029462475e-08,-1.22087751265e-08
0.58595195013,3.8469663566e-08,-2.36228259175e-08,-1.2353967459e-08
0.58769585474,3.8341660402e-08,-2.38435521325e-08,-1.25003089035e-08
0.58943975936,3.82080256325e-08,-2.40651637505e-08,-1.2647789678e-08
0.59118366397,3.8068759256e-08,-2.4287645506e-08,-1.2796408892e-08
0.59292756858,3.79238307425e-08,-2.4511011276e-08,-1.29461813605e-08
0.5946714732,3.7773223438e-08,-2.47352374695e-08,-1.3097100639e-08
0.59641537781,3.76169345675e-08,-2.49603351875e-08,-1.32491691545e-08
0.59815928242,3.74549502525e-08,-2.51863016555e-08,-1.3402392741e-08
0.59990318704,3.7287248289e-08,-2.54131451995e-08,-1.3556765059e-08
0.60164709165,3.71138564325e-08,-2.56408477785e-08,-1.371230328e-08
0.60339099626,3.693478301e-08,-2.5869419107e-08,-1.3868996273e-08
0.60513490088,3.6750033572e-08,-2.6098853634e-08,-1.4026853139e-08
0.60687880549,3.65596664055e-08,-2.63291249915e-08,-1.41858658155e-08
0.6086227101,3.6363689837e-08,-2.65602720375e-08,-1.43460505565e-08
0.61036661472,3.61621704805e-08,-2.67922406485e-08,-1.4507394969e-08
0.61211051933,3.59551804995e-08,-2.7025051641e-08,-1.46699157025e-08
0.61385442395,3.5742783733e-08,-2.72586619945e-08,-1.48335995445e-08
0.61559832856,3.5525060671e-08,-2.74930883615e-08,-1.49984606245e-08
0.61734223317,3.5302105683e-08,-2.7728289109e-08,-1.5164487482e-08
0.61908613779,3.5074032567e-08,-2.796425036e-08,-1.5331695105e-08
0.6208300424,3.4840930141e-08,-2.82009623985e-08,-1.55000725025e-08
0.62257394701,3.4602931631e-08,-2.84384099605e-08,-1.5669619268e-08
0.62431785163,3.4360167489e-08,-2.8676552799e-08,-1.58403512345e-08
0.62606175624,3.41127709415e-08,-2.89153950785e-08,-1.60122648025e-08
0.62780566085,3.3860886317e-08,-2.91549229205e-08,-1.6185360029e-08
0.62954956547,3.3604652394e-08,-2.93950960795e-08,-1.6359633355e-08
0.63129347008,3.33442246035e-08,-2.96359020655e-08,-1.6535092627e-08
0.63303737469,3.30797916835e-08,-2.9877367247e-08,-1.6711726329e-08
0.63478127931,3.28114896365e-08,-3.0119461092e-08,-1.6889546358e-08
0.63652518392,3.2539493322e-08,-3.03621655595e-08,-1.7068555273e-08
0.63826908853,3.22639776005e-08,-3.060550563e-08,-1.7248743793e-08
0.64001299315,3.19851423125e-08,-3.08494590985e-08,-1.7430119471e-08
0.64175689776,3.170314844e-08,-3.10940120875e-08,-1.76126826305e-08
0.64350080237,3.1418195823e-08,-3.13392284345e-08,-1.7796432543e-08
0.64524470699,3.11304981795e-08,-3.1585056792e-08,-1.7981368041e-08
0.6469886116,3.0840263676e-08,-3.18315540595e-08,-1.81674899175e-08
0.64873251622,3.0547683827e-08,-3.20786841535e-08,-1.8354801487e-08
0.65047642083,3.02529529205e-08,-3.23264429115e-08,-1.854330451e-08
0.65222032544,2.99563068795e-08,-3.2574881681e-08,-1.87329905495e-08
0.65396423006,2.9657970524e-08,-3.28239616045e-08,-1.8923862717e-08
0.65570813467,2.93581409185e-08,-3.3073684069e-08,-1.91159274885e-08
0.65745203928,2.90570595365e-08,-3.3324028259e-08,-1.9309177541e-08
0.6591959439,2.8754951198e-08,-3.35749969495e-08,-1.95036252475e-08
0.66093984851,2.8452037948e-08,-3.38265568335e-08,-1.96992440675e-08
0.66268375312,2.81485362795e-08,-3.40786981965e-08,-1.989606013e-08
0.66442765774,2.78446710135e-08,-3.4331397447e-08,-2.0094061525e-08
0.66617156235,2.7540669745e-08,-3.45846046245e-08,-2.0293251719e-08
0.66791546696,2.7236746192e-08,-3.48382780955e-08,-2.04936230585e-08
0.66965937158,2.69331446035e-08,-3.5092397044e-08,-2.0695188278e-08
0.67140327619,2.66300731465e-08,-3.5346886529e-08,-2.0897932115e-08
0.6731471808,2.63277677435e-08,-3.5601750714e-08,-2.1101858579e-08
0.67489108542,2.6026469868e-08,-3.5856943803e-08,-2.13069675745e-08
0.67663499003,2.57263904625e-08,-3.61124102845e-08,-2.15132645515e-08
0.67837889464,2.5427776551e-08,-3.63681210145e-08,-2.1720738676e-08
0.68012279926,2.51308640565e-08,-3.66240496265e-08,-2.1929391539e-08
0.68186670387,2.48359055545e-08,-3.6880153098e-08,-2.2139225277e-08
0.68361060848,2.45431674985e-08,-3.7136432818e-08,-2.23502472525e-08
0.6853545131,2.42528747085e-08,-3.7392859642e-08,-2.25624286065e-08
0.68709841771,2.39652991895e-08,-3.7649426632e-08,-2.2775793637e-08
0.68884232233,2.3680668537e-08,-3.7906129624e-08,-2.29903323815e-08
0.69058622694,2.3399254756e-08,-3.8162978333e-08,-2.32060472355e-08
0.69233013155,2.31213187485e-08,-3.841995333e-08,-2.34229351665e-08
0.69407403617,2.28470603545e-08,-3.86770920845e-08,-2.36409922635e-08
0.69581794078,2.25767321505e-08,-3.8934383495e-08,-2.38601974325e-08
0.69756184539,2.2310564507e-08,-3.91918691945e-08,-2.4080586774e-08
0.69930575001,2.20487378355e-08,-3.9449510325e-08,-2.4302134409e-08
0.70104965462,2.17914186695e-08,-3.9707349908e-08,-2.45248517965e-08
0.70279355923,2.1538770767e-08,-3.99654129235e-08,-2.4748725813e-08
0.70453746385,2.1290894048e-08,-4.02236854935e-08,-2.49737548465e-08
0.70628136846,2.1047896759e-08,-4.04821648425e-08,-2.519994207e-08
0.70802527307,2.0809817758e-08,-4.07408634605e-08,-2.54272682585e-08
0.70976917769,2.05766848005e-08,-4.099977996e-08,-2.565576843e-08
0.7115130823,2.03484673555e-08,-4.12588713195e-08,-2.58854111295e-08
0.71325698691,2.01251126875e-08,-4.15181528045e-08,-2.61161961785e-08
0.71500089153,1.99065430805e-08,-4.1777566129e-08,-2.63481190685e-08
0.71674479614,1.9692628084e-08,-4.20371140675e-08,-2.65811870525e-08
0.71848870075,1.9483228919e-08,-4.2296731395e-08,-2.6815397647e-08
0.72023260537,1.92781263175e-08,-4.2556391744e-08,-2.705073799e-08
0.72197650998,1.9077170399e-08,-4.28160534805e-08,-2.7287204437e-08
0.72372041459,1.88801030365e-08,-4.30756624815e-08,-2.75248125705e-08
0.72546431921,1.8686688308e-08,-4.33351715625e-08,-2.7763547625e-08
0.72720822382,1.84966764125e-08,-4.35945168855e-08,-2.80034011265e-08
0.72895212844,1.8309823102e-08,-4.3853674858e-08,-2.82443694035e-08
0.73069603305,1.81258619225e-08,-4.41125913575e-08,-2.8486459047e-08
0.73243993766,1.79445430735e-08,-4.4371192831e-08,-2.87296605205e-08
0.73418384228,1.77656167555e-08,-4.46294501355e-08,-2.89739768595e-08
0.73592774689,1.75888609235e-08,-4.48873077595e-08,-2.9219398924e-08
0.7376716515,1.74140590835e-08,-4.51447670915e-08,-2.94659156995e-08
0.73941555612,1.7240980865e-08,-4.54017587415e-08,-2.9713537946e-08
0.74115946073,1.7069456959e-08,-4.565828271e-08,-2.99622442925e-08
0.74290336534,1.68993263825e-08,-4.59142945885e-08,-3.0212050242e-08
0.74464726996,1.67304559095e-08,-4.61697693965e-08,-3.0462948336e-08
0.74639117457,1.65626762305e-08,-4.6424690481e-08,-3.0714918755e-08
0.74813507918,1.639595959e-08,-4.66790689435e-08,-3.09679718925e-08
0.7498789838,1.6230169986e-08,-4.69328506615e-08,-3.1222104553e-08
0.75162288841,1.60652324775e-08,-4.71860647775e-08,-3.14773003095e-08
0.75336679302,1.5901158168e-08,-4.7438689088e-08,-3.17335747655e-08
0.75511069764,1.57378610145e-08,-4.76907166535e-08,-3.1990894517e-08
0.75685460225,1.5575346568e-08,-4.79421516375e-08,-3.2249268509e-08
0.75859850686,1.5413609278e-08,-4.81929898765e-08,-3.250870827e-08
0.76034241148,1.5252654695e-08,-4.84432091665e-08,-3.27691958685e-08
0.76208631609,1.5092477268e-08,-4.86928358745e-08,-3.30307167495e-08
0.7638302207,1.4933076997e-08,-4.8941833919e-08,-3.3293279879e-08
0.76557412532,1.4774487189e-08,-4.91901852585e-08,-3.35568756085e-08
0.76731802993,1.46166995175e-08,-4.94379065465e-08,-3.3821491132e-08
0.76906193455,1.44597417375e-08,-4.9684957537e-08,-3.4087138935e-08
0.77080583916,1.4303613849e-08,-4.9931343782e-08,-3.4353799627e-08
0.77254974377,1.4148290872e-08,-5.017703336e-08,-3.46214623555e-08
0.77429364839,1.39937644805e-08,-5.0422020725e-08,-3.48901506675e-08
0.776037553,1.38400069185e-08,-5.066623787e-08,-3.51598203485e-08
0.77778145761,1.368699043e-08,-5.090971672e-08,-3.54305022835e-08
0.77952536223,1.35346400755e-08,-5.1152397595e-08,-3.57021677615e-08
0.78126926684,1.3382916997e-08,-5.139424025e-08,-3.59748194195e-08
0.78301317145,1.32317434785e-08,-5.16352322e-08,-3.62484427795e-08
0.78475707607,1.30810084985e-08,-5.187531932e-08,-3.65230397535e-08
0.78650098068,1.293060381e-08,-5.2114469685e-08,-3.67985964615e-08
0.78824488529,1.27804156145e-08,-5.2352662485e-08,-3.707512464e-08
0.78998878991,1.2630313462e-08,-5.258985192e-08,-3.73525965385e-08
0.79173269452,1.24801669e-08,-5.282599358e-08,-3.7631026639e-08
0.79347659913,1.2329801069e-08,-5.306106249e-08,-3.79103924735e-08
0.79522050375,1.21790438845e-08,-5.329502395e-08,-3.81906882475e-08
0.79696440836,1.2027728813e-08,-5.3527844655e-08,-3.84719100585e-08
0.79870831297,1.1875656014e-08,-5.3759489915e-08,-3.8754057136e-08
0.80045221759,1.1722639526e-08,-5.3989940295e-08,-3.9037121728e-08
0.8021961222,1.156849061e-08,-5.4219141675e-08,-3.9321090537e-08
0.80394002681,1.14129594665e-08,-5.4447111405e-08,-3.96059588885e-08
0.80568393143,1.12558573575e-08,-5.4673764125e-08,-3.9891717526e-08
0.80742783604,1.109697334e-08,-5.48990943e-08,-4.0178378933e-08
0.80917174066,1.09360603905e-08,-5.5123096365e-08,-4.0465896994e-08
0.81091564527,1.0772918668e-08,-5.5345707185e-08,-4.075430226e-08
0.81265954988,1.06073011485e-08,-5.5566928835e-08,-4.1043568549e-08
0.8144034545,1.04389830115e-08,-5.578669332e-08,-4.13336924435e-08
0.81614735911,1.0267717232e-08,-5.6004973575e-08,-4.16246665475e-08
0.81789126372,1.00932984195e-08,-5.6221743925e-08,-4.1916493169e-08
0.81963516834,9.915490651e-09,-5.6436945395e-08,-4.22091286955e-08
0.82137907295,9.734038575e-09,-5.665054398e-08,-4.25026082185e-08
0.82312297756,9.548695168e-09,-5.6862502205e-08,-4.27969044515e-08
0.82486688218,9.3592689155e-09,-5.707274514e-08,-4.30920169255e-08
0.82661078679,9.165482262e-09,-5.7281233925e-08,-4.33879220455e-08
0.8283546914,8.967157572e-09,-5.7487929695e-08,-4.3684631582e-08
0.83009859602,8.7640061875e-09,-5.769277833e-08,-4.3982114654e-08
0.83184250063,8.555817166e-09,-5.789572849e-08,-4.42803966455e-08
0.83358640524,8.3423684625e-09,-5.8096749635e-08,-4.45794269055e-08
0.83533030986,8.1234574625e-09,-5.829576266e-08,-4.4879232506e-08
0.83707421447,7.8988260375e-09,-5.8492762025e-08,-4.51797814015e-08
0.83881811908,7.668249369e-09,-5.8687713025e-08,-4.54810866005e-08
0.8405620237,7.4315331665e-09,-5.8880568475e-08,-4.5783122104e-08
0.84230592831,7.1884498355e-09,-5.907131728e-08,-4.6085868487e-08
0.84404983292,6.938785657e-09,-5.925995389e-08,-4.63893503455e-08
0.84579373754,6.6823241385e-09,-5.944643805e-08,-4.66935305895e-08
0.84753764215,6.418884868e-09,-5.963080446e-08,-4.69984279705e-08
0.84928154677,6.148243026e-09,-5.981301704e-08,-4.73039967785e-08
0.85102545138,5.870190445e-09,-5.9993089665e-08,-4.7610259543e-08
0.85276935599,5.584571694e-09,-6.017103621e-08,-4.7917184734e-08
0.85451326061,5.2911730555e-09,-6.0346833085e-08,-4.82247787135e-08
0.85625716522,4.9898252197e-09,-6.0520524705e-08,-4.85330243035e-08
0.85800106983,4.68033944935e-09,-6.069208053e-08,-4.88419049615e-08
0.85974497445,4.362535333e-09,-6.086151305e-08,-4.9151441313e-08
0.86148887906,4.0362685416e-09,-6.102880562e-08,-4.94615795075e-08
0.86323278367,3.70138364405e-09,-6.119396795e-08,-4.9772339902e-08
0.86497668829,3.35774186235e-09,-6.1356962565e-08,-5.008369911e-08
0.8667205929,3.00521829645e-09,-6.1517775595e-08,-5.0395659025e-08
0.86846449751,2.6436908218e-09,-6.167638067e-08,-5.070820144e-08
0.87020840213,2.2730595184e-09,-6.1832734765e-08,-5.102131077e-08
0.87195230674,1.8932577728e-09,-6.198679209e-08,-5.1335009535e-08
0.87369621135,1.5042328494e-09,-6.2138516555e-08,-5.1649221825e-08
0.87544011597,1.1059347882e-09,-6.2287831835e-08,-5.1963996455e-08
0.87718402058,6.9835248695e-10,-6.24346852e-08,-5.2279305115e-08
0.87892792519,2.81505374565e-10,-6.2579044725e-08,-5.2595134465e-08
0.88067182981,-1.44573242265e-10,-6.272081049e-08,-5.291147852e-08
0.88241573442,-5.7981952575e-10,-6.2859940865e-08,-5.322830723e-08
0.88415963903,-1.02413910685e-09,-6.2996349805e-08,-5.3545629565e-08
0.88590354365,-1.4774237389e-09,-6.313000539e-08,-5.3863439465e-08
0.88764744826,-1.9395152151e-09,-6.3260825745e-08,-5.418170694e-08
0.88939135288,-2.41024145085e-09,-6.3388787275e-08,-5.4500437585e-08
0.89113525749,-2.88944423945e-09,-6.3513824755e-08,-5.481962241e-08
0.8928791621,-3.37687100505e-09,-6.3635906265e-08,-5.513922558e-08
0.89462306672,-3.87233023425e-09,-6.375499295e-08,-5.5459255745e-08
0.89636697133,-4.37556657575e-09,-6.387107926e-08,-5.577967392e-08
0.89811087594,-4.88631635155e-09,-6.3984122165e-08,-5.610052375e-08
0.89985478056,-5.4043408635e-09,-6.4094116125e-08,-5.642174562e-08
0.90159868517,-5.929334801e-09,-6.420106252e-08,-5.674335945e-08
0.90334258978,-6.4610650165e-09,-6.430493499e-08,-5.70653196e-08
0.9050864944,-6.9992456275e-09,-6.4405746015e-08,-5.738762773e-08
0.90683039901,-7.5436323855e-09,-6.450351503e-08,-5.7710300975e-08
0.90857430362,-8.09397549e-09,-6.4598222605e-08,-5.8033282135e-08
0.91031820824,-8.6500501205e-09,-6.4689884005e-08,-5.8356580045e-08
0.91206211285,-9.2116314575e-09,-6.4778485355e-08,-5.8680174835e-08
0.91380601746,-9.7784946805e-09,-6.4864022485e-08,-5.9004078085e-08
0.91554992208,-1.0350517665e-08,-6.4946506505e-08,-5.9328258795e-08
0.91729382669,-1.09274617135e-08,-6.5025936025e-08,-5.965270266e-08
0.9190377313,-1.15092158025e-08,-6.51022819e-08,-5.9977403075e-08
0.92078163592,-1.2095655033e-08,-6.517553025e-08,-6.030232489e-08
0.92252554053,-1.2686671158e-08,-6.5245676915e-08,-6.062751924e-08
0.92426944514,-1.3282161482e-08,-6.5312687205e-08,-6.0952891595e-08
0.92601334976,-1.38820677175e-08,-6.537653474e-08,-6.1278473595e-08
0.92775725437,-1.4486317701e-08,-6.543719039e-08,-6.160425774e-08
0.92950115899,-1.50948753495e-08,-6.549460835e-08,-6.1930227635e-08
0.9312450636,-1.5707707357e-08,-6.554876919e-08,-6.22563353e-08
0.93298896821,-1.63247804165e-08,-6.5599617405e-08,-6.2582613075e-08
0.93473287283,-1.69460639965e-08,-6.564710858e-08,-6.290903275e-08
0.93647677744,-1.7571555322e-08,-6.569119415e-08,-6.323557422e-08
0.93822068205,-1.82012238615e-08,-6.573186162e-08,-6.3562213365e-08
0.93996458667,-1.8835050186e-08,-6.5769047155e-08,-6.388897057e-08
0.94170849128,-1.94730120915e-08,-6.5802698015e-08,-6.4215796385e-08
0.94345239589,-2.01150818225e-08,-6.5832772565e-08,-6.4542711525e-08
0.94519630051,-2.0761203867e-08,-6.585926249e-08,-6.4869689265e-08
0.94694020512,-2.14113310415e-08,-6.588209839e-08,-6.5196691505e-08
0.94868410973,-2.20653939565e-08,-6.5901273325e-08,-6.552371795e-08
0.95042801435,-2.2723337101e-08,-6.5916706815e-08,-6.5850773985e-08
0.95217191896,-2.3385046677e-08,-6.5928415505e-08,-6.6177821345e-08
0.95391582357,-2.40504227645e-08,-6.5936379965e-08,-6.6504884765e-08
0.95565972819,-2.471932381e-08,-6.5940536365e-08,-6.683190323e-08
0.9574036328,-2.5391636016e-08,-6.5940905515e-08,-6.7158882175e-08
0.95914753741,-2.6067170644e-08,-6.593744162e-08,-6.748581327e-08
0.96089144203,-2.67457778145e-08,-6.5930134965e-08,-6.781268012e-08
0.96263534664,-2.74272299315e-08,-6.591898416e-08,-6.813945454e-08
0.96437925125,-2.8111357686e-08,-6.5903955905e-08,-6.8466146815e-08
0.96612315587,-2.8797916829e-08,-6.5885054355e-08,-6.8792717385e-08
0.96786706048,-2.948665756e-08,-6.586227119e-08,-6.91191671e-08
0.9696109651,-3.01773411815e-08,-6.583557033e-08,-6.9445467045e-08
0.97135486971,-3.08697095665e-08,-6.580496009e-08,-6.9771629575e-08
0.97309877432,-3.1563471281e-08,-6.5770427995e-08,-7.0097616825e-08
0.97484267894,-3.22583459945e-08,-6.573196709e-08,-7.0423410545e-08
0.97658658355,-3.2954064477e-08,-6.5689555185e-08,-7.074900911e-08
0.97833048816,-3.3650315867e-08,-6.564318533e-08,-7.1074397175e-08
0.98007439278,-3.4346811506e-08,-6.559282284e-08,-7.1399556805e-08
0.98181829739,-3.5043243307e-08,-6.553847326e-08,-7.1724479515e-08
0.983562202,-3.57392976325e-08,-6.54801241e-08,-7.204913862e-08
0.98530610662,-3.64346997015e-08,-6.5417742055e-08,-7.237351894e-08
0.98705001123,-3.7129135877e-08,-6.535133823e-08,-7.2697612745e-08
0.98879391584,-3.78223175e-08,-6.528087515e-08,-7.302141318e-08
0.99053782046,-3.85139503625e-08,-6.5206347265e-08,-7.3344887505e-08
0.99228172507,-3.9203754132e-08,-6.512774764e-08,-7.3668026225e-08
0.99402562968,-3.9891473458e-08,-6.5045066555e-08,-7.3990817675e-08
0.9957695343,-4.05767780485e-08,-6.495827626e-08,-7.431324829e-08
0.99751343891,-4.1259451411e-08,-6.4867372585e-08,-7.4635288225e-08
0.99925734352,-4.19392243155e-08,-6.4772362475e-08,-7.495691712e-08
1.0010012481,-4.26158330845e-08,-6.4673227885e-08,-7.527815619e-08
1.0027451528,-4.3289052898e-08,-6.4569974365e-08,-7.5598968175e-08
1.0044890574,-4.3958633955e-08,-6.4462575555e-08,-7.5919332485e-08
1.006232962,-4.4624370865e-08,-6.435104255e-08,-7.623922477e-08
1.0079768666,-4.52859777455e-08,-6.423536425e-08,-7.6558658885e-08
1.0097207712,-4.5943304716e-08,-6.411553649e-08,-7.6877586715e-08
1.0114646758,-4.6596088099e-08,-6.399153152e-08,-7.7196008775e-08
1.0132085804,-4.7244141932e-08,-6.386333684e-08,-7.751392588e-08
1.014952485,-4.78872302925e-08,-6.373095385e-08,-7.783129338e-08
1.0166963897,-4.85251755445e-08,-6.359435617e-08,-7.8148095495e-08
1.0184402943,-4.91577528685e-08,-6.3453514665e-08,-7.8464346525e-08
1.0201841989,-4.9784773526e-08,-6.3308427945e-08,-7.8779995995e-08
1.0219281035,-5.040604323e-08,-6.31590405e-08,-7.909504103e-08
1.0236720081,-5.1021387115e-08,-6.3005338445e-08,-7.940946702e-08
1.0254159127,-5.1630555385e-08,-6.2847270445e-08,-7.9723258605e-08
1.0271598173,-5.2233445345e-08,-6.268483649e-08,-8.0036414815e-08
1.028903722,-5.28298183e-08,-6.251797552e-08,-8.0348884955e-08
1.0306476266,-5.3419532685e-08,-6.234664174e-08,-8.0660669085e-08
1.0323915312,-5.400242753e-08,-6.2170835145e-08,-8.0971733765e-08
1.0341354358,-5.4578350175e-08,-6.1990493295e-08,-8.128211711e-08
1.0358793404,-5.514717294e-08,-6.180560508e-08,-8.1591753535e-08
1.037623245,-5.5708729295e-08,-6.1616144825e-08,-8.1900610195e-08
1.0393671496,-5.626294153e-08,-6.142207923e-08,-8.220873909e-08
1.0411110542,-5.6809690285e-08,-6.1223402735e-08,-8.2516064915e-08
1.0428549589,-5.7348914505e-08,-6.102008551e-08,-8.2822578985e-08
1.0445988635,-5.788053925e-08,-6.081215323e-08,-8.3128282825e-08
1.0463427681,-5.840453676e-08,-6.0599582295e-08,-8.3433156015e-08
1.0480866727,-5.892089039e-08,-6.038237063e-08,-8.373715546e-08
1.0498305773,-5.9429566825e-08,-6.016053905e-08,-8.4040327595e-08
1.0515744819,-5.993063823e-08,-5.993408825e-08,-8.434258834e-08
1.0533183865,-6.042414624e-08,-5.9703045285e-08,-8.4643944745e-08
1.0550622912,-6.091013527e-08,-5.9467407385e-08,-8.4944402045e-08
1.0568061958,-6.138872466e-08,-5.9227208555e-08,-8.5243905265e-08
1.0585501004,-6.186001156e-08,-5.8982459195e-08,-8.554245604e-08
1.060294005,-6.232414307e-08,-5.873319331e-08,-8.584004773e-08
1.0620379096,-6.2781260745e-08,-5.847938314e-08,-8.613663786e-08
1.0637818142,-6.3231522795e-08,-5.822106755e-08,-8.6432224165e-08
1.0655257188,-6.3675151265e-08,-5.795824584e-08,-8.672679302e-08
1.0672696235,-6.411231268e-08,-5.7690914545e-08,-8.702032693e-08
1.0690135281,-6.454321244e-08,-5.7419083375e-08,-8.7312797435e-08
1.0707574327,-6.4968061485e-08,-5.714273499e-08,-8.7604196555e-08
1.0725013373,-6.538706798e-08,-5.6861861055e-08,-8.7894518015e-08
1.0742452419,-6.580043732e-08,-5.657645602e-08,-8.818372901e-08
1.0759891465,-6.620838877e-08,-5.628647201e-08,-8.8471813435e-08
1.0777330511,-6.661109442e-08,-5.5991918045e-08,-8.8758740545e-08
1.0794769557,-6.7008781855e-08,-5.5692763595e-08,-8.904452203e-08
1.0812208604,-6.7401595415e-08,-5.5388973965e-08,-8.9329127965e-08
1.082964765,-6.778973216e-08,-5.5080517925e-08,-8.961253984e-08
1.0847086696,-6.817329201e-08,-5.4767375355e-08,-8.989474351e-08
1.0864525742,-6.85524415e-08,-5.4449520585e-08,-9.0175708885e-08
1.0881964788,-6.8927272225e-08,-5.41269099e-08,-9.0455439795e-08
1.0899403834,-6.929786467e-08,-5.379957452e-08,-9.073390244e-08
1.091684288,-6.966432431e-08,-5.346744575e-08,-9.1011099395e-08
1.0934281927,-7.0026670575e-08,-5.313053747e-08,-9.1286983665e-08
1.0951720973,-7.0384956195e-08,-5.278884968e-08,-9.156156379e-08
1.0969160019,-7.0739197835e-08,-5.244236434e-08,-9.1834798835e-08
1.0986599065,-7.1089398255e-08,-5.2091082835e-08,-9.210670506e-08
1.1004038111,-7.1435524165e-08,-5.1735045415e-08,-9.2377215895e-08
1.1021477157,-7.177758665e-08,-5.1374246525e-08,-9.264635879e-08
1.1038916203,-7.211553299e-08,-5.1008716695e-08,-9.2914103585e-08
1.1056355249,-7.244932987e-08,-5.0638462865e-08,-9.318042786e-08
1.1073794296,-7.277890235e-08,-5.0263518345e-08,-9.3445320725e-08
1.1091233342,-7.3104247655e-08,-4.98839330955e-08,-9.370874721e-08
1.1108672388,-7.342530195e-08,-4.949972654e-08,-9.3970703505e-08
1.1126111434,-7.3742012495e-08,-4.9110937539e-08,-9.4231185915e-08
1.114355048,-7.4054354315e-08,-4.87175980115e-08,-9.4490168635e-08
1.1160989526,-7.436230798e-08,-4.83197440395e-08,-9.474760385e-08
1.1178428572,-7.4665823525e-08,-4.7917436685e-08,-9.5003510705e-08
1.1195867619,-7.4964931485e-08,-4.7510662071e-08,-9.5257856475e-08
1.1213306665,-7.5259593e-08,-4.7099492362e-08,-9.5510641335e-08
1.1230745711,-7.5549852485e-08,-4.66839442105e-08,-9.576182179e-08
1.1248184757,-7.5835765445e-08,-4.62640273315e-08,-9.6011392565e-08
1.1265623803,-7.6117348535e-08,-4.5839795848e-08,-9.625932561e-08
1.1283062849,-7.6394676695e-08,-4.5411270577e-08,-9.650563822e-08
1.1300501895,-7.666784152e-08,-4.4978425151e-08,-9.675028946e-08
1.1317940941,-7.693698456e-08,-4.4541299815e-08,-9.69932457e-08
1.1335379988,-7.7202164105e-08,-4.4099898733e-08,-9.7234519995e-08
1.1352819034,-7.7463566115e-08,-4.3654234394e-08,-9.7474088525e-08
1.137025808,-7.7721340475e-08,-4.32043206765e-08,-9.771189672e-08
1.1387697126,-7.7975625955e-08,-4.2750115947e-08,-9.7947980455e-08
1.1405136172,-7.822662518e-08,-4.22916549005e-08,-9.818231796e-08
1.1422575218,-7.8474546305e-08,-4.18289278215e-08,-9.8414834655e-08
1.1440014264,-7.871959473e-08,-4.13619166695e-08,-9.864556828e-08
1.1457453311,-7.896198695e-08,-4.0890638098e-08,-9.8874492855e-08
1.1474892357,-7.9201950555e-08,-4.04150851675e-08,-9.9101577925e-08
1.1492331403,-7.9439729795e-08,-3.99352564905e-08,-9.9326821325e-08
1.1509770449,-7.967556892e-08,-3.94511270875e-08,-9.9550202705e-08
1.1527209495,-7.99096761e-08,-3.89627163865e-08,-9.977168716e-08
1.1544648541,-8.0142303905e-08,-3.8470050756e-08,-9.999126712e-08
1.1562087587,-8.0373696585e-08,-3.7973103828e-08,-1.0020895927e-07
1.1579526634,-8.0604092845e-08,-3.74719061335e-08,-1.0042468246e-07
1.159696568,-8.0833717495e-08,-3.69664479585e-08,-1.00638484775e-07
1.1614404726,-8.106278704e-08,-3.6456791752e-08,-1.0085031734e-07
1.1631843772,-8.129154294e-08,-3.59429180865e-08,-1.01060139715e-07
1.1649282818,-8.1520160065e-08,-3.54248672065e-08,-1.01267988905e-07
1.1666721864,-8.174887989e-08,-3.490266548e-08,-1.01473799565e-07
1.168416091,-8.197784396e-08,-3.4376335112e-08,-1.01677602075e-07
1.1701599956,-8.2207252115e-08,-3.3845930225e-08,-1.0187933558e-07
1.1719039003,-8.2437254245e-08,-3.3311477188e-08,-1.0207901872e-07
1.1736478049,-8.266799467e-08,-3.2773005143e-08,-1.02276598595e-07
1.1753917095,-8.289961495e-08,-3.2230576541e-08,-1.0247208808e-07
1.1771356141,-8.313223998e-08,-3.16842121985e-08,-1.02665457745e-07
1.1788795187,-8.3365994665e-08,-3.1133982892e-08,-1.0285670621e-07
1.1806234233,-8.360095949e-08,-3.0579910826e-08,-1.0304579667e-07
1.1823673279,-8.383723993e-08,-3.00220626135e-08,-1.0323272195e-07
1.1841112326,-8.4074941455e-08,-2.9460474338e-08,-1.03417483345e-07
1.1858551372,-8.431408627e-08,-2.88952070605e-08,-1.03600017805e-07
1.1875990418,-8.455478817e-08,-2.83262982515e-08,-1.03780368815e-07
1.1893429464,-8.479706104e-08,-2.77538131365e-08,-1.0395847072e-07
1.191086851,-8.5040990915e-08,-2.7177793349e-08,-1.0413434098e-07
1.1928307556,-8.528659723e-08,-2.6598276359e-08,-1.04307953645e-07
1.1945746602,-8.553392439e-08,-2.60153440455e-08,-1.04479271145e-07
1.1963185648,-8.578298072e-08,-2.5429018613e-08,-1.04648315215e-07
1.1980624695,-8.60337912e-08,-2.48393611235e-08,-1.04815043485e-07
1.1998063741,-8.628638082e-08,-2.42464270885e-08,-1.04979450705e-07
1.2015502787,-8.6540763445e-08,-2.3650280345e-08,-1.05141522785e-07
1.2032941833,-8.6796936305e-08,-2.30509458745e-08,-1.05301245755e-07
1.2050380879,-8.7054882745e-08,-2.24484875135e-08,-1.0545860162e-07
1.2067819925,-8.7314569465e-08,-2.18429691e-08,-1.056135466e-07
1.2085258971,-8.7575982575e-08,-2.12343864715e-08,-1.0576612584e-07
1.2102698018,-8.783908323e-08,-2.06228312205e-08,-1.0591626469e-07
1.2120137064,-8.8103779825e-08,-2.0008324164e-08,-1.0606396568e-07
1.213757611,-8.837005294e-08,-1.9390912487e-08,-1.06209252575e-07
1.2155015156,-8.8637763795e-08,-1.87706405975e-08,-1.06352079205e-07
1.2172454202,-8.8906870755e-08,-1.81475307005e-08,-1.0649240689e-07
1.2189893248,-8.917721561e-08,-1.75216230415e-08,-1.06630281075e-07
1.2207332294,-8.944867347e-08,-1.68929467635e-08,-1.06765613845e-07
1.2224771341,-8.9721111095e-08,-1.6261533786e-08,-1.06898448165e-07
1.2242210387,-8.999434531e-08,-1.56274174155e-08,-1.0702874485e-07
1.2259649433,-9.026818182e-08,-1.49906254075e-08,-1.0715651036e-07
1.2277088479,-9.054242911e-08,-1.4351195232e-08,-1.072817009e-07
1.2294527525,-9.081685959e-08,-1.3709147706e-08,-1.07404305345e-07
1.2311966571,-9.109125121e-08,-1.3064527238e-08,-1.0752435042e-07
1.2329405617,-9.1365356945e-08,-1.24173532565e-08,-1.07641762545e-07
1.2346844663,-9.1638932555e-08,-1.1767681274e-08,-1.07756583155e-07
1.236428371,-9.191167827e-08,-1.11155668005e-08,-1.078687439e-07
1.2381722756,-9.218333874e-08,-1.04610320405e-08,-1.07978268245e-07
1.2399161802,-9.2453641965e-08,-9.804118628e-09,-1.0808515445e-07
1.2416600848,-9.2722290955e-08,-9.144912605e-09,-1.08189355275e-07
1.2434039894,-9.298901926e-08,-8.4834500535e-09,-1.08290879675e-07
1.245147894,-9.325354655e-08,-7.819805914e-09,-1.0838970674e-07
1.2468917986,-9.3515578615e-08,-7.154049575e-09,-1.0848582521e-07
1.2486357033,-9.3774887855e-08,-6.486267079e-09,-1.08579201575e-07
1.2503796079,-9.4031174515e-08,-5.8165111615e-09,-1.08669859755e-07
1.2521235125,-9.428421377e-08,-5.1448845185e-09,-1.0875775361e-07
1.2538674171,-9.453377525e-08,-4.4714482117e-09,-1.0884288334e-07
1.2556113217,-9.4779620265e-08,-3.79629938595e-09,-1.0892524737e-07
1.2573552263,-9.5021540635e-08,-3.11953241015e-09,-1.0900482804e-07
1.2590991309,-9.5259378165e-08,-2.44121112215e-09,-1.09081601025e-07
1.2608430355,-9.5492946885e-08,-1.7614465442e-09,-1.09155568545e-07
1.2625869402,-9.572208859e-08,-1.080296963e-09,-1.09226714345e-07
1.2643308448,-9.594667838e-08,-3.97867849775e-10,-1.09295002075e-07
1.2660747494,-9.6166574705e-08,2.85776957655e-10,-1.09360478945e-07
1.267818654,-9.638167764e-08,9.705458659e-10,-1.09423071425e-07
1.2695625586,-9.659191502e-08,1.65638613935e-09,-1.0948279421e-07
1.2713064632,-9.6797178605e-08,2.34323671575e-09,-1.09539636095e-07
1.2730503678,-9.6997410105e-08,3.03100600175e-09,-1.0959360011e-07
1.2747942725,-9.7192565105e-08,3.7196662417e-09,-1.09644630525e-07
1.2765381771,-9.7382563125e-08,4.40913694445e-09,-1.0969277112e-07
1.2782820817,-9.756734587e-08,5.099382028e-09,-1.09737971795e-07
1.2800259863,-9.774690779e-08,5.7903654095e-09,-1.09780247105e-07
1.2817698909,-9.7921151745e-08,6.4820232515e-09,-1.0981956565e-07
1.2835137955,-9.809003887e-08,7.174330574e-09,-1.0985592007e-07
1.2852577001,-9.825353031e-08,7.8672235395e-09,-1.09889303655e-07
1.2870016047,-9.8411562235e-08,8.5606938205e-09,-1.09919730855e-07
1.2887455094,-9.856405414e-08,9.2546970085e-09,-1.09947145295e-07
1.290489414,-9.8710936645e-08,9.9491914705e-09,-1.09971564065e-07
1.2922333186,-9.885211538e-08,1.0644155002e-08,-1.0999298354e-07
1.2939772232,-9.8987473775e-08,1.13395154375e-08,-1.10011385305e-07
1.2957211278,-9.9116920225e-08,1.20352727785e-08,-1.1002674874e-07
1.2974650324,-9.9240304865e-08,1.2731368737e-08,-1.10039093565e-07
1.299208937,-9.9357500005e-08,1.34277283735e-08,-1.10048365205e-07
1.3009528417,-9.946831969e-08,1.4124335035e-08,-1.1005459961e-07
1.3026967463,-9.957261682e-08,1.4821111005e-08,-1.10057768555e-07
1.3044406509,-9.967018044e-08,1.5518014651e-08,-1.1005784978e-07
1.3061845555,-9.976084403e-08,1.62149710325e-08,-1.10054870395e-07
1.3079284601,-9.9844356395e-08,1.69119107605e-08,-1.1004879942e-07
1.3096723647,-9.992051353e-08,1.76087533445e-08,-1.10039619105e-07
1.3114162693,-9.998902678e-08,1.8305437721e-08,-1.10027341585e-07
1.313160174,-1.0004970602e-07,1.90018750735e-08,-1.100119594e-07
1.3149040786,-1.00102258425e-07,1.9697971032e-08,-1.099934261e-07
1.3166479832,-1.0014640506e-07,2.0393650657e-08,-1.09971803965e-07
1.3183918878,-1.0018189889e-07,2.10888390085e-08,-1.099470085e-07
1.3201357924,-1.0020843322e-07,2.17834139615e-08,-1.0991910941e-07
1.321879697,-1.00225755475e-07,2.2477297801e-08,-1.09888029935e-07
1.3236236016,-1.0023356034e-07,2.31703933815e-08,-1.09853792435e-07
1.3253675062,-1.00231563325e-07,2.386260356e-08,-1.09816405175e-07
1.3271114109,-1.00219482715e-07,2.4553853395e-08,-1.0977582721e-07
1.3288553155,-1.00197050655e-07,2.5244037416e-08,-1.09732088585e-07
1.3305992201,-1.00163982665e-07,2.59330640295e-08,-1.09685178475e-07
1.3323431247,-1.00120053915e-07,2.6620869398e-08,-1.0963506451e-07
1.3340870293,-1.0006496465e-07,2.7307361927e-08,-1.09581761925e-07
1.3358309339,-9.9998481715e-08,2.79924444735e-08,-1.09525259535e-07
1.3375748385,-9.9920385855e-08,2.86760781785e-08,-1.0946555924e-07
1.3393187432,-9.9830455015e-08,2.9358168674e-08,-1.0940263084e-07
1.3410626478,-9.9728489355e-08,3.00386521215e-08,-1.0933649573e-07
1.3428065524,-9.9614291815e-08,3.0717464683e-08,-1.0926714924e-07
1.344550457,-9.9487729165e-08,3.1394556399e-08,-1.09194563875e-07
1.3462943616,-9.934857381e-08,3.20698578805e-08,-1.091187656e-07
1.3480382662,-9.919675914e-08,3.27433219425e-08,-1.09039727215e-07
1.3497821708,-9.903210335e-08,3.34149014015e-08,-1.08957437735e-07
1.3515260754,-9.885453428e-08,3.40845573985e-08,-1.08871946625e-07
1.3532699801,-9.866395062e-08,3.47522038925e-08,-1.08783157555e-07
1.3550138847,-9.846026494e-08,3.541785476e-08,-1.0869116233e-07
1.3567577893,-9.8243432835e-08,3.60814128575e-08,-1.0859590937e-07
1.3585016939,-9.8013412665e-08,3.67428476535e-08,-1.0849739917e-07
1.3602455985,-9.777013782e-08,3.74021230655e-08,-1.08395627685e-07
1.3619895031,-9.7513612465e-08,3.80591697045e-08,-1.0829058902e-07
1.3637334077,-9.7243836595e-08,3.87139542645e-08,-1.0818229622e-07
1.3654773124,-9.696079356e-08,3.9366421234e-08,-1.08070745255e-07
1.367221217,-9.6664512505e-08,4.0016517877e-08,-1.07955920095e-07
1.3689651216,-9.6354996205e-08,4.06641914585e-08,-1.0783783692e-07
1.3707090262,-9.603231266e-08,4.13093698135e-08,-1.07716486435e-07
1.3724529308,-9.5696492395e-08,4.1952033514e-08,-1.07591840545e-07
1.3741968354,-9.534758122e-08,4.2592079863e-08,-1.0746395634e-07
1.37594074,-9.4985648515e-08,4.32294977595e-08,-1.0733278683e-07
1.3776846446,-9.461078032e-08,4.3864190058e-08,-1.07198334475e-07
1.3794285493,-9.4223064075e-08,4.4496106799e-08,-1.07060625795e-07
1.3811724539,-9.382256777e-08,4.51251730425e-08,-1.06919642795e-07
1.3829163585,-9.3409434355e-08,4.57513193995e-08,-1.0677535613e-07
1.3846602631,-9.2983756805e-08,4.6374465379e-08,-1.06627839095e-07
1.3864041677,-9.25456739e-08,4.6994563796e-08,-1.0647702168e-07
1.3881480723,-9.2095329975e-08,4.7611564691e-08,-1.0632293075e-07
1.3898919769,-9.163289433e-08,4.82253431635e-08,-1.0616559957e-07
1.3916358816,-9.115853211e-08,4.88358797845e-08,-1.06004968715e-07
1.3933797862,-9.0672416795e-08,4.9443082961e-08,-1.0584107342e-07
1.3951236908,-9.0174752385e-08,5.0046888855e-08,-1.0567392776e-07
1.3968675954,-8.9665724845e-08,5.064721975e-08,-1.05503501355e-07
1.3986115,-8.914559785e-08,5.124400626e-08,-1.0532980505e-07
1.4003554046,-8.8614572625e-08,5.1837198425e-08,-1.0515287213e-07
1.4020993092,-8.80729073e-08,5.242670742e-08,-1.04972672765e-07
1.4038432139,-8.7520841965e-08,5.301248329e-08,-1.04789193735e-07
1.4055871185,-8.6958661105e-08,5.35944622e-08,-1.04602481935e-07
1.4073310231,-8.638661453e-08,5.4172583085e-08,-1.0441253231e-07
1.4090749277,-8.580497701e-08,5.4746790435e-08,-1.04219321715e-07
1.4108188323,-8.5214024725e-08,5.5317034285e-08,-1.0402286807e-07
1.4125627369,-8.4614035225e-08,5.588325358e-08,-1.0382318721e-07
1.4143066415,-8.40053041e-08,5.644539003e-08,-1.0362026563e-07
1.4160505461,-8.3388103365e-08,5.7003399225e-08,-1.03414114085e-07
1.4177944508,-8.276269947e-08,5.755723398e-08,-1.03204743455e-07
1.4195383554,-8.2129367195e-08,5.810684711e-08,-1.02992163945e-07
1.42128226,-8.1488339685e-08,5.865218866e-08,-1.0277636211e-07
1.4230261646,-8.0839880625e-08,5.919322532e-08,-1.0255732889e-07
1.4247700692,-8.018424813e-08,5.972990158e-08,-1.02335122705e-07
1.4265139738,-7.9521644825e-08,6.0262195235e-08,-1.0210971088e-07
1.4282578784,-7.8852271935e-08,6.079005077e-08,-1.01881101795e-07
1.4300017831,-7.8176351505e-08,6.131342656e-08,-1.0164932252e-07
1.4317456877,-7.749404868e-08,6.1832267085e-08,-1.01414342855e-07
1.4334895923,-7.68055744e-08,6.2346589005e-08,-1.0117621354e-07
1.4352334969,-7.6111027895e-08,6.285628129e-08,-1.00934897955e-07
1.4369774015,-7.5410594435e-08,6.3361357825e-08,-1.006904518e-07
1.4387213061,-7.47044121e-08,6.386174922e-08,-1.0044284481e-07
1.4404652107,-7.3992569015e-08,6.4357413845e-08,-1.00192097095e-07
1.4422091153,-7.327520257e-08,6.484833226e-08,-9.9938227465e-08
1.44395302,-7.255240575e-08,6.533440733e-08,-9.9681231355e-08
1.4456969246,-7.1824268755e-08,6.581561962e-08,-9.942111079e-08
1.4474408292,-7.109089706e-08,6.629194138e-08,-9.9157902985e-08
1.4491847338,-7.0352373925e-08,6.6763292115e-08,-9.8891577915e-08
1.4509286384,-6.9608790955e-08,6.7229630195e-08,-9.8622178685e-08
1.452672543,-6.8860227245e-08,6.7690908435e-08,-9.8349682035e-08
1.4544164476,-6.8106807695e-08,6.814705189e-08,-9.807415931e-08
1.4561603523,-6.734861835e-08,6.8598010605e-08,-9.779554042e-08
1.4579042569,-6.6585756355e-08,6.9043742945e-08,-9.7513889175e-08
1.4596481615,-6.581835632e-08,6.948418507e-08,-9.7229221415e-08
1.4613920661,-6.5046545925e-08,6.991924262e-08,-9.694151087e-08
1.4631359707,-6.4270454235e-08,7.0348907255e-08,-9.6650795295e-08
1.4648798753,-6.3490240845e-08,7.0773073515e-08,-9.6357079655e-08
1.4666237799,-6.270607228e-08,7.1191719185e-08,-9.606036918e-08
1.4683676846,-6.191812618e-08,7.1604763785e-08,-9.576066669e-08
1.4701115892,-6.112661072e-08,7.201219343e-08,-9.5458046885e-08
1.4718554938,-6.03317285e-08,7.24138971e-08,-9.5152430485e-08
1.4735993984,-5.9533697415e-08,7.280986647e-08,-9.4843897375e-08
1.475343303,-5.8732789465e-08,7.320003492e-08,-9.453242917e-08
1.4770872076,-5.792923641e-08,7.3584349725e-08,-9.421806114e-08
1.4788311122,-5.71233158e-08,7.396280255e-08,-9.390078624e-08
1.4805750168,-5.6315280215e-08,7.433532123e-08,-9.3580634835e-08
1.4823189215,-5.5505457175e-08,7.4701878015e-08,-9.3257604355e-08
1.4840628261,-5.469416031e-08,7.5062447925e-08,-9.2931728455e-08
1.4858067307,-5.388165053e-08,7.541699487e-08,-9.260301998e-08
1.4875506353,-5.306827894e-08,7.576548833e-08,-9.227148758e-08
1.4892945399,-5.2254364725e-08,7.6107919965e-08,-9.193713209e-08
1.4910384445,-5.1440209035e-08,7.644425093e-08,-9.1599993615e-08
1.4927823491,-5.062617686e-08,7.6774464565e-08,-9.1260071995e-08
1.4945262538,-4.9812563796e-08,7.7098569195e-08,-9.0917393065e-08
1.4962701584,-4.89997320495e-08,7.7416534295e-08,-9.0571975175e-08
1.498014063,-4.81879466885e-08,7.7728323775e-08,-9.022381662e-08
1.4997579676,-4.7377574086e-08,7.803395985e-08,-8.9872959735e-08
1.5015018722,-4.65689042885e-08,7.83333981e-08,-8.9519403945e-08
1.5032457768,-4.57622245655e-08,7.8626663515e-08,-8.9163191575e-08
1.5049896814,-4.49578471675e-08,7.8913706125e-08,-8.880428702e-08
1.506733586,-4.41560468745e-08,7.9194545365e-08,-8.844276762e-08
1.5084774907,-4.3357062385e-08,7.946910907e-08,-8.807863338e-08
1.5102213953,-4.2561194846e-08,7.973741667e-08,-8.771188993e-08
1.5119652999,-4.176863716e-08,7.999946261e-08,-8.734256151e-08
1.5137092045,-4.09796446775e-08,8.0255202485e-08,-8.697066688e-08
1.5154531091,-4.0194392259e-08,8.0504602985e-08,-8.6596236005e-08
1.5171970137,-3.94130714175e-08,8.0747641905e-08,-8.621927743e-08
1.5189409183,-3.86358708915e-08,8.0984297045e-08,-8.583982868e-08
1.520684823,-3.78629336215e-08,8.121452677e-08,-8.5457876735e-08
1.5224287276,-3.7094388672e-08,8.1438303325e-08,-8.507347349e-08
1.5241726322,-3.6330335962e-08,8.1655612825e-08,-8.468662898e-08
1.5259165368,-3.55709017795e-08,8.1866366465e-08,-8.429735829e-08
1.5276604414,-3.4816163841e-08,8.207057811e-08,-8.390569436e-08
1.529404346,-3.40661651665e-08,8.226819226e-08,-8.351164159e-08
1.5311482506,-3.3320973758e-08,8.2459214455e-08,-8.311525045e-08
1.5328921552,-3.2580621534e-08,8.2643550335e-08,-8.271651378e-08
1.5346360599,-3.1845125148e-08,8.282122488e-08,-8.231547846e-08
1.5363799645,-3.1114515131e-08,8.299215759e-08,-8.1912160835e-08
1.5381238691,-3.0388742911e-08,8.3156398435e-08,-8.150655786e-08
1.5398677737,-2.96678362435e-08,8.3313850265e-08,-8.109873922e-08
1.5416116783,-2.89517479435e-08,8.346453806e-08,-8.068868359e-08
1.5433555829,-2.82404211125e-08,8.3608434065e-08,-8.0276437215e-08
1.5450994875,-2.75338390975e-08,8.3745524405e-08,-7.986203123e-08
1.5468433922,-2.6831928346e-08,8.38758063e-08,-7.944548843e-08
1.5485872968,-2.61346333465e-08,8.3999252e-08,-7.9026802775e-08
1.5503312014,-2.54418763835e-08,8.411587815e-08,-7.8606026865e-08
1.552075106,-2.47535783535e-08,8.422569586e-08,-7.818321409e-08
1.5538190106,-2.4069654603e-08,8.432869125e-08,-7.7758339425e-08
1.5555629152,-2.33900121495e-08,8.442487265e-08,-7.733143849e-08
1.5573068198,-2.27145385835e-08,8.4514231725e-08,-7.6902541575e-08
1.5590507245,-2.20431492505e-08,8.4596771255e-08,-7.647170178e-08
1.5607946291,-2.1375720638e-08,8.4672507895e-08,-7.603889642e-08
1.5625385337,-2.07121306215e-08,8.4741463845e-08,-7.560421036e-08
1.5642824383,-2.00522667915e-08,8.480361968e-08,-7.5167612475e-08
1.5660263429,-1.9395968165e-08,8.485899483e-08,-7.472917733e-08
1.5677702475,-1.8743133434e-08,8.4907569865e-08,-7.4288907895e-08
1.5695141521,-1.80935919025e-08,8.4949372535e-08,-7.384683841e-08
1.5712580567,-1.7447229772e-08,8.4984411175e-08,-7.3402992445e-08
1.5730019614,-1.6803831937e-08,8.50126608e-08,-7.295739639e-08
1.574745866,-1.61633095795e-08,8.5034163045e-08,-7.251008593e-08
1.5764897706,-1.5525461472e-08,8.50488735e-08,-7.206109762e-08
1.5782336752,-1.4890132183e-08,8.5056822695e-08,-7.161046555e-08
1.5799775798,-1.4257171832e-08,8.505800786e-08,-7.1158180215e-08
1.5817214844,-1.3626383355e-08,8.5052412335e-08,-7.070430459e-08
1.583465389,-1.2997632137e-08,8.504005833e-08,-7.024884658e-08
1.5852092937,-1.2370733604e-08,8.502090698e-08,-6.979189495e-08
1.5869531983,-1.17455309365e-08,8.4995008255e-08,-6.933338099e-08
1.5886971029,-1.1121867316e-08,8.4962306635e-08,-6.887342584e-08
1.5904410075,-1.04996025765e-08,8.4922852085e-08,-6.84120156e-08
1.5921849121,-9.878582674e-09,8.487659464e-08,-6.79491949e-08
1.5939288167,-9.258660505e-09,8.482358149e-08,-6.7484999365e-08
1.5956727213,-8.6397111685e-09,8.4763782105e-08,-6.701942428e-08
1.5974166259,-8.021625031e-09,8.4697240885e-08,-6.6552559585e-08
1.5991605306,-7.404267477e-09,8.462394119e-08,-6.6084390345e-08
1.6009044352,-6.787563567e-09,8.454387468e-08,-6.561497782e-08
1.6026483398,-6.1714314215e-09,8.445705524e-08,-6.5144336985e-08
1.6043922444,-5.555758631e-09,8.4363538375e-08,-6.4672499975e-08
1.606136149,-4.94048274515e-09,8.4263299115e-08,-6.419951574e-08
1.6078800536,-4.32560515185e-09,8.415637631e-08,-6.372542975e-08
1.6096239582,-3.71101621655e-09,8.4042758865e-08,-6.325022103e-08
1.6113678629,-3.09672842925e-09,8.3922505055e-08,-6.2773975755e-08
1.6131117675,-2.482709871e-09,8.3795601015e-08,-6.2296699375e-08
1.6148556721,-1.8689189085e-09,8.3662107795e-08,-6.181845072e-08
1.6165995767,-1.25535415395e-09,8.352203651e-08,-6.1339239125e-08
1.6183434813,-6.420128318e-10,8.3375409355e-08,-6.085911357e-08
1.6200873859,-2.890049311e-11,8.322225964e-08,-6.03781269e-08
1.6218312905,5.839870254e-10,8.30626401e-08,-5.989627429e-08
1.6235751952,1.1966538871e-09,8.2896575715e-08,-5.9413612185e-08
1.6253190998,1.80911396975e-09,8.272407759e-08,-5.893016334e-08
1.6270630044,2.42136657945e-09,8.2545204005e-08,-5.8445997365e-08
1.628806909,3.03342420625e-09,8.2359993825e-08,-5.796112504e-08
1.6305508136,3.64532015685e-09,8.2168480355e-08,-5.7475568975e-08
1.6322947182,4.25706900285e-09,8.1970721875e-08,-5.6989390925e-08
1.6340386228,4.8687207044e-09,8.1766732275e-08,-5.6502617475e-08
1.6357825274,5.480303711e-09,8.1556561505e-08,-5.6015288295e-08
1.6375264321,6.091918636e-09,8.134029006e-08,-5.552744344e-08
1.6392703367,6.7036272365e-09,8.111790961e-08,-5.5039114375e-08
1.6410142413,7.3155141665e-09,8.0889484e-08,-5.455033993e-08
1.6427581459,7.927693918e-09,8.0655054855e-08,-5.406115555e-08
1.6445020505,8.540271962e-09,8.041467492e-08,-5.3571593635e-08
1.6462459551,9.1533981785e-09,8.016838027e-08,-5.308172427e-08
1.6479898597,9.7672099575e-09,7.991619311e-08,-5.259154924e-08
1.6497337644,1.0381859955e-08,7.965820503e-08,-5.210111786e-08
1.651477669,1.0997530664e-08,7.9394407715e-08,-5.161046447e-08
1.6532215736,1.16144142915e-08,7.9124876095e-08,-5.1119641345e-08
1.6549654782,1.2232644758e-08,7.8849629605e-08,-5.0628685555e-08
1.6567093828,1.28524649255e-08,7.85687182e-08,-5.01376279e-08
1.6584532874,1.34740767155e-08,7.828219184e-08,-4.96464918335e-08
1.660197192,1.40976431915e-08,7.7990064405e-08,-4.91553603835e-08
1.6619410966,1.4723424563e-08,7.769236088e-08,-4.86642396075e-08
1.6636850013,1.53516130365e-08,7.7389167295e-08,-4.8173172069e-08
1.6654289059,1.59823827785e-08,7.7080469785e-08,-4.76822188565e-08
1.6671728105,1.6615970405e-08,7.676634606e-08,-4.71913931805e-08
1.6689167151,1.7252555634e-08,7.644679334e-08,-4.6700754078e-08
1.6706606197,1.7892347326e-08,7.612186159e-08,-4.62103304625e-08
1.6724045243,1.8535520341e-08,7.579158412e-08,-4.572016669e-08
1.6741484289,1.91822391305e-08,7.5455991455e-08,-4.5230309148e-08
1.6758923336,1.98326681465e-08,7.5115128005e-08,-4.47408000655e-08
1.6776362382,2.04869572695e-08,7.4769054835e-08,-4.4251656035e-08
1.6793801428,2.11452355625e-08,7.4417758065e-08,-4.37629560375e-08
1.6811240474,2.1807619599e-08,7.4061334845e-08,-4.3274715552e-08
1.682867952,2.24742273405e-08,7.369980737e-08,-4.2786986128e-08
1.6846118566,2.3145111522e-08,7.333322838e-08,-4.22997994475e-08
1.6863557612,2.38203547165e-08,7.296165616e-08,-4.18132066415e-08
1.6880996658,2.4500002027e-08,7.2585121245e-08,-4.1327242206e-08
1.6898435705,2.51840992505e-08,7.220370135e-08,-4.08419537055e-08
1.6915874751,2.58726137735e-08,7.1817440885e-08,-4.03573851215e-08
1.6933313797,2.6565563638e-08,7.1426389805e-08,-3.98735709065e-08
1.6950752843,2.72629335775e-08,7.1030650805e-08,-3.939056028e-08
1.6968191889,2.796465004e-08,7.0630279405e-08,-3.89084013785e-08
1.6985630935,2.8670654739e-08,7.0225336655e-08,-3.84271199205e-08
1.7003069981,2.93808810615e-08,6.9815861425e-08,-3.79467703775e-08
1.7020509028,3.00952221475e-08,6.9401975835e-08,-3.7467395702e-08
1.7037948074,3.0813553098e-08,6.8983713185e-08,-3.6989023325e-08
1.705538712,3.153576289e-08,6.8561167855e-08,-3.6511714273e-08
1.7072826166,3.2261705807e-08,6.8134412e-08,-3.60354866765e-08
1.7090265212,3.2991211152e-08,6.770350114e-08,-3.55604233725e-08
1.7107704258,3.3724115167e-08,6.726850188e-08,-3.5086540598e-08
1.7125143304,3.44602416045e-08,6.6829494715e-08,-3.46138814605e-08
1.7142582351,3.51994086655e-08,6.6386537935e-08,-3.4142494299e-08
1.7160021397,3.59414178975e-08,6.5939712025e-08,-3.36724288615e-08
1.7177460443,3.6686058358e-08,6.548905862e-08,-3.3203716256e-08
1.7194899489,3.74331315945e-08,6.503466099e-08,-3.27363999605e-08
1.7212338535,3.81824113995e-08,6.457658852e-08,-3.22705322235e-08
1.7229777581,3.89336590745e-08,6.4114860645e-08,-3.180614635e-08
1.7247216627,3.9686692821e-08,6.364956895e-08,-3.1343302678e-08
1.7264655673,4.04412558995e-08,6.318078005e-08,-3.0882023095e-08
1.728209472,4.1197137368e-08,6.270851338e-08,-3.0422365554e-08
1.7299533766,4.1954077712e-08,6.2232852205e-08,-2.9964375524e-08
1.7316972812,4.2711875703e-08,6.1753874235e-08,-2.9508073395e-08
1.7334411858,4.34703092965e-08,6.127160723e-08,-2.9053525343e-08
1.7351850904,4.4229120366e-08,6.078612058e-08,-2.8600775806e-08
1.736928995,4.4988074377e-08,6.0297455915e-08,-2.81498589645e-08
1.7386728996,4.5746988142e-08,5.9805710385e-08,-2.7700818339e-08
1.7404168043,4.65055938205e-08,5.9310911735e-08,-2.72536993775e-08
1.7421607089,4.72636679795e-08,5.88131599e-08,-2.6808535785e-08
1.7439046135,4.8021005228e-08,5.8312479845e-08,-2.63654006245e-08
1.7456485181,4.87773751945e-08,5.7808993705e-08,-2.5924301711e-08
1.7473924227,4.9532554447e-08,5.730272923e-08,-2.54853013405e-08
1.7491363273,5.0286336205e-08,5.679377524e-08,-2.5048438846e-08
1.7508802319,5.1038488715e-08,5.6282223325e-08,-2.46137589295e-08
1.7526241365,5.178883017e-08,5.5768109575e-08,-2.41813043805e-08
1.7543680412,5.253713714e-08,5.5251558885e-08,-2.3751114113e-08
1.7561119458,5.328321395e-08,5.4732621215e-08,-2.33232375355e-08
1.7578558504,5.4026841335e-08,5.4211396485e-08,-2.28977134855e-08
1.759599755,5.47678472e-08,5.3687934655e-08,-2.24745872035e-08
1.7613436596,5.550604143e-08,5.3162355075e-08,-2.20538951845e-08
1.7630875642,5.6241251935e-08,5.263473546e-08,-2.1635690536e-08
1.7648314688,5.6973289975e-08,5.210513687e-08,-2.1220004932e-08
1.7665753735,5.770200151e-08,5.1573650905e-08,-2.08068836055e-08
1.7683192781,5.8427228335e-08,5.1040394135e-08,-2.03963853155e-08
1.7700631827,5.9148819175e-08,5.050540264e-08,-1.9988524076e-08
1.7718070873,5.9866656075e-08,4.9968762461e-08,-1.9583357283e-08
1.7735509919,6.0580565565e-08,4.9430587401e-08,-1.9180936693e-08
1.7752948965,6.129043939e-08,4.8890924642e-08,-1.8781280696e-08
1.7770388011,6.1996173475e-08,4.83498435735e-08,-1.8384453591e-08
1.7787827058,6.2697666505e-08,4.78074579925e-08,-1.79904690495e-08
1.7805266104,6.3394804685e-08,4.72638039815e-08,-1.7599399072e-08
1.782270515,6.408751585e-08,4.67189731345e-08,-1.72112686125e-08
1.7840144196,6.4775705635e-08,4.61730126355e-08,-1.6826128101e-08
1.7857583242,6.5459296315e-08,4.56260307315e-08,-1.6443993532e-08
1.7875022288,6.613824627e-08,4.5078088484e-08,-1.6064942924e-08
1.7892461334,6.6812469445e-08,4.4529230303e-08,-1.56889799025e-08
1.790990038,6.748190201e-08,4.3979556108e-08,-1.53161734155e-08
1.7927339427,6.814650927e-08,4.34291269615e-08,-1.49465520555e-08
1.7944778473,6.8806225995e-08,4.28779955985e-08,-1.45801536515e-08
1.7962217519,6.9460953655e-08,4.2326234184e-08,-1.42170154075e-08
1.7979656565,7.011070474e-08,4.17739232095e-08,-1.3857177523e-08
1.7997095611,7.075537656e-08,4.1221095981e-08,-1.35006864915e-08
1.8014534657,7.1394924695e-08,4.0667852419e-08,-1.31475695035e-08
1.8031973703,7.2029246455e-08,4.01142480345e-08,-1.27978888955e-08
1.804941275,7.265830021e-08,3.9560371645e-08,-1.2451648207e-08
1.8066851796,7.3281973545e-08,3.90062399045e-08,-1.21089077435e-08
1.8084290842,7.3900201235e-08,3.84519693865e-08,-1.17696941175e-08
1.8101729888,7.4512851445e-08,3.78976072745e-08,-1.14340573845e-08
1.8119168934,7.511981315e-08,3.7343220183e-08,-1.1102021555e-08
1.813660798,7.572098504e-08,3.6788883051e-08,-1.07736264925e-08
1.8154047026,7.6316215845e-08,3.6234640288e-08,-1.044891639e-08
1.8171486072,7.690536402e-08,3.56806167945e-08,-1.01279094715e-08
1.8188925119,7.748827552e-08,3.51268403255e-08,-9.8106549135e-09
1.8206364165,7.8064807395e-08,3.457338027e-08,-9.497185833e-09
1.8223803211,7.8634761205e-08,3.4020336548e-08,-9.1875372795e-09
1.8241242257,7.9197974565e-08,3.3467761895e-08,-8.881740643e-09
1.8258681303,7.975427818e-08,3.2915753456e-08,-8.5798305125e-09
1.8276120349,8.0303454165e-08,3.23643639665e-08,-8.2818367285e-09
1.8293559395,8.0845340145e-08,3.18136794685e-08,-7.9877961305e-09
1.8310998442,8.1379746e-08,3.1263777678e-08,-7.6977398015e-09
1.8328437488,8.1906459395e-08,3.0714703003e-08,-7.4116972325e-09
1.8345876534,8.2425320735e-08,3.01665775695e-08,-7.129705417e-09
1.836331558,8.293612047e-08,2.9619484643e-08,-6.8517887475e-09
1.8380754626,8.343870317e-08,2.9073460306e-08,-6.577979063e-09
1.8398193672,8.3932882865e-08,2.8528615581e-08,-6.308308545e-09
1.8415632718,8.441851662e-08,2.79849921015e-08,-6.0428080045e-09
1.8433071764,8.4895442065e-08,2.7442742523e-08,-5.781502136e-09
1.8450510811,8.5363528745e-08,2.69018918255e-08,-5.524416585e-09
1.8467949857,8.5822648985e-08,2.63625482555e-08,-5.2715952695e-09
1.8485388903,8.627270981e-08,2.5824803407e-08,-5.0230447625e-09
1.8502827949,8.671363766e-08,2.5288721117e-08,-4.7787944607e-09
1.8520266995,8.714534233e-08,2.4754409633e-08,-4.5388773467e-09
1.8537706041,8.756777248e-08,2.42219216905e-08,-4.3033154379e-09
1.8555145087,8.798090312e-08,2.36913433315e-08,-4.0721257716e-09
1.8572584134,8.838473703e-08,2.3162768925e-08,-3.8453396444e-09
1.859002318,8.877928115e-08,2.26362900645e-08,-3.6229879408e-09
1.8607462226,8.9164550745e-08,2.21119733635e-08,-3.4050723762e-09
1.8624901272,8.954062214e-08,2.15899076395e-08,-3.19162922895e-09
1.8642340318,8.9907535585e-08,2.1070178935e-08,-2.98267339825e-09
1.8659779364,9.02654132e-08,2.05528538635e-08,-2.7782330085e-09
1.867721841,9.0614350745e-08,2.0038004589e-08,-2.5783132388e-09
1.8694657457,9.095451198e-08,1.9525725481e-08,-2.3829362664e-09
1.8712096503,9.1286009305e-08,1.9016085928e-08,-2.1921232367e-09
1.8729535549,9.160902037e-08,1.85091747485e-08,-2.0058876531e-09
1.8746974595,9.192374917e-08,1.8005022473e-08,-1.8242432382e-09
1.8764413641,9.2230394155e-08,1.75037734305e-08,-1.64721061125e-09
1.8781852687,9.2529164885e-08,1.70054526015e-08,-1.47479672355e-09
1.8799291733,9.282027924e-08,1.65101488035e-08,-1.3070155143e-09
1.8816730779,9.3104009225e-08,1.60179342015e-08,-1.14387850755e-09
1.8834169826,9.3380586595e-08,1.5528892061e-08,-9.853949795e-10
1.8851608872,9.365029585e-08,1.50430889965e-08,-8.3158527175e-10
1.8869047918,9.3913389565e-08,1.4560624928e-08,-6.824400203e-10
1.8886486964,9.4170136965e-08,1.4081558142e-08,-5.379719423e-10
1.890392601,9.442086557e-08,1.36059608025e-08,-3.9819588709e-10
1.8921365056,9.466582379e-08,1.31339439325e-08,-2.6310797994e-10
1.8938804102,9.4905318325e-08,1.26655713695e-08,-1.3270882922e-10
1.8956243149,9.5139632285e-08,1.22009125025e-08,-7.0063086765e-12
1.8973682195,9.536908624e-08,1.1740070027e-08,1.13997780905e-10
1.8991121241,9.5593941095e-08,1.1283105006e-08,2.3030591466e-10
1.9008560287,9.581451188e-08,1.0830114583e-08,3.4192375081e-10
1.9025999333,9.6031095575e-08,1.0381201454e-08,4.4884411159e-10
1.9043438379,9.6243976675e-08,9.9364461105e-09,5.5108801085e-10
1.9060877425,9.6453429965e-08,9.4959012875e-09,6.4864190965e-10
1.9078316471,9.6659745485e-08,9.059669681e-09,7.4152955625e-10
1.9095755518,9.6863199405e-08,8.627859538e-09,8.297532568e-10
1.9113194564,9.7064066505e-08,8.20053192e-09,9.133249179e-10
1.913063361,9.726262018e-08,7.77777287e-09,9.9226017825e-10
1.9148072656,9.745910745e-08,7.3596906345e-09,1.06656470735e-09
1.9165511702,9.765379616e-08,6.9463129695e-09,1.13626217805e-09
1.9182950748,9.7846931945e-08,6.537784203e-09,1.20136753055e-09
1.9200389794,9.8038777095e-08,6.1341487445e-09,1.2619023064e-09
1.9217828841,9.8229548105e-08,5.735514841e-09,1.3178823254e-09
1.9235267887,9.8419496165e-08,5.3419407785e-09,1.3693353355e-09
1.9252706933,9.8608841925e-08,4.95352370235e-09,1.41629238325e-09
1.9270145979,9.8797794945e-08,4.57034687875e-09,1.4587680539e-09
1.9287585025,9.8986598085e-08,4.1924547167e-09,1.49680149925e-09
1.9305024071,9.9175451185e-08,3.8199776675e-09,1.5304203615e-09
1.9322463117,9.936454437e-08,3.4529823445e-09,1.55966191185e-09
1.9339902164,9.9554108015e-08,3.09152148325e-09,1.58455933035e-09
1.935734121,9.9744314195e-08,2.73570333055e-09,1.6051532895e-09
1.9374780256,9.9935355825e-08,2.38563058195e-09,1.62148374545e-09
1.9392219302,1.00127431345e-07,2.0413448709e-09,1.63359578775e-09
1.9409658348,1.0032070452e-07,1.70297387305e-09,1.6415377568e-09
1.9427097394,1.00515341885e-07,1.37058142615e-09,1.6453551874e-09
1.944453644,1.0071155021e-07,1.0442535725e-09,1.64510198665e-09
1.9461975486,1.00909454405e-07,7.2410133445e-10,1.6408285695e-09
1.9479414533,1.0110922377e-07,4.10207978695e-10,1.6326046047e-09
1.9496853579,1.0131101652e-07,1.02653996415e-10,1.62047453895e-09
1.9514292625,1.01514968655e-07,-1.9844403898e-10,1.60451635185e-09
1.9531731671,1.01721227275e-07,-4.92983431855e-10,1.58479164695e-09
1.9549170717,1.0192994365e-07,-7.8088369105e-10,1.5613692374e-09
1.9566609763,1.021412413e-07,-1.0620171409e-09,1.53432592515e-09
1.9584048809,1.02355249275e-07,-1.3362727591e-09,1.5037411661e-09
1.9601487856,1.02572125795e-07,-1.6035450745e-09,1.46969624145e-09
1.9618926902,1.0279196938e-07,-1.86373139145e-09,1.4322728625e-09
1.9636365948,1.03014907715e-07,-2.1167401165e-09,1.391563161e-09
1.9653804994,1.03241065695e-07,-2.36242136965e-09,1.3476631575e-09
1.967124404,1.034705821e-07,-2.60068633295e-09,1.30066549065e-09
1.9688683086,1.0370357628e-07,-2.83139900415e-09,1.25067832075e-09
1.9706122132,1.0394017036e-07,-3.0544733409e-09,1.1978067624e-09
1.9723561178,1.0418049201e-07,-3.2697317076e-09,1.1421630411e-09
1.9741000225,1.04424716095e-07,-3.47710471525e-09,1.0838620836e-09
1.9758439271,1.0467293976e-07,-3.67647856605e-09,1.0230297134e-09
1.9775878317,1.04925304555e-07,-3.8676839509e-09,9.5979232285e-10
1.9793317363,1.0518199922e-07,-4.05063482755e-09,8.942809869e-10
1.9810756409,1.05443137555e-07,-4.22519241815e-09,8.26637514e-10
1.9828195455,1.0570890552e-07,-4.39124292485e-09,7.570062993e-10
1.9845634501,1.0597946687e-07,-4.54865034525e-09,6.855376482e-10
1.9863073548,1.06255004795e-07,-4.6972814527e-09,6.1239101135e-10
1.9880512594,1.0653571081e-07,-4.83703355145e-09,5.3773006945e-10
1.989795164,1.06821751445e-07,-4.96777896595e-09,4.6172757705e-10
1.9915390686,1.0711334597e-07,-5.0893650405e-09,3.8456270473e-10
1.9932829732,1.0741069423e-07,-5.201661324e-09,3.06421821725e-10
1.9950268778,1.07713996055e-07,-5.3045651205e-09,2.27500884235e-10
1.9967707824,1.0802347905e-07,-5.397909897e-09,1.48003218915e-10
1.998514687,1.08339329175e-07,-5.4815846305e-09,6.814126032e-11
2.0000842012,1.0862925004e-07,-5.548525528e-09,-3.8630875057e-12
