8.7195230674e-05,5.551115123e-12,-3.3578806402e-09,-3.82933752005e-17
0.0017439046135,3.2278255069e-08,-2.87519592245e-05,-1.3104646394e-10
0.003487809227,4.13209882975e-08,-0.000154560828635,-2.81538706975e-09
0.0052317138404,-4.3479467249e-08,-0.000348940773145,-1.42887224365e-08
0.0069756184539,-2.0389198663e-08,-0.00061072709085,-4.44208122935e-08
0.0087195230674,2.19104623335e-08,-0.00095718153995,-1.0868596742e-07
0.010463427681,-6.4805411035e-09,-0.0013827466084,-2.2589350613e-07
0.012207332294,-8.8617307935e-09,-0.0018847992016,-4.18734717715e-07
0.013951236908,6.631545313e-09,-0.00246703486025,-7.152401482e-07
0.015695141521,-1.95901628255e-10,-0.00312932152095,-1.14722953275e-06
0.017439046135,-3.588526698e-09,-0.00387122907325,-1.750580701e-06
0.019182950748,4.76726991215e-10,-0.0046937896271,-2.56602021785e-06
0.020926855362,-7.0086436655e-10,-0.005597447779,-3.63848933115e-06
0.022670759975,-1.84058601695e-09,-0.0065824285155,-5.0171670635e-06
0.024414664589,-9.902384468e-10,-0.007649241648,-6.755802806e-06
0.026158569202,-1.64505353785e-09,-0.0087983008305,-8.912515638e-06
0.027902473816,-2.04875283405e-09,-0.010029959022,-1.1549793832e-05
0.029646378429,-1.2823742068e-09,-0.0113446327555,-1.47346281875e-05
0.031390283043,-1.48857037805e-09,-0.012742696366,-1.85384188825e-05
0.033134187656,-2.95851954045e-09,-0.014224473013,-2.30369426865e-05
0.03487809227,-4.0457415196e-09,-0.015790307017,-2.83104509345e-05
0.036621996883,-3.5730474135e-09,-0.0174405644685,-3.4443698026e-05
0.038365901497,-1.71606062695e-09,-0.0191755960515,-4.152589138e-05
0.04010980611,6.622480342e-11,-0.0209957135225,-4.9650631886e-05
0.041853710724,1.4735990206e-10,-0.022901188851,-5.891588116e-05
0.043597615337,-1.7515960904e-09,-0.024892276782,-6.9423987865e-05
0.045341519951,-4.25226798215e-09,-0.0269692400775,-8.12817473e-05
0.047085424564,-5.3408305555e-09,-0.0291323529845,-9.4600423295e-05
0.048829329177,-3.7213149229e-09,-0.0313818831,-0.000109495700695
0.050573233791,3.4544866967e-10,-0.03371806815,-0.00012608759289
0.052317138404,5.1253556955e-09,-0.0361411026555,-0.00014450035186
0.054061043018,8.2890472265e-09,-0.038651140311,-0.000164862419965
0.055804947631,8.021838749e-09,-0.041248308099,-0.000187306433435
0.057548852245,3.79864195655e-09,-0.043932723151,-0.000211969257895
0.059292756858,-3.45362627385e-09,-0.0467045047755,-0.000238992025395
0.061036661472,-1.17696796755e-08,-0.0495637782355,-0.000268520147035
0.062780566085,-1.88775800545e-08,-0.052510670355,-0.000300703286125
0.064524470699,-2.29228941385e-08,-0.055545299125,-0.000335695287285
0.066268375312,-2.29394059305e-08,-0.05866776043,-0.000373654067205
0.068012279926,-1.89719712165e-08,-0.06187811542,-0.00041474148183
0.069756184539,-1.1897000052e-08,-0.065176381595,-0.000459123191165
0.071500089153,-3.06862313335e-09,-0.06856252953,-0.00050696854275
0.073243993766,6.068590075e-09,-0.072036485285,-0.0005584504867
0.07498789838,1.42948264335e-08,-0.075598136545,-0.00061374552085
0.076731802993,2.0804755141e-08,-0.0792473398,-0.0006730336527
0.078475707607,2.52635884435e-08,-0.082983925795,-0.0007364983585
0.08021961222,2.7751589915e-08,-0.08680770201,-0.000804326523
0.081963516834,2.8636140681e-08,-0.090718452205,-0.00087670835485
0.083707421447,2.8416663467e-08,-0.094715934245,-0.00095383727955
0.085451326061,2.7583874074e-08,-0.098799877455,-0.0010359098207
0.087195230674,2.6523475083e-08,-0.102969980475,-0.0011231254757
0.088939135288,2.5476212806e-08,-0.10722590973,-0.0012156865908
0.090683039901,2.45478720685e-08,-0.111567298235,-0.0013137982315
0.092426944515,2.3749921474e-08,-0.11599374425,-0.00141766804515
0.094170849128,2.304794966e-08,-0.12050480966,-0.0015275061118
0.095914753741,2.24000179515e-08,-0.125100018035,-0.00164352478335
0.097658658355,2.1777268877e-08,-0.129778852735,-0.0017659385129
0.099402562968,2.1168997111e-08,-0.134540755205,-0.00189496367755
0.10114646758,2.05800904095e-08,-0.13938512343,-0.0020308183943
0.1028903722,2.0029547465e-08,-0.14431131051,-0.00217372232815
0.10463427681,1.95546107085e-08,-0.14931862305,-0.0023238964881
0.10637818142,1.92200477755e-08,-0.154406319265,-0.0024815630096
0.10812208604,1.91276161575e-08,-0.159573606935,-0.00264694492305
0.10986599065,1.94190802325e-08,-0.164819641425,-0.0028202659116
0.11160989526,2.02672267855e-08,-0.17014352395,-0.00300175006185
0.11335379988,2.18520757045e-08,-0.17554430017,-0.0031916216094
0.11509770449,2.43234377085e-08,-0.18102095888,-0.00339010467555
0.1168416091,2.77541406525e-08,-0.186572430175,-0.00359742298415
0.11858551372,3.20915127805e-08,-0.19219758241,-0.00381379954165
0.12032941833,3.7116293372e-08,-0.19789521724,-0.00403945626195
0.12207332294,4.2419362467e-08,-0.2036640623,-0.00427461351845
0.12381722756,4.7406337189e-08,-0.209502761745,-0.0045194896165
0.12556113217,5.133773129e-08,-0.215409865295,-0.00477430019235
0.12730503678,5.340798359e-08,-0.22138381722,-0.005039257562
0.1290489414,5.286103777e-08,-0.227422947005,-0.0053145700605
0.13079284601,4.91318125075e-08,-0.233525463785,-0.005600441424
0.13253675062,4.19962564725e-08,-0.239689456415,-0.005897070282
0.13428065524,3.17067372355e-08,-0.24591290073,-0.0062046498135
0.13602455985,1.9086818237e-08,-0.25219367473,-0.0065233676285
0.13776846447,5.5616400375e-09,-0.258529581405,-0.006853405897
0.13951236908,-6.894027016e-09,-0.264918377555,-0.007194941718
0.14125627369,-1.58976276585e-08,-0.27135780558,-0.007548147682
0.14300017831,-1.888487422e-08,-0.277845623625,-0.007913192507
0.14474408292,-1.3401019183e-08,-0.284379628395,-0.0082902415815
0.14648798753,2.57429633165e-09,-0.290957664045,-0.0086794571885
0.14823189215,3.0308719423e-08,-0.297577610605,-0.0090809981465
0.14997579676,7.0048794545e-08,-0.304237346355,-0.0094950185965
0.15171970137,1.20841686655e-07,-0.31093468031,-0.00992166568
0.15346360599,1.8047752459e-07,-0.317667254045,-0.0103610759325
0.1552075106,2.45568856915e-07,-0.32443241544,-0.010813370315
0.15695141521,3.1176579929e-07,-0.3312270709,-0.011278647949
0.15869531983,3.7408814657e-07,-0.338047526235,-0.011756978783
0.16043922444,4.27340707265e-07,-0.344889329275,-0.0122483955705
0.16218312905,4.66567617875e-07,-0.35174712923,-0.0127528857005
0.16392703367,4.87497497925e-07,-0.3586145679,-0.013270383491
0.16567093828,4.869329967e-07,-0.365484216625,-0.0138007636295
0.16741484289,4.63046043175e-07,-0.372347569745,-0.014343836401
0.16915874751,4.1555161534e-07,-0.37919510123,-0.0148993452605
0.17090265212,3.45746745125e-07,-0.38601638585,-0.0154669671465
0.17264655673,2.5641587187e-07,-0.39280028095,-0.016046315745
0.17439046135,1.5161613909e-07,-0.399535159725,-0.016636947667
0.17613436596,3.6367434064e-08,-0.40620918246,-0.017238371288
0.17787827058,-8.372151028e-08,-0.412810589415,-0.0178500577845
0.17962217519,-2.02855338085e-07,-0.41932799722,-0.0184714537345
0.1813660798,-3.1544764578e-07,-0.425750680925,-0.019101994541
0.18310998442,-4.1647775506e-07,-0.43206882539,-0.0197411178845
0.18485388903,-5.0178293185e-07,-0.438273732555,-0.0203882764545
0.18659779364,-5.682678078e-07,-0.444357974935,-0.021042949262
0.18834169826,-6.1402201655e-07,-0.45031548991,-0.021704650993
0.19008560287,-6.3834520445e-07,-0.456141613755,-0.0223729390175
0.19182950748,-6.4168722005e-07,-0.461833058315,-0.0230474178425
0.1935734121,-6.25516805e-07,-0.46738783664,-0.0237277409985
0.19531731671,-5.921367924e-07,-0.47280514641,-0.024413610491
0.19706122132,-5.444657586e-07,-0.47808522156,-0.0251047740985
0.19880512594,-4.8580592882e-07,-0.48322916327,-0.0258010208985
0.20054903055,-4.19615767135e-07,-0.4882387611,-0.026502175458
0.20229293516,-3.4930190129e-07,-0.49311631425,-0.0272080911535
0.20403683978,-2.780423225e-07,-0.49786446143,-0.027918643073
0.20578074439,-2.0864793504e-07,-0.502486026,-0.028633720907
0.207524649,-1.434659197e-07,-0.506983881,-0.0293532221835
0.20926855362,-8.4324996985e-08,-0.51136083725,-0.0300770461105
0.21101245823,-3.25197174745e-08,-0.515619555,-0.030805088227
0.21275636284,1.1171299996e-08,-0.5197624791,-0.031537235977
0.21450026746,4.6439832535e-08,-0.52379179615,-0.032273365242
0.21624417207,7.338252783e-08,-0.52770941085,-0.033013337828
0.21798807669,9.2423083075e-08,-0.5315169389,-0.0337569998315
0.2197319813,1.04229436195e-07,-0.5352157131,-0.0345041808005
0.22147588591,1.096323754e-07,-0.5388067997,-0.0352546935625
0.22321979053,1.0955105434e-07,-0.542291022,-0.036008334607
0.22496369514,1.04929015475e-07,-0.5456689885,-0.036764884892
0.22670759975,9.6683230865e-08,-0.54894112365,-0.037524110963
0.22845150437,8.5666754245e-08,-0.5521076993,-0.0382857662815
0.23019540898,7.2644532055e-08,-0.55516886505,-0.039049592673
0.23193931359,5.828061367e-08,-0.5581246775,-0.039815321824
0.23368321821,4.3134704142e-08,-0.5609751267,-0.040582676768
0.23542712282,2.76653477905e-08,-0.5637201599,-0.0413513733205
0.23717102743,1.2237835745e-08,-0.5663597022,-0.0421211214235
0.23891493205,-2.8656133022e-09,-0.56889367425,-0.042891626385
0.24065883666,-1.7434440003e-08,-0.5713220069,-0.0436625900005
0.24240274127,-3.13179066015e-08,-0.57364465315,-0.044433711551
0.24414664589,-4.44133285705e-08,-0.5758615977,-0.045204688683
0.2458905505,-5.6654431145e-08,-0.57797286425,-0.0459752181815
0.24763445511,-6.8000163835e-08,-0.579978521,-0.0467449966475
0.24937835973,-7.842401173e-08,-0.58187868485,-0.047513721099
0.25112226434,-8.7904375445e-08,-0.58367352455,-0.048281089513
0.25286616895,-9.6417068775e-08,-0.5853632629,-0.0490468013325
0.25461007357,-1.0393096106e-07,-0.58694817865,-0.0498105579455
0.25635397818,-1.10407238905e-07,-0.5884286082,-0.05057206316
0.2580978828,-1.15803211465e-07,-0.5898049468,-0.051331023685
0.25984178741,-1.2008083694e-07,-0.59107764995,-0.05208714961
0.26158569202,-1.2321875742e-07,-0.5922472349,-0.0528401549
0.26332959664,-1.25226748415e-07,-0.5933142819,-0.05358975791
0.26507350125,-1.2616048206e-07,-0.59427943525,-0.05433568192
0.26681740586,-1.26133564705e-07,-0.595143405,-0.055077655625
0.26856131048,-1.2532442306e-07,-0.59590696785,-0.055815413725
0.27030521509,-1.23975610335e-07,-0.5965709686,-0.05654869745
0.2720491197,-1.2238389746e-07,-0.5971363215,-0.05727725518
0.27379302432,-1.2088112733e-07,-0.59760401225,-0.05800084306
0.27553692893,-1.1980562098e-07,-0.59797509985,-0.0587192257
0.27728083354,-1.19466453395e-07,-0.5982507197,-0.059432176955
0.27902473816,-1.2010601125e-07,-0.59843208685,-0.06013948079
0.28076864277,-1.21865406655e-07,-0.5985205006,-0.06084093227
0.28251254738,-1.2475422917e-07,-0.59851734945,-0.061536338665
0.284256452,-1.28629776275e-07,-0.59842411695,-0.062225520655
0.28600035661,-1.33194869025e-07,-0.5982423881,-0.06290831368
0.28774426122,-1.3801231269e-07,-0.597973856,-0.0635845693
0.28948816584,-1.4253556113e-07,-0.59762032805,-0.06425415665
0.29123207045,-1.46162026925e-07,-0.5971837318,-0.064916963845
0.29297597506,-1.48300322025e-07,-0.59666611975,-0.06557289933
0.29471987968,-1.48436055115e-07,-0.5960696724,-0.06622189309
0.29646378429,-1.461940069e-07,-0.59539669955,-0.06686389772
0.29820768891,-1.4140083271e-07,-0.59464963975,-0.067498889215
0.29995159352,-1.3414497013e-07,-0.5938310571,-0.06812686758
0.30169549813,-1.2482260503e-07,-0.5929436361,-0.06874785711
0.30343940275,-1.14154960485e-07,-0.5919901751,-0.069361906495
0.30518330736,-1.03168323885e-07,-0.5909735778,-0.069969088685
0.30692721197,-9.313749494e-08,-0.58989684465,-0.07056950066
0.30867111659,-8.5499907155e-08,-0.58876306445,-0.071163263175
0.3104150212,-8.17493212e-08,-0.58757540755,-0.07175052063
0.31215892581,-8.3315593315e-08,-0.586337121,-0.072331441145
0.31390283043,-9.1436277995e-08,-0.58505152785,-0.07290621715
0.31564673504,-1.07028341745e-07,-0.5837220308,-0.073475066465
0.31739063965,-1.3057052939e-07,-0.58235212175,-0.074038234185
0.31913454427,-1.6200754349e-07,-0.5809453972,-0.074595995415
0.32087844888,-2.0068545159e-07,-0.57950558055,-0.075148659005
0.32262235349,-2.4532524623e-07,-0.57803655065,-0.07569657226
0.32436625811,-2.9403864066e-07,-0.57654237645,-0.07624012672
0.32611016272,-3.4438777108e-07,-0.57502735605,-0.07677976478
0.32785406733,-3.9348756198e-07,-0.57349605895,-0.077315987065
0.32959797195,-4.38146793845e-07,-0.57195336925,-0.077849360265
0.33134187656,-4.75039890755e-07,-0.57040452655,-0.078380525035
0.33308578117,-5.008992082e-07,-0.5688551621,-0.078910203555
0.33482968579,-5.127158781e-07,-0.5673113269,-0.07943920625
0.3365735904,-5.0793582395e-07,-0.56577950795,-0.07996843712
0.33831749502,-4.84637482925e-07,-0.56426663005,-0.080498897165
0.34006139963,-4.4167930424e-07,-0.5627800407,-0.081031685355
0.34180530424,-3.78806269685e-07,-0.5613274752,-0.08156799673
0.34354920886,-2.96708069225e-07,-0.5599170024,-0.08210911728
0.34529311347,-1.97023922175e-07,-0.5585569492,-0.08265641541
0.34703701808,-8.2293172275e-08,-0.55725580625,-0.08321132988
0.3487809227,4.41463920975e-08,-0.55602211625,-0.083775354485
0.35052482731,1.78306167055e-07,-0.5548643485,-0.084350019645
0.35226873192,3.1573177406e-07,-0.5537907636,-0.084936871535
0.35401263654,4.517141855e-07,-0.5528092734,-0.085537449355
0.35575654115,5.8151435055e-07,-0.5519273018,-0.086153261555
0.35750044576,7.005882291e-07,-0.5511516521,-0.086785761915
0.35924435038,8.047992772e-07,-0.5504883863,-0.087436326435
0.36098825499,8.9060630815e-07,-0.54994272175,-0.08810623191
0.3627321596,9.5521737185e-07,-0.5495189493,-0.08879663714
0.36447606422,9.967014464e-07,-0.54922037675,-0.089508567475
0.36621996883,1.0140539769e-06,-0.5490492998,-0.09024290336
0.36796387344,1.0072140483e-06,-0.54900700125,-0.091000373275
0.36970777806,9.7703484745e-07,-0.54909377845,-0.091781551325
0.37145168267,9.252111466e-07,-0.54930899755,-0.09258685946
0.37319558729,8.541704011e-07,-0.5496511713,-0.093416574205
0.3749394919,7.669347407e-07,-0.5501180573,-0.09427083737
0.37668339651,6.669637953e-07,-0.55070677205,-0.09514967038
0.37842730113,5.5798632935e-07,-0.551413916,-0.096052991345
0.38017120574,4.4383168807e-07,-0.5522357041,-0.09698063424
0.38191511035,3.2826885654e-07,-0.5531680976,-0.097932369275
0.38365901497,2.14860082505e-07,-0.5542069317,-0.098907923715
0.38540291958,1.0683628149e-07,-0.555348035,-0.099907002275
0.38714682419,6.998651658e-09,-0.55658733745,-0.10092930647
0.38889072881,-8.2355400275e-08,-0.55792096365,-0.101974552215
0.39063463342,-1.5947803078e-07,-0.5593453101,-0.103042485245
0.39237853803,-2.23181370605e-07,-0.56085710445,-0.10413289398
0.39412244265,-2.7282302528e-07,-0.5624534479,-0.105245619625
0.39586634726,-3.08280320715e-07,-0.56413183945,-0.106380563405
0.39761025187,-3.2990757348e-07,-0.56589018505,-0.10753769098
0.39935415649,-3.38468233995e-07,-0.5677267913,-0.108717034195
0.4010980611,-3.35052260935e-07,-0.5696403475,-0.10991869038
0.40284196571,-3.2099415903e-07,-0.57162989675,-0.111142819525
0.40458587033,-2.97798269375e-07,-0.57369479965,-0.11238963966
0.40632977494,-2.67069164005e-07,-0.57583469225,-0.113659420885
0.40807367955,-2.30445657e-07,-0.57804944045,-0.11495247827
0.40981758417,-1.8953971448e-07,-0.58033909325,-0.1162691642
0.41156148878,-1.45884185285e-07,-0.58270383625,-0.11760986026
0.4133053934,-1.0089163116e-07,-0.58514394665,-0.118974969195
0.41504929801,-5.5825527535e-08,-0.5876597518,-0.12036490698
0.41679320262,-1.1782616549e-08,-0.590251591,-0.12178009539
0.41853710724,3.0314986632e-08,-0.59291978205,-0.123220955085
0.42028101185,6.972019073e-08,-0.59566459235,-0.12468789941
0.42202491646,1.0585562149e-07,-0.5984862146,-0.126181328905
0.42376882108,1.38304276365e-07,-0.6013847475,-0.127701626565
0.42551272569,1.66797803345e-07,-0.6043601802,-0.12924915387
0.4272566303,1.91203555765e-07,-0.60741238115,-0.1308242475
0.42900053492,2.11511402835e-07,-0.61054109025,-0.13242721668
0.43074443953,2.2782082054e-07,-0.6137459139,-0.134058341115
0.43248834414,2.4032820456e-07,-0.6170263224,-0.135717869395
0.43423224876,2.49314460745e-07,-0.6203816497,-0.13740601781
0.43597615337,2.5513223756e-07,-0.6238110939,-0.13912296945
0.43772005798,2.58192262015e-07,-0.6273137195,-0.140868873535
0.4394639626,2.5894790201e-07,-0.63088845945,-0.14264384492
0.44120786721,2.5787771363e-07,-0.63453411815,-0.144447963605
0.44295177182,2.5546584015e-07,-0.6382493737,-0.14628127428
0.44469567644,2.52180337725e-07,-0.6420327802,-0.14814378581
0.44643958105,2.48450590655e-07,-0.6458827696,-0.150035470595
0.44818348566,2.4464442694e-07,-0.64979765245,-0.151956263815
0.44992739028,2.41047262705e-07,-0.6537756185,-0.153906062495
0.45167129489,2.37844652305e-07,-0.65781473615,-0.15588472438
0.45341519951,2.3511075309e-07,-0.6619129514,-0.157892066705
0.45515910412,2.32804237e-07,-0.66606808635,-0.15992786474
0.45690300873,2.30773172795e-07,-0.67027783705,-0.16199185029
0.45864691335,2.2876982808e-07,-0.67453977155,-0.164083710075
0.46039081796,2.26475113665e-07,-0.6788513276,-0.16620308415
0.46213472257,2.235319263e-07,-0.6832098109,-0.16834956433
0.46387862719,2.1958530827e-07,-0.68761239395,-0.170522692765
0.4656225318,2.14326717485e-07,-0.6920561155,-0.17272196068
0.46736643641,2.07538874975e-07,-0.69653788115,-0.17494680737
0.46911034103,1.9913703464e-07,-0.70105446505,-0.177196619455
0.47085424564,1.892025675e-07,-0.70560251255,-0.179470730455
0.47259815025,1.78005191145e-07,-0.7101785443,-0.1817684207
0.47434205487,1.66010086235e-07,-0.7147789613,-0.184088917485
0.47608595948,1.53868193185e-07,-0.71940005045,-0.18643139552
0.47782986409,1.42388092985e-07,-0.7240379907,-0.188794977505
0.47957376871,1.32490241e-07,-0.7286888596,-0.191178734825
0.48131767332,1.2514536629e-07,-0.7333486388,-0.19358168815
0.48306157793,1.21300178235e-07,-0.73801321925,-0.19600280789
0.48480548255,1.21795468155e-07,-0.74267840475,-0.19844101433
0.48654938716,1.2728151866e-07,-0.74733991375,-0.200895177295
0.48829329177,1.3813787336e-07,-0.751993379,-0.20336411526
0.49003719639,1.5440309864e-07,-0.75663434485,-0.20584659383
0.491781101,1.7572097666e-07,-0.7612582622,-0.20834132349
0.49352500562,2.01308505975e-07,-0.76586048065,-0.21084695663
0.49526891023,2.2994898763e-07,-0.77043623895,-0.21336208394
0.49701281484,2.60013421905e-07,-0.77498065375,-0.21588523027
0.49875671946,2.8951051001e-07,-0.77948870725,-0.218414850085
0.50050062407,3.1616380902e-07,-0.7839552353,-0.220949322855
0.50224452868,3.3751318129e-07,-0.7883749161,-0.223486948615
0.5039884333,3.5103566165e-07,-0.79274226155,-0.22602594404
0.50573233791,3.542792143e-07,-0.7970516123,-0.22856443954
0.50747624252,3.45002179605e-07,-0.8012971371,-0.23110047765
0.50922014714,3.2131035055e-07,-0.8054728393,-0.23363201325
0.51096405175,2.8178371858e-07,-0.80957256985,-0.236156915975
0.51270795636,2.25585103375e-07,-0.8135900489,-0.23867297516
0.51445186098,1.5254404684e-07,-0.81751889655,-0.241177907695
0.51619576559,6.3210217615e-08,-0.8213526726,-0.24366936888
0.5179396702,-4.11272821355e-08,-0.8250849258,-0.24614496651
0.51968357482,-1.5845674495e-07,-0.8287092519,-0.24860227806
0.52142747943,-2.86096876745e-07,-0.8322193594,-0.251038870865
0.52317138404,-4.2078396323e-07,-0.83560914245,-0.253452324975
0.52491528866,-5.587892399e-07,-0.838872758,-0.25584025819
0.52665919327,-6.9606092555e-07,-0.84200470615,-0.258200352795
0.52840309788,-8.2838434725e-07,-0.84499991075,-0.260530383155
0.5301470025,-9.5155194e-07,-0.84785379765,-0.26282824348
0.53189090711,-1.0615354651e-06,-0.85056236825,-0.265091974855
0.53363481173,-1.1546515577e-06,-0.85312226525,-0.26731979061
0.53537871634,-1.227713195e-06,-0.8555308282,-0.2695100992
0.53712262095,-1.2781599529e-06,-0.85778613675,-0.2716615237
0.53886652557,-1.3041612318e-06,-0.85988703945,-0.273772917155
0.54061043018,-1.30468777725e-06,-0.8618331665,-0.27584337319
0.54235433479,-1.2795491916e-06,-0.86362492585,-0.27787223135
0.54409823941,-1.2293961016e-06,-0.8652634822,-0.27985907685
0.54584214402,-1.1556877927e-06,-0.86675071895,-0.281803734685
0.54758604863,-1.0606277051e-06,-0.8680891842,-0.28370625813
0.54932995325,-9.470705359e-07,-0.86928202245,-0.28556691191
0.55107385786,-8.1840572095e-07,-0.87033289345,-0.287386150625
0.55281776247,-6.7842364505e-07,-0.8712458812,-0.289164592965
0.55456166709,-5.311705076e-07,-0.8720253957,-0.29090299262
0.5563055717,-3.8079870923e-07,-0.87267607035,-0.29260220676
0.55804947631,-2.3141924488e-07,-0.8732026583,-0.294263163075
0.55979338093,-8.6962448355e-08,-0.87360993055,-0.29588682644
0.56153728554,4.8948026188e-08,-0.87390257935,-0.2974741662
0.56328119015,1.7310332334e-07,-0.87408512855,-0.299026125045
0.56502509477,2.82795931115e-07,-0.87416185455,-0.300543590385
0.56676899938,3.7588262225e-07,-0.8741367185,-0.30202736894
0.56851290399,4.50823073315e-07,-0.8740133119,-0.303478165285
0.57025680861,5.066941783e-07,-0.8737948164,-0.304896564645
0.57200071322,5.4318056165e-07,-0.87348397775,-0.306283020425
0.57374461784,5.605443054e-07,-0.8730830944,-0.30763784645
0.57548852245,5.595765157e-07,-0.8725940193,-0.308961213925
0.57723242706,5.4153245775e-07,-0.87201817515,-0.310253152925
0.57897633168,5.0805822605e-07,-0.87135658,-0.311513558065
0.58072023629,4.6111010288e-07,-0.8706098831,-0.31274219787
0.5824641409,4.0286365077e-07,-0.8697784085,-0.313938727355
0.58420804552,3.3562793378e-07,-0.86886220435,-0.31510270316
0.58595195013,2.61771465615e-07,-0.86786109615,-0.316233600605
0.58769585474,1.8364623988e-07,-0.8667747421,-0.317330832075
0.58943975936,1.03506805905e-07,-0.86560268895,-0.318393766055
0.59118366397,2.34429947675e-08,-0.864344426,-0.31942174629
0.59292756858,-5.466019859e-08,-0.86299943695,-0.3204141104
0.5946714732,-1.29143853945e-07,-0.8615672474,-0.32137020766
0.59641537781,-1.98594196645e-07,-0.8600474678,-0.322289415445
0.59815928242,-2.61865371055e-07,-0.8584398311,-0.323171154155
0.59990318704,-3.18098619665e-07,-0.85674422465,-0.32401490038
0.60164709165,-3.66727326285e-07,-0.85496071645,-0.32482019815
0.60339099626,-4.0746488128e-07,-0.8530895752,-0.325586668295
0.60513490088,-4.4027874957e-07,-0.85113128535,-0.32631401587
0.60687880549,-4.6535731657e-07,-0.8490865567,-0.327002035765
0.6086227101,-4.8307435274e-07,-0.84695632945,-0.327650616675
0.61036661472,-4.93954110945e-07,-0.8447417753,-0.32825974357
0.61211051933,-4.98637195425e-07,-0.8424442955,-0.32882949887
0.61385442395,-4.978469359e-07,-0.84006551575,-0.329360062565
0.61559832856,-4.92355486935e-07,-0.83760727945,-0.329851711505
0.61734223317,-4.82950029965e-07,-0.83507163925,-0.33030481799
0.61908613779,-4.70400143835e-07,-0.83246084795,-0.330719847975
0.6208300424,-4.55428189605e-07,-0.82977734865,-0.33109735896
0.62257394701,-4.3868401134e-07,-0.82702376505,-0.33143799776
0.62431785163,-4.20725254635e-07,-0.824202892,-0.331742498315
0.62606175624,-4.0200443252e-07,-0.82131768635,-0.332011679505
0.62780566085,-3.82863074575e-07,-0.8183712585,-0.332246443205
0.62954956547,-3.63533320115e-07,-0.81536686465,-0.33244777245
0.63129347008,-3.4414664174e-07,-0.81230789965,-0.3326167298
0.63303737469,-3.24749194205e-07,-0.8091978903,-0.33275445587
0.63478127931,-3.05322805925e-07,-0.80604048925,-0.33286216799
0.63652518392,-2.8581027822e-07,-0.8028394693,-0.33294115894
0.63826908853,-2.6614347115e-07,-0.7995987178,-0.332992795705
0.64001299315,-2.46271869565e-07,-0.79632223125,-0.33301851821
0.64175689776,-2.26189741935e-07,-0.79301410945,-0.33301983798
0.64350080237,-2.05959149735e-07,-0.7896785503,-0.332998336655
0.64524470699,-1.8572705873e-07,-0.7863198434,-0.332955664385
0.6469886116,-1.6573414585e-07,-0.7829423644,-0.332893538045
0.64873251622,-1.4631411638e-07,-0.77955056835,-0.33281373932
0.65047642083,-1.2788256565e-07,-0.7761489833,-0.33271811264
0.65222032544,-1.10915424065e-07,-0.7727422039,-0.332608563055
0.65396423006,-9.5917179755e-08,-0.76933488505,-0.33248705404
0.65570813467,-8.338088553e-08,-0.76593173555,-0.3323556054
0.65745203928,-7.374158506e-08,-0.7625375125,-0.332216291215
0.6591959439,-6.7326672015e-08,-0.759157016,-0.33207123801
0.66093984851,-6.430619093e-08,-0.75579508475,-0.331922623115
0.66268375312,-6.4646962785e-08,-0.75245659195,-0.331772673315
0.66442765774,-6.80744211e-08,-0.74914644225,-0.33162366378
0.66617156235,-7.4045689025e-08,-0.74586956945,-0.331477917205
0.66791546696,-8.173707544e-08,-0.74263093425,-0.331337803215
0.66965937158,-9.0048241085e-08,-0.7394355228,-0.3312057378
0.67140327619,-9.7624683335e-08,-0.73628834465,-0.33108418274
0.6731471808,-1.0289887553e-07,-0.73319443075,-0.330975644785
0.67489108542,-1.0414930307e-07,-0.73015883005,-0.33088267435
0.67663499003,-9.9575342415e-08,-0.7271866048,-0.330807863525
0.67837889464,-8.7385063075e-08,-0.72428282385,-0.330753843075
0.68012279926,-6.5891672675e-08,-0.72145255325,-0.33072327813
0.68186670387,-3.3613611894e-08,-0.7187008433,-0.330718862335
0.68361060848,1.0626782787e-08,-0.7160327127,-0.33074331016
0.6853545131,6.761187721e-08,-0.71345312775,-0.33079934713
0.68709841771,1.37650155165e-07,-0.7109669779,-0.33088969782
0.68884232233,2.20515256055e-07,-0.70857904625,-0.33101707151
0.69058622694,3.15406950555e-07,-0.70629397635,-0.33118414548
0.69233013155,4.20937304455e-07,-0.7041162341,-0.331393546005
0.69407403617,5.351439708e-07,-0.7020500667,-0.33164782724
0.69581794078,6.5553122095e-07,-0.7000994582,-0.331949448285
0.69756184539,7.791379236e-07,-0.6982680834,-0.33230074882
0.69930575001,9.0263007625e-07,-0.69655926035,-0.332703923825
0.70104965462,1.0224143615e-06,-0.6949759038,-0.33316099793
0.70279355923,1.1347679296e-06,-0.69352047985,-0.333673800145
0.70453746385,1.23597881095e-06,-0.692194964,-0.33424393963
0.70628136846,1.3224908252e-06,-0.69100080385,-0.33487278328
0.70802527307,1.3910462171e-06,-0.68993888775,-0.335561435905
0.70976917769,1.438820027e-06,-0.68900952135,-0.336310723745
0.7115130823,1.46353943965e-06,-0.6882124124,-0.337121182005
0.71325698691,1.46358332675e-06,-0.68754666545,-0.33799304702
0.71500089153,1.43805729825e-06,-0.68701078715,-0.338926253515
0.71674479614,1.38684079775e-06,-0.6866027024,-0.33992043739
0.71848870075,1.31060451935e-06,-0.68631978155,-0.340974944165
0.72023260537,1.21079727635e-06,-0.6861588784,-0.34208884314
0.72197650998,1.0896031799e-06,-0.686116379,-0.343260947135
0.72372041459,9.4987100405e-07,-0.6861882592,-0.344489837485
0.72546431921,7.950192199e-07,-0.68637015095,-0.34577389377
0.72720822382,6.28920771e-07,-0.68665741505,-0.3471113276
0.72895212844,4.55772025675e-07,-0.68704521875,-0.34850021971
0.73069603305,2.79952511175e-07,-0.6875286166,-0.34993855937
0.73243993766,1.05880024195e-07,-0.6881026322,-0.35142428515
0.73418384228,-6.2131355615e-08,-0.68876233845,-0.3529553259
0.73592774689,-2.2000751776e-07,-0.6895029352,-0.35452964098
0.7376716515,-3.64039437485e-07,-0.69031982105,-0.356145258525
0.73941555612,-4.90989526815e-07,-0.69120865845,-0.357800310905
0.74115946073,-5.98177341e-07,-0.6921654302,-0.359493066305
0.74290336534,-6.8354470695e-07,-0.693186486,-0.361221955765
0.74464726996,-7.456996298e-07,-0.69426857775,-0.36298559492
0.74639117457,-7.8393654345e-07,-0.69540888355,-0.364782800055
0.74813507918,-7.9822894685e-07,-0.69660501995,-0.366612598175
0.7498789838,-7.891968218e-07,-0.6978550419,-0.368474230885
0.75162288841,-7.580570449e-07,-0.69915743165,-0.37036715225
0.75336679302,-7.0656094585e-07,-0.7005110768,-0.372291020795
0.75511069764,-6.369184735e-07,-0.7019152386,-0.37424568618
0.75685460225,-5.517087398e-07,-0.70336951205,-0.376231170975
0.75859850686,-4.5378150959e-07,-0.7048737788,-0.37824764835
0.76034241148,-3.4615580957e-07,-0.70642815495,-0.380295416305
0.76208631609,-2.3192059384e-07,-0.70803293455,-0.38237486934
0.7638302207,-1.14141240905e-07,-0.7096885317,-0.38448646841
0.76557412532,4.2261250055e-09,-0.71139542145,-0.38663070998
0.76731802993,1.20410525995e-07,-0.71315408245,-0.38880809507
0.76906193455,2.3189143661e-07,-0.71496494125,-0.39101909904
0.77080583916,3.36451511095e-07,-0.7168283209,-0.39326414276
0.77254974377,4.3221614898e-07,-0.71874439395,-0.39554356588
0.77429364839,5.176793133e-07,-0.72071314085,-0.397857602555
0.776037553,5.9171573195e-07,-0.7227343144,-0.40020636015
0.77778145761,6.5358014e-07,-0.72480741065,-0.402589801075
0.77952536223,7.028943927e-07,-0.72693164625,-0.405007727965
0.78126926684,7.3962414805e-07,-0.72910594215,-0.407459772245
0.78301317145,7.640465538e-07,-0.73132891365,-0.409945385985
0.78475707607,7.7671067355e-07,-0.73359886625,-0.41246383694
0.78650098068,7.7839300285e-07,-0.7359137965,-0.415014206555
0.78824488529,7.7004963515e-07,-0.73827139805,-0.41759539059
0.78998878991,7.5276722355e-07,-0.7406690712,-0.42020610215
0.79173269452,7.277147218e-07,-0.74310393615,-0.42284487667
0.79347659913,6.9609740195e-07,-0.74557284865,-0.42551007858
0.79522050375,6.591148932e-07,-0.74807241775,-0.428199909255
0.79696440836,6.1792438945e-07,-0.7505990249,-0.4309124159
0.79870831297,5.736101094e-07,-0.75314884365,-0.43364550109
0.80045221759,5.2715950215e-07,-0.75571785985,-0.4363969327
0.8021961222,4.79446976565e-07,-0.75830189155,-0.43916435392
0.80394002681,4.31225055665e-07,-0.76089660845,-0.441945293195
0.80568393143,3.831224088e-07,-0.76349755045,-0.44473717398
0.80742783604,3.3564851176e-07,-0.7661001458,-0.447537324085
0.80917174066,2.8920386086e-07,-0.7686997273,-0.45034298462
0.81091564527,2.440944058e-07,-0.7712915484,-0.45315131845
0.81265954988,2.0054905514e-07,-0.77387079735,-0.45595941818
0.8144034545,1.5873859449e-07,-0.77643261085,-0.458764313605
0.81614735911,1.1879447148e-07,-0.7789720861,-0.46156297872
0.81789126372,8.0825920955e-08,-0.7814842926,-0.464352338265
0.81963516834,4.49339260245e-08,-0.78396428245,-0.467129273895
0.82137907295,1.1220815943e-08,-0.7864071002,-0.46989062994
0.82312297756,-2.0205262463e-08,-0.7888077917,-0.472633218885
0.82486688218,-4.9231735355e-08,-0.7911614127,-0.475353826495
0.82661078679,-7.574882943e-08,-0.79346303655,-0.478049216745
0.8283546914,-9.9662150755e-08,-0.79570776155,-0.48071613647
0.83009859602,-1.20910081945e-07,-0.7978907176,-0.483351319795
0.83184250063,-1.39484601645e-07,-0.80000707275,-0.48595149243
0.83358640524,-1.55454096815e-07,-0.80205203925,-0.48851337577
0.83533030986,-1.6898611399e-07,-0.8040208792,-0.49103369089
0.83707421447,-1.80367934475e-07,-0.80590891015,-0.49350916249
0.83881811908,-1.9002312779e-07,-0.80771151055,-0.49593652281
0.8405620237,-1.9852161859e-07,-0.80942412535,-0.498312515645
0.84230592831,-2.06581912685e-07,-0.81104227135,-0.50063390045
0.84404983292,-2.15063680755e-07,-0.8125615435,-0.50289745695
0.84579373754,-2.2494993368e-07,-0.8139776215,-0.5050999897
0.84753764215,-2.37318492635e-07,-0.81528627685,-0.50723833385
0.84928154677,-2.5330284814e-07,-0.8164833817,-0.50930936085
0.85102545138,-2.74043743255e-07,-0.817564918,-0.5113099858
0.85276935599,-3.0063299905e-07,-0.81852698895,-0.5132371752
0.85451326061,-3.34051972195e-07,-0.81936583155,-0.5150879561
0.85625716522,-3.75107489515e-07,-0.8200778313,-0.51685942655
0.85800106983,-4.24368798435e-07,-0.82065953875,-0.51854876745
0.85974497445,-4.82108661325e-07,-0.82110768785,-0.5201532555
0.86148887906,-5.482523491e-07,-0.8214192166,-0.521670278
0.86323278367,-6.2233820595e-07,-0.8215912891,-0.52309734865
0.86497668829,-7.0349167325e-07,-0.82162131965,-0.5244321248
0.8667205929,-7.904172733e-07,-0.8215069977,-0.5256724255
0.86846449751,-8.814086405e-07,-0.82124631375,-0.52681625065
0.87020840213,-9.7437662105e-07,-0.82083758575,-0.52786180005
0.87195230674,-1.0668994632e-06,-0.8202794848,-0.52880749305
0.87369621135,-1.1562897334e-06,-0.81957106015,-0.52965198735
0.87544011597,-1.23967636155e-06,-0.818711762,-0.530394197
0.87718402058,-1.3141023103e-06,-0.81770146205,-0.5310333089
0.87892792519,-1.37663173085e-06,-0.81654047015,-0.5315687969
0.88067182981,-1.42446046345e-06,-0.8152295472,-0.53200043395
0.88241573442,-1.45503118165e-06,-0.81376991245,-0.5323283003
0.88415963903,-1.46614437535e-06,-0.8121632454,-0.5325527883
0.88590354365,-1.4560534639e-06,-0.81041168125,-0.53267460315
0.88764744826,-1.42355048305e-06,-0.80851779965,-0.53269475905
0.88939135288,-1.3680434424e-06,-0.8064846062,-0.5326145702
0.89113525749,-1.2896093138e-06,-0.804315507,-0.53243563755
0.8928791621,-1.18901334055e-06,-0.80201427595,-0.5321598298
0.89462306672,-1.0677007861e-06,-0.79958501515,-0.5317892603
0.89636697133,-9.2776937245e-07,-0.7970321092,-0.53132625855
0.89811087594,-7.7192457425e-07,-0.79436017385,-0.53077333835
0.89985478056,-6.034147376e-07,-0.7915739999,-0.53013316175
0.90159868517,-4.25942386915e-07,-0.7886784937,-0.52940850035
0.90334258978,-2.43553560655e-07,-0.7856786152,-0.52860219445
0.9050864944,-6.051049384e-08,-0.7825793149,-0.52771711075
0.90683039901,1.18845178145e-07,-0.77938547125,-0.5267560999
0.90857430362,2.9022957093e-07,-0.77610182995,-0.5257219547
0.91031820824,4.4954928946e-07,-0.77273294625,-0.52461736965
0.91206211285,5.9302564805e-07,-0.76928313245,-0.5234449038
0.91380601746,7.173071165e-07,-0.76575641075,-0.5222069466
0.91554992208,8.1956694765e-07,-0.7621564737,-0.52090568855
0.91729382669,8.975831134e-07,-0.75848665235,-0.5195430966
0.9190377313,9.497977238e-07,-0.75474989355,-0.51812089615
0.92078163592,9.7535417245e-07,-0.7509487464,-0.5166405582
0.92252554053,9.7411065605e-07,-0.7470853583,-0.51510329405
0.92426944514,9.4663006325e-07,-0.74316148085,-0.5135100559
0.92601334976,8.9414741165e-07,-0.7391784849,-0.5118615446
0.92775725437,8.185166378e-07,-0.7351373847,-0.51015822325
0.92950115899,7.2213938995e-07,-0.7310388704,-0.50840033735
0.9312450636,6.078789805e-07,-0.7268833474,-0.50658793945
0.93298896821,4.78963232965e-07,-0.7226709822,-0.50472091945
0.93473287283,3.3887978812e-07,-0.71840175315,-0.50279903825
0.93647677744,1.91267959805e-07,-0.71407550485,-0.5008219642
0.93822068205,3.98108129795e-08,-0.7096920046,-0.498789312245
0.93996458667,-1.11868969645e-07,-0.7052509996,-0.496700683455
0.94170849128,-2.60306057265e-07,-0.70075227405,-0.49455570513
0.94345239589,-4.0227967346e-07,-0.6961957037,-0.492354069885
0.94519630051,-5.348883031e-07,-0.69158130795,-0.490095573025
0.94694020512,-6.556104326e-07,-0.68690929735,-0.487780147465
0.94868410973,-7.623501108e-07,-0.68218011615,-0.485407895455
0.95042801435,-8.534667334e-07,-0.6773944793,-0.48297911651
0.95217191896,-9.2778916215e-07,-0.6725534029,-0.480494331155
0.95391582357,-9.8461475915e-07,-0.6676582278,-0.477954300125
0.95565972819,-1.023694457e-06,-0.66271063705,-0.475360038845
0.9574036328,-1.04520534725e-06,-0.6577126656,-0.472712827195
0.95914753741,-1.0497126557e-06,-0.6526667043,-0.47001421455
0.96089144203,-1.03812311525e-06,-0.64757549705,-0.467266020325
0.96263534664,-1.0116318422e-06,-0.6424421326,-0.464470330355
0.96437925125,-9.716654009e-07,-0.63727003085,-0.46162948939
0.96612315587,-9.1982274575e-07,-0.6320629246,-0.458746090155
0.96786706048,-8.5781657335e-07,-0.62682483815,-0.45582295955
0.9696109651,-7.8741705655e-07,-0.62156006185,-0.45286314231
0.97135486971,-7.1039933105e-07,-0.6162731251,-0.449869882825
0.97309877432,-6.2849657145e-07,-0.6109687673,-0.44684660549
0.97484267894,-5.4335969335e-07,-0.60565190825,-0.44379689415
0.97658658355,-4.565242101e-07,-0.60032761795,-0.44072447104
0.97833048816,-3.69384839385e-07,-0.59500108665,-0.437633175665
0.98007439278,-2.8317800882e-07,-0.5896775959,-0.43452694397
0.98181829739,-1.98971639165e-07,-0.5843624905,-0.43140978809
0.983562202,-1.176619413e-07,-0.57906115205,-0.428285776975
0.98530610662,-3.99763527835e-08,-0.5737789742,-0.425159018025
0.98705001123,3.35187128055e-08,-0.5685213396,-0.42203363993
0.98879391584,1.02406008675e-07,-0.5632935991,-0.418913776775
0.99053782046,1.6640311351e-07,-0.55810105275,-0.415803553465
0.99228172507,2.25346630245e-07,-0.5529489328,-0.412707072515
0.99402562968,2.79176343155e-07,-0.54784238875,-0.409628402085
0.9957695343,3.2792002447e-07,-0.5427864742,-0.406571565335
0.99751343891,3.7168032263e-07,-0.53778613515,-0.403540530895
0.99925734352,4.1062379885e-07,-0.5328462003,-0.400539204455
1.0010012481,4.44972855785e-07,-0.52797137245,-0.39757142133
1.0027451528,4.7500059719e-07,-0.523166221,-0.394640939875
1.0044890574,5.0102846315e-07,-0.51843517595,-0.391751435675
1.006232962,5.234259276e-07,-0.5137825224,-0.38890649629
1.0079768666,5.426120553e-07,-0.50921239585,-0.38610961659
1.0097207712,5.5905754195e-07,-0.50472877805,-0.383364194365
1.0114646758,5.7328652105e-07,-0.50033549325,-0.380673526235
1.0132085804,5.858771357e-07,-0.49603620439,-0.37804080363
1.014952485,5.974593237e-07,-0.49183440959,-0.37546910879
1.0166963897,6.0870954945e-07,-0.48773343827,-0.372961410565
1.0184402943,6.203410563e-07,-0.483736447015,-0.370520559995
1.0201841989,6.3308959465e-07,-0.47984641492,-0.36814928547
1.0219281035,6.4769395405e-07,-0.47606613839,-0.3658501874
1.0236720081,6.648716744e-07,-0.472398225105,-0.36362573228
1.0254159127,6.8529045215e-07,-0.46884508721,-0.361478246095
1.0271598173,7.09535794e-07,-0.46540893354,-0.359409906905
1.028903722,7.3807666925e-07,-0.46209176091,-0.35742273673
1.0306476266,7.712301936e-07,-0.45889534443,-0.355518592575
1.0323915312,8.0912728185e-07,-0.455821226835,-0.35369915667
1.0341354358,8.5168172515e-07,-0.452870707085,-0.35196592604
1.0358793404,8.985636707e-07,-0.45004482817,-0.35032020142
1.037623245,9.491805897e-07,-0.44734436443,-0.34876307572
1.0393671496,1.0026669578e-06,-0.44476980865,-0.34729542223
1.0411110542,1.0578842746e-06,-0.4423213592,-0.345917882795
1.0428549589,1.11343253785e-06,-0.439998907595,-0.344630856215
1.0445988635,1.16767416015e-06,-0.437802026855,-0.34343448728
1.0463427681,1.21877005985e-06,-0.435729961175,-0.3423286567
1.0480866727,1.264727853e-06,-0.433781617285,-0.341312972345
1.0498305773,1.3034607199e-06,-0.43195555805,-0.340386762245
1.0515744819,1.3328556231e-06,-0.43024999876,-0.339549069645
1.0533183865,1.3508486635e-06,-0.42866280661,-0.3387986506
1.0550622912,1.35550461135e-06,-0.427191503725,-0.338133974425
1.0568061958,1.34509796355e-06,-0.425833274195,-0.337553227355
1.0585501004,1.3181920444e-06,-0.42458497539,-0.337054319665
1.060294005,1.27371298785e-06,-0.42344315377,-0.336634896505
1.0620379096,1.21101493835e-06,-0.422404065305,-0.33629235251
1.0637818142,1.1299334801e-06,-0.421463700605,-0.336023850345
1.0655257188,1.03082505865e-06,-0.4206178145,-0.33582634302
1.0672696235,9.1458932095e-07,-0.419861959965,-0.33569659983
1.0690135281,7.8267327895e-07,-0.41919152591,-0.335631235755
1.0707574327,6.3705613285e-07,-0.418601778495,-0.33562674384
1.0725013373,4.80214534805e-07,-0.418087905085,-0.33567953005
1.0742452419,3.1506925957e-07,-0.417645060405,-0.335785950215
1.0759891465,1.4491405853e-07,-0.417268413845,-0.335942348135
1.0777330511,-2.6670532449e-08,-0.41695319708,-0.336145094335
1.0794769557,-1.9591606393e-07,-0.41669475106,-0.33639062459
1.0812208604,-3.5897438355e-07,-0.41648857129,-0.33667547737
1.082964765,-5.1203104535e-07,-0.41633035051,-0.33699632944
1.0847086696,-6.514205342e-07,-0.416216017615,-0.33735002875
1.0864525742,-7.7373868425e-07,-0.41614177209,-0.337733623845
1.0881964788,-8.75948708e-07,-0.416104112935,-0.33814438902
1.0899403834,-9.5547555425e-07,-0.41609986145,-0.338579844675
1.091684288,-1.0102875425e-06,-0.41612617719,-0.33903777216
1.0934281927,-1.0389631544e-06,-0.41618056666,-0.339516222855
1.0951720973,-1.0407363499e-06,-0.416260884495,-0.34001352105
1.0969160019,-1.01551846655e-06,-0.416365326935,-0.34052826055
1.0986599065,-9.639017723e-07,-0.41649241772,-0.341059295025
1.1004038111,-8.871450796e-07,-0.41664098665,-0.341605722165
1.1021477157,-7.871388763e-07,-0.41681014124,-0.342166862085
1.1038916203,-6.6635021945e-07,-0.41699923212,-0.342742230315
1.1056355249,-5.27748939e-07,-0.417207812925,-0.34333150609
1.1073794296,-3.7471779013e-07,-0.417435595575,-0.34393449653
1.1091233342,-2.1095132585e-07,-0.417682401925,-0.34455109758
1.1108672388,-4.03482247615e-08,-0.417948112955,-0.34518125259
1.1126111434,1.330983157e-07,-0.418232616565,-0.34582490946
1.114355048,3.0540839302e-07,-0.41853575522,-0.346481977315
1.1160989526,4.7271928316e-07,-0.41885727452,-0.347152283685
1.1178428572,6.3138292095e-07,-0.41919677395,-0.347835533175
1.1195867619,7.7805432095e-07,-0.41955366067,-0.34853126838
1.1213306665,9.097687048e-07,-0.41992710742,-0.349238834025
1.1230745711,1.02400489475e-06,-0.42031601535,-0.349957344895
1.1248184757,1.1187334975e-06,-0.42071898242,-0.350685658305
1.1265623803,1.19244897845e-06,-0.421134277935,-0.35142235152
1.1283062849,1.24418509385e-06,-0.42155982358,-0.352165704455
1.1300501895,1.2735139776e-06,-0.421993181195,-0.35291368797
1.1317940941,1.2805296906e-06,-0.42243154728,-0.353663957785
1.1335379988,1.2658178228e-06,-0.42287175414,-0.35441385393
1.1352819034,1.23041270505e-06,-0.423310277465,-0.35516040564
1.137025808,1.1757444185e-06,-0.42374324985,-0.355900341335
1.1387697126,1.10357809555e-06,-0.42416647979,-0.356630103315
1.1405136172,1.0159476316e-06,-0.42457547557,-0.35734586668
1.1422575218,9.1508668145e-07,-0.424965473355,-0.35804356198
1.1440014264,8.0335892105e-07,-0.4253314687,-0.3587189009
1.1457453311,6.8319005455e-07,-0.42566825076,-0.359367404435
1.1474892357,5.5700349335e-07,-0.42597043844,-0.359984432905
1.1492331403,4.27161406245e-07,-0.426232517725,-0.360565217145
1.1509770449,2.95912483405e-07,-0.42644887937,-0.361104890265
1.1527209495,1.6534756342e-07,-0.426613856455,-0.361598519435
1.1544648541,3.73637343285e-08,-0.426721761015,-0.362041137125
1.1562087587,-8.636282245e-08,-0.4267669193,-0.362427771365
1.1579526634,-2.0439528958e-07,-0.42674370518,-0.362753474575
1.159696568,-3.1554612534e-07,-0.426646571305,-0.3630133507
1.1614404726,-4.18879153585e-07,-0.426470077715,-0.363202580265
1.1631843772,-5.1370487585e-07,-0.426208917755,-0.36331644331
1.1649282818,-5.9956968e-07,-0.4258579411,-0.36335033992
1.1666721864,-6.7624057185e-07,-0.425412173875,-0.36329980842
1.168416091,-7.4368644855e-07,-0.42486683587,-0.363160541155
1.1701599956,-8.020559439e-07,-0.42421735498,-0.362928397925
1.1719039003,-8.5165487165e-07,-0.423459378955,-0.3625994172
1.1736478049,-8.929232437e-07,-0.42258878465,-0.36216982521
1.1753917095,-9.264120776e-07,-0.42160168499,-0.361636043105
1.1771356141,-9.527623579e-07,-0.420494433975,-0.36099469243
1.1788795187,-9.7268576525e-07,-0.41926362978,-0.36024259895
1.1806234233,-9.8694392105e-07,-0.417906116425,-0.35937679528
1.1823673279,-9.963306874e-07,-0.41641898422,-0.358394522385
1.1841112326,-1.00166057395e-06,-0.414799569205,-0.357293230225
1.1858551372,-1.0037572218e-06,-0.413045451815,-0.356070577725
1.1875990418,-1.00343838795e-06,-0.41115445519,-0.354724432335
1.1893429464,-1.0015008961e-06,-0.40912464316,-0.353252869365
1.191086851,-9.987088906e-07,-0.40695431826,-0.351654171245
1.1928307556,-9.9578432165e-07,-0.404642019855,-0.3499268269
1.1945746602,-9.9339591555e-07,-0.402186522595,-0.34806953133
1.1963185648,-9.9214593765e-07,-0.399586835285,-0.34608118555
1.1980624695,-9.9255469675e-07,-0.39684220031,-0.343960896965
1.1998063741,-9.95044408e-07,-0.39395209362,-0.341707980235
1.2015502787,-9.9992392975e-07,-0.390916225405,-0.33932195866
1.2032941833,-1.00737419795e-06,-0.387734541395,-0.33680256613
1.2050380879,-1.0174350279e-06,-0.384407224665,-0.334149749495
1.2067819925,-1.02999238305e-06,-0.38093469806,-0.33136367141
1.2085258971,-1.04476832465e-06,-0.37731762694,-0.328444713485
1.2102698018,-1.06131418655e-06,-0.37355692218,-0.32539347964
1.2120137064,-1.07900766655e-06,-0.36965374321,-0.32221079943
1.213757611,-1.09705517725e-06,-0.365609500895,-0.318897731295
1.2155015156,-1.11450065845e-06,-0.36142586,-0.31545556533
1.2172454202,-1.1302411146e-06,-0.35710474089,-0.311885825445
1.2189893248,-1.14304884725e-06,-0.352648320305,-0.308190270675
1.2207332294,-1.1516011922e-06,-0.34805903083,-0.30437089528
1.2224771341,-1.15451694315e-06,-0.343339558685,-0.3004299274
1.2242210387,-1.1503985542e-06,-0.338492839735,-0.29636982607
1.2259649433,-1.13787988475e-06,-0.33352205321,-0.29219327621
1.2277088479,-1.1156775198e-06,-0.32843061306,-0.287903181475
1.2294527525,-1.08264412715e-06,-0.32322215663,-0.28350265473
1.2311966571,-1.03782228365e-06,-0.317900530565,-0.27899500597
1.2329405617,-9.8049647845e-07,-0.31246977373,-0.274383727605
1.2346844663,-9.1024096595e-07,-0.306934097265,-0.269672477135
1.236428371,-8.2696178515e-07,-0.30129786166,-0.264865057105
1.2381722756,-7.3093038845e-07,-0.295565551095,-0.2599653926
1.2399161802,-6.2280725575e-07,-0.28974174514,-0.25497750629
1.2416600848,-5.0365392965e-07,-0.283831088245,-0.24990549144
1.2434039894,-3.74931963255e-07,-0.27783825722,-0.2447534831
1.245147894,-2.38488315205e-07,-0.271767927355,-0.239525627945
1.2468917986,-9.652678934e-08,-0.265624737565,-0.23422605317
1.2486357033,4.8434384281e-08,-0.25941325524,-0.22885883507
1.2503796079,1.9361773851e-07,-0.2531379414,-0.22342796776
1.2521235125,3.36053626595e-07,-0.246803116915,-0.21793733279
1.2538674171,4.72656652705e-07,-0.2404129304,-0.212390670145
1.2556113217,6.0031013215e-07,-0.23397132854,-0.20679155136
1.2573552263,7.159552562e-07,-0.227482029645,-0.20114335541
1.2590991309,8.166820109e-07,-0.22094850089,-0.195449247845
1.2608430355,8.99819555e-07,-0.21437393997,-0.1897121638
1.2625869402,9.6302217035e-07,-0.207761261755,-0.183934795435
1.2643308448,1.00434792425e-06,-0.201113090245,-0.178119584045
1.2660747494,1.02232758925e-06,-0.19443175619,-0.172268717235
1.267818654,1.01602092295e-06,-0.187719300745,-0.16638413145
1.2695625586,9.8505781585e-07,-0.180977484965,-0.160467519755
1.2713064632,9.2966361275e-07,-0.17420780533,-0.154520344975
1.2730503678,8.506667565e-07,-0.167411515,-0.148543858035
1.2747942725,7.494883686e-07,-0.160589650425,-0.142539121065
1.2765381771,6.2811410795e-07,-0.153743063005,-0.13650703512
1.2782820817,4.8904912897e-07,-0.14687245501,-0.130448371725
1.2800259863,3.3525727472e-07,-0.139978419235,-0.124363807825
1.2817698909,1.70086578155e-07,-0.13306148151,-0.1182539634
1.2835137955,-2.8167190802e-09,-0.12612214521,-0.11211944085
1.2852577001,-1.79602388515e-07,-0.11916093688,-0.105960865555
1.2870016047,-3.56316468e-07,-0.11217845199,-0.0997789265
1.2887455094,-5.290036964e-07,-0.10517539978,-0.09357441627
1.290489414,-6.9380912405e-07,-0.09815264649,-0.08734826957
1.2922333186,-8.470758539e-07,-0.091111255735,-0.081101599275
1.2939772232,-9.8543580795e-07,-0.084052525465,-0.074835729485
1.2957211278,-1.105891162e-06,-0.076978020555,-0.068552224685
1.2974650324,-1.20588367625e-06,-0.069889600485,-0.062252914555
1.299208937,-1.28335041485e-06,-0.062789441485,-0.055939913805
1.3009528417,-1.33676480995e-06,-0.05568005273,-0.0496156367465
1.3026967463,-1.36516139505e-06,-0.048564286338,-0.0432828062825
1.3044406509,-1.3681447669e-06,-0.041445341,-0.0369444571845
1.3061845555,-1.34588277465e-06,-0.034326759226,-0.0306039336415
1.3079284601,-1.2990844178e-06,-0.027212418381,-0.0242648812225
1.3096723647,-1.2289641499e-06,-0.020106515689,-0.017931233404
1.3114162693,-1.13719367255e-06,-0.0130135477035,-0.0116071931055
1.313160174,-1.0258437766e-06,-0.005938284658,-0.005297209597
1.3149040786,-8.973178478e-07,0.0011142597254,0.0009940487013
1.3166479832,-7.5427952775e-07,0.008138862252,0.0072617248865
1.3183918878,-5.9957736555e-07,0.0151301274125,0.0135008071005
1.3201357924,-4.3616799894e-07,0.0220825270005,0.0197061642955
1.321879697,-2.6704094769e-07,0.028990441247,0.025872583398
1.3236236016,-9.514682098e-08,0.0358482009125,0.0319948073595
1.3253675062,7.6669401385e-08,0.04265012947,0.038067573322
1.3271114109,2.45728040695e-07,0.049390584642,0.0440856502145
1.3288553155,4.09566247585e-07,0.05606399878,0.05004387534
1.3305992201,5.659805957e-07,0.06266491732,0.05593718924
1.3323431247,7.130598334e-07,0.069188034945,0.061760668515
1.3340870293,8.4920779295e-07,0.075628228895,0.06750955607
1.3358309339,9.731568884e-07,0.081980589205,0.07317928861
1.3375748385,1.0839718595e-06,0.088240445445,0.078765521015
1.3393187432,1.18104490355e-06,0.094403389995,0.0842641475
1.3410626478,1.26408332415e-06,0.100465297545,0.0896713195
1.3428065524,1.33309001895e-06,0.10642234104,0.09498346023
1.344550457,1.38833864405e-06,0.112271003945,0.10019727597
1.3462943616,1.4303441931e-06,0.11800808911,0.105309764265
1.3480382662,1.4598308229e-06,0.12363072436,0.110318219145
1.3497821708,1.4776970064e-06,0.129136365065,0.11522023363
1.3515260754,1.484980372e-06,0.134522794035,0.12001369976
1.3532699801,1.482822537e-06,0.139788118925,0.124696806395
1.3550138847,1.4724345132e-06,0.144930767645,0.129268035185
1.3567577893,1.4550641525e-06,0.14994948201,0.13372615489
1.3585016939,1.4319654934e-06,0.15484330997,0.13807021447
1.3602455985,1.40437069475e-06,0.15961159683,0.142299535145
1.3619895031,1.37346479465e-06,0.16425397571,0.14641370183
1.3637334077,1.34036321485e-06,0.168770357585,0.150412554095
1.3654773124,1.3060924259e-06,0.173160921135,0.15429617693
1.367221217,1.2715731218e-06,0.177426102685,0.158064891635
1.3689651216,1.23760632575e-06,0.18156658642,0.161719246815
1.3707090262,1.20486210175e-06,0.18558329502,0.16526000981
1.3724529308,1.17387048135e-06,0.18947738088,0.168688158605
1.3741968354,1.14501506885e-06,0.193250217995,0.172004874235
1.37594074,1.1185287918e-06,0.19690339446,0.175211533855
1.3776846446,1.09449182495e-06,0.2004387058,0.17830970438
1.3794285493,1.07283221195e-06,0.20385814881,0.181301136645
1.3811724539,1.05332852995e-06,0.20716391613,0.18418776018
1.3829163585,1.0356155933e-06,0.210358391205,0.186971678295
1.3846602631,1.01919264695e-06,0.2134441436,0.189655163455
1.3864041677,1.0034346326e-06,0.21642392459,0.192240652895
1.3881480723,9.876069629e-07,0.21930066265,0.194730744115
1.3898919769,9.7088302955e-07,0.222077458775,0.197128190205
1.3916358816,9.5236536435e-07,0.224757581425,0.19943589481
1.3933797862,9.311102389e-07,0.227344460795,0.201656906515
1.3951236908,9.06154915e-07,0.229841682225,0.2037944124
1.3968675954,8.765481063e-07,0.232252978625,0.205851730755
1.3986115,8.413822805e-07,0.23458222157,0.20783230257
1.4003554046,7.9982760415e-07,0.236833411055,0.20973968186
1.4020993092,7.511666761e-07,0.23901066363,0.21157752456
1.4038432139,6.948290471e-07,0.241118198955,0.213349576005
1.4055871185,6.3042411845e-07,0.24316032457,0.215059656855
1.4073310231,5.577714124e-07,0.245141419045,0.21671164761
1.4090749277,4.7692741423e-07,0.24706591334,0.21830947157
1.4108188323,3.8820675563e-07,0.24893827073,0.219857076545
1.4125627369,2.92197571695e-07,0.250762965205,0.221358415295
1.4143066415,1.8976922811e-07,0.252544458775,0.22281742502
1.4160505461,8.2072174055e-08,0.25428717781,0.22423800608
1.4177944508,-2.9471519669e-08,0.25599548883,0.22562400029
1.4195383554,-1.4318667918e-07,0.257673674095,0.226979169095
1.42128226,-2.5717296903e-07,0.259325907445,0.228307172085
1.4230261646,-3.6934193759e-07,0.26095623078,0.229611546115
1.4247700692,-4.7746283871e-07,0.262568531775,0.230895685615
1.4265139738,-5.7921577535e-07,0.26416652322,0.232162824425
1.4282578784,-6.722513879e-07,0.26575372455,0.23341601962
1.4300017831,-7.5425515e-07,0.267333445985,0.23465813775
1.4317456877,-8.2301476465e-07,0.268908775815,0.235891843855
1.4334895923,-8.764885484e-07,0.27048257115,0.237119593675
1.4352334969,-9.1287225555e-07,0.272057452575,0.238343629285
1.4369774015,-9.3066249985e-07,0.27363580294,0.23956597843
1.4387213061,-9.287146746e-07,0.27521977056,0.24078845774
1.4404652107,-9.06292702e-07,0.27681127689,0.242012679915
1.4422091153,-8.631093118e-07,0.27841202873,0.24324006486
1.44395302,-7.9935481845e-07,0.2800235349,0.24447185469
1.4456969246,-7.15713358e-07,0.281647127225,0.245709132505
1.4474408292,-6.1336498935e-07,0.2832839855,0.24695284454
1.4491847338,-4.9397436419e-07,0.2849351661,0.248203825475
1.4509286384,-3.59664742435e-07,0.286601633765,0.24946282636
1.452672543,-2.1297826003e-07,0.288284296,0.250730544735
1.4544164476,-5.682359028e-08,0.28998403942,0.25200765631
1.4561603523,1.05588018885e-07,0.29170176741,0.25329484764
1.4579042569,2.70816685745e-07,0.293438438315,0.254592849095
1.4596481615,4.35275052115e-07,0.295195103395,0.25590246746
1.4613920661,5.9531519715e-07,0.29697294379,0.25722461751
1.4631359707,7.4731817955e-07,0.29877330567,0.258560351795
1.4648798753,8.877840435e-07,0.300597732885,0.259910888165
1.4666237799,1.0134189904e-06,0.30244799634,0.26127763416
1.4683676846,1.12121727735e-06,0.304326119485,0.26266220802
1.4701115892,1.20853627105e-06,0.306234399375,0.264066455585
1.4718554938,1.27316122365e-06,0.30817542274,0.265492462845
1.4735993984,1.3133590382e-06,0.31015207676,0.266942563765
1.475343303,1.32791881655e-06,0.31216755423,0.26841934318
1.4770872076,1.3161784024e-06,0.314225352985,0.2699256347
1.4788311122,1.2780362685e-06,0.316329269565,0.27146451361
1.4805750168,1.2139487776e-06,0.31848338712,0.273039284825
1.4823189215,1.1249125492e-06,0.32069205787,0.27465346619
1.4840628261,1.0124337563e-06,0.32295988038,0.276310767335
1.4858067307,8.7848436305e-07,0.32529167203,0.27801506461
1.4875506353,7.2544759365e-07,0.327692437255,0.279770372405
1.4892945399,5.5605402505e-07,0.33016733207,0.28158081148
1.4910384445,3.7331069347e-07,0.332721625625,0.28345057495
1.4927823491,1.8042496386e-07,0.3353606593,0.28538389231
1.4945262538,-1.9274290497e-08,0.338089804335,0.28738499249
1.4962701584,-2.2241562758e-07,0.34091441851,0.28945806627
1.498014063,-4.2566257463e-07,0.343839802615,0.291607228835
1.4997579676,-6.2578766335e-07,0.34687115763,0.29383648309
1.5015018722,-8.19739987e-07,0.350013543075,0.29614968434
1.5032457768,-1.0047060045e-06,0.353271837295,0.298550506765
1.5049896814,-1.1781618403e-06,0.3566507001,0.301042412245
1.506733586,-1.3379157504e-06,0.36015453854,0.303628622005
1.5084774907,-1.48214018835e-06,0.363787475835,0.30631209123
1.5102213953,-1.60939386815e-06,0.367553324235,0.30909548717
1.5119652999,-1.71863253905e-06,0.37145556165,0.31198117069
1.5137092045,-1.80920977365e-06,0.37549731255,0.314971181535
1.5154531091,-1.88086794475e-06,0.3796813329,0.318067227245
1.5171970137,-1.9337206003e-06,0.38400999945,0.32127067577
1.5189409183,-1.96822620425e-06,0.388485302935,0.32458255158
1.520684823,-1.98515601735e-06,0.393108845315,0.32800353521
1.5224287276,-1.98555584475e-06,0.39788184062,0.331533965885
1.5241726322,-1.97070436635e-06,0.4028051193,0.335173847185
1.5259165368,-1.9420678732e-06,0.40787913558,0.33892285514
1.5276604414,-1.9012542901e-06,0.413103977545,0.34278034874
1.529404346,-1.84996687135e-06,0.418479379625,0.346745382295
1.5311482506,-1.7899583177e-06,0.424004736965,0.350816719445
1.5328921552,-1.7229876831e-06,0.42967912139,0.35499284835
1.5346360599,-1.6507794326e-06,0.435501298395,0.359271997755
1.5363799645,-1.5749869353e-06,0.44146974515,0.36365215375
1.5381238691,-1.4971590939e-06,0.447582668665,0.368131076665
1.5398677737,-1.4187124392e-06,0.4538380242,0.37270631797
1.5416116783,-1.34090774315e-06,0.46023353341,0.377375237
1.5433555829,-1.2648315506e-06,0.46676670215,0.382135017185
1.5450994875,-1.19138301725e-06,0.473434837415,0.38698268158
1.5468433922,-1.12126559425e-06,0.480235063675,0.39191510773
1.5485872968,-1.05498340895e-06,0.48716433813,0.39692904162
1.5503312014,-9.9284230005e-07,0.49421946497,0.402021110685
1.552075106,-9.3495534095e-07,0.50139710865,0.40718783596
1.5538190106,-8.8125178545e-07,0.50869380595,0.41242564325
1.5555629152,-8.3149044315e-07,0.51610597735,0.41773087339
1.5573068198,-7.8527590265e-07,0.5236299371,0.423099791805
1.5590507245,-7.420775716e-07,0.5312619028,0.42852859726
1.5607946291,-7.012517511e-07,0.53899800425,0.434013430065
1.5625385337,-6.620657217e-07,0.54683429165,0.439550379825
1.5642824383,-6.2372356445e-07,0.55476674365,0.445135492835
1.5660263429,-5.853935059e-07,0.56279127495,0.45076477932
1.5677702475,-5.462363617e-07,0.57090374455,0.45643422063
1.5695141521,-5.054342611e-07,0.57909996335,0.462139776545
1.5712580567,-4.62219482135e-07,0.5873757028,0.46787739279
1.5730019614,-4.1590304811e-07,0.5957267036,0.47364300891
1.574745866,-3.65901611785e-07,0.60414868545,0.479432566555
1.5764897706,-3.1176317361e-07,0.61263735705,0.485242018255
1.5782336752,-2.53190021725e-07,0.6211884273,0.49106733674
1.5799775798,-1.900588964e-07,0.62979761695,0.49690452479
1.5817214844,-1.22437257555e-07,0.63846067145,0.50274962565
1.583465389,-5.0595153065e-08,0.6471733742,0.5085987338
1.5852092937,2.4987395486e-08,0.65593156055,0.51444800615
1.5869531983,1.03619471335e-07,0.66473113225,0.52029367365
1.5886971029,1.8440310945e-07,0.6735680724,0.52613205265
1.5904410075,2.66244221115e-07,0.6824384603,0.5319595565
1.5921849121,3.4786941383e-07,0.691338486,0.5377727066
1.5939288167,4.27849305985e-07,0.700264465,0.54356814325
1.5956727213,5.046281365e-07,0.7092128513,0.54934263545
1.5974166259,5.765585176e-07,0.7181802501,0.55509308975
1.5991605306,6.419422244e-07,0.72716342875,0.5608165581
1.6009044352,6.99074143e-07,0.73615932595,0.5665102437
1.6026483398,7.4629039335e-07,0.7451650589,0.5721715059
1.6043922444,7.820179171e-07,0.754177928,0.57779786225
1.606136149,8.0482482345e-07,0.76319541915,0.5833869892
1.6078800536,8.1347034385e-07,0.7722152028,0.5889367201
1.6096239582,8.0695205795e-07,0.78123513015,0.594445041
1.6113678629,7.8454931995e-07,0.7902532261,0.5999100841
1.6131117675,7.458617529e-07,0.7992676791,0.6053301186
1.6148556721,6.908404626e-07,0.80827682735,0.61070353925
1.6165995767,6.1981148825e-07,0.81727914245,0.61602885285
1.6183434813,5.3349008545e-07,0.8262732094,0.62130466215
1.6200873859,4.3298481467e-07,0.83525770445,0.62652964845
1.6218312905,3.19791251815e-07,0.84423137,0.6317025522
1.6235751952,1.9577457988e-07,0.8531929878,0.6368221526
1.6253190998,6.3141852855e-08,0.86214135035,0.64188724585
1.6270630044,-7.55970897e-08,0.8710752311,0.6468966234
1.628806909,-2.17677320615e-07,0.8799933544,0.6518490499
1.6305508136,-3.6013581839e-07,0.88889436525,0.65674324145
1.6322947182,-4.99875749125e-07,0.89777679955,0.66157784455
1.6340386228,-6.337361913e-07,0.906639056,0.666351417
1.6357825274,-7.5856579075e-07,0.91547936955,0.6710624095
1.6375264321,-8.712981503e-07,0.92429578735,0.6757091503
1.6392703367,-9.6902726675e-07,0.93308614785,0.680289832
1.6410142413,-1.04908021715e-06,0.9418480635,0.684802501
1.6427581459,-1.10908557615e-06,0.9505789072,0.68924505055
1.6445020505,-1.14703550545e-06,0.9592758033,0.69361521705
1.6462459551,-1.1613393691e-06,0.9679356235,0.6979105795
1.6479898597,-1.15086750685e-06,0.97655498715,0.7021285633
1.6497337644,-1.11498412725e-06,0.98513026725,0.70626644705
1.651477669,-1.0535677497e-06,0.9936576008,0.7103213734
1.6532215736,-9.6701883445e-07,1.0021329047,0.7142903631
1.6549654782,-8.562549475e-07,1.01055189615,0.7181703322
1.6567093828,-7.2269276675e-07,1.0189101176,0.72195811275
1.6584532874,-5.682173232e-07,1.02720296575,0.7256504755
1.660197192,-3.9514035377e-07,1.03542572455,0.72924415545
1.6619410966,-2.0614767393e-07,1.04357360095,0.73273587865
1.6636850013,-4.23850399225e-09,1.0516417635,0.7361223908
1.6654289059,2.0734282624e-07,1.05962538265,0.73940048655
1.6671728105,4.25180252115e-07,1.06751967275,0.7425670391
1.6689167151,6.457623908e-07,1.07531993405,0.7456190299
1.6706606197,8.655602596e-07,1.0830215949,0.74855357725
1.6724045243,1.0811039952e-06,1.0906202533,0.75136796415
1.6741484289,1.28905656705e-06,1.09811171665,0.7540596646
1.6758923336,1.4862825859e-06,1.10549203965,0.75662636745
1.6776362382,1.6699111566e-06,1.1127575595,0.7590659985
1.6793801428,1.8373899069e-06,1.1199049279,0.76137673955
1.6811240474,1.9865307621e-06,1.1269311397,0.76355704435
1.682867952,2.1155450586e-06,1.1338335573,0.7656056522
1.6846118566,2.22306846265e-06,1.1406099312,0.76752159745
1.6863557612,2.3081750289e-06,1.1472584157,0.76930421605
1.6880996658,2.37037998395e-06,1.1537775808,0.77095314915
1.6898435705,2.40963276e-06,1.16016641895,0.77246834275
1.6915874751,2.42629945855e-06,1.1664243478,0.7738500449
1.6933313797,2.4211367605e-06,1.17255120835,0.77509879945
1.6950752843,2.3952576006e-06,1.1785472595,0.7762154375
1.6968191889,2.35009000595e-06,1.18441316825,0.7772010659
1.6985630935,2.28733106345e-06,1.19014999715,0.77805705405
1.7003069981,2.20889609935e-06,1.1957591878,0.77878501825
1.7020509028,2.116865766e-06,1.20124254275,0.77938680525
1.7037948074,2.0134322626e-06,1.20660220415,0.77986447355
1.705538712,1.9008449953e-06,1.2118406315,0.78022027485
1.7072826166,1.78135858565e-06,1.2169605774,0.78045663405
1.7090265212,1.6571833378e-06,1.22196506275,0.78057612945
1.7107704258,1.53043950845e-06,1.22685735145,0.78058147305
1.7125143304,1.4031160317e-06,1.231640925,0.7804754905
1.7142582351,1.2770353025e-06,1.2363194573,0.78026110245
1.7160021397,1.1538233924e-06,1.2408967902,0.7799413059
1.7177460443,1.03488648485e-06,1.2453769097,0.77951915675
1.7194899489,9.21394544e-07,1.24976392375,0.77899775355
1.7212338535,8.1427081465e-07,1.25406204075,0.77838022185
1.7229777581,7.141881836e-07,1.25827554995,0.77766970055
1.7247216627,6.215717746e-07,1.2624088034,0.7768693286
1.7264655673,5.366071504e-07,1.2664661991,0.7759822337
1.728209472,4.5925411807e-07,1.27045216625,0.77501152195
1.7299533766,3.8926517565e-07,1.2743711517,0.77396026835
1.7316972812,3.26208426935e-07,1.2782276081,0.77283150915
1.7334411858,2.69493771745e-07,1.2820259832,0.7716282343
1.7351850904,2.1840175779e-07,1.28577071075,0.77035338185
1.736928995,1.7211514436e-07,1.2894662021,0.76900983205
1.7386728996,1.29751104305e-07,1.29311683895,0.7676004032
1.7404168043,9.039426152e-08,1.29672696695,0.76612784715
1.7421607089,5.3129964315e-08,1.3003008896,0.7645948461
1.7439046135,1.70759767435e-08,1.3038428629,0.76300400895
1.7456485181,-1.8586646111e-08,1.30735708995,0.7613578686
1.7473924227,-5.4585483355e-08,1.31084771585,0.75965887885
1.7491363273,-9.1531043855e-08,1.3143188227,0.7579094119
1.7508802319,-1.29894767165e-07,1.31777442405,0.75611175545
1.7526241365,-1.6999057162e-07,1.32121845975,0.75426811
1.7543680412,-2.11961243e-07,1.3246547902,0.75238058635
1.7561119458,-2.55769075365e-07,1.32808719035,0.75045120245
1.7578558504,-3.0119207961e-07,1.331519344,0.7484818812
1.759599755,-3.4782469682e-07,1.33495483715,0.74647444725
1.7613436596,-3.9508456784e-07,1.33839715215,0.74443062485
1.7630875642,-4.42224498685e-07,1.3418496612,0.74235203525
1.7648314688,-4.8834918609e-07,1.3453156208,0.7402401945
1.7665753735,-5.324375857e-07,1.34879816585,0.73809651175
1.7683192781,-5.73369649e-07,1.35230030475,0.73592228805
1.7700631827,-6.0995695995e-07,1.35582491555,0.73371871525
1.7718070873,-6.409771297e-07,1.3593747423,0.73148687595
1.7735509919,-6.6521116115e-07,1.36295239355,0.72922774415
1.7752948965,-6.8148196255e-07,1.36656034145,0.7269421866
1.7770388011,-6.8869477345e-07,1.370200923,0.72463096495
1.7787827058,-6.858767859e-07,1.37387634285,0.72229473915
1.7805266104,-6.7221580245e-07,1.37758867795,0.7199340715
1.782270515,-6.4709677895e-07,1.3813398844,0.71754943185
1.7840144196,-6.1013476215e-07,1.38513180615,0.7151412037
1.7857583242,-5.61203381e-07,1.38896618605,0.7127096914
1.7875022288,-5.0045788625e-07,1.39284467865,0.7102551279
1.7892461334,-4.28351892845e-07,1.39676886525,0.7077776836
1.790990038,-3.45646603005e-07,1.4007402706,0.7052774757
1.7927339427,-2.5341264087e-07,1.40476038155,0.70275457805
1.7944778473,-1.5302330514e-07,1.4088306666,0.7002090313
1.7962217519,-4.61396837405e-08,1.41295259685,0.69764085345
1.7979656565,6.531294672e-08,1.41712766785,0.6950500501
1.7997095611,1.79176468105e-07,1.42135742165,0.6924366246
1.8014534657,2.93099500225e-07,1.42564346855,0.6898005876
1.8031973703,4.045831975e-07,1.42998750895,0.68714196615
1.804941275,5.110336321e-07,1.4343913536,0.68446081155
1.8066851796,6.098183236e-07,1.43885694315,0.6817572065
1.8084290842,6.983266576e-07,1.44338636495,0.67903127065
1.8101729888,7.740318275e-07,1.4479818684,0.6762831647
1.8119168934,8.3455333475e-07,1.452645877,0.67351309315
1.813660798,8.777179261e-07,1.45738099745,0.67072130495
1.8154047026,9.016174668e-07,1.4621900252,0.66790809265
1.8171486072,9.0466222015e-07,1.46707594655,0.66507378945
1.8188925119,8.856279904e-07,1.47204193625,0.66221876475
1.8206364165,8.4369538025e-07,1.47709135155,0.65934341725
1.8223803211,7.784804801e-07,1.48222772195,0.65644816695
1.8241242257,6.9005538505e-07,1.48745473425,0.65353344515
1.8258681303,5.7895859495e-07,1.4927762145,0.65059968285
1.8276120349,4.4619400674e-07,1.49819610525,0.64764729825
1.8293559395,2.9321895745e-07,1.5037184396,0.64467668255
1.8310998442,1.2192103438e-07,1.50934731175,0.64168818555
1.8328437488,-6.5415270425e-08,1.51508684495,0.6386821
1.8345876534,-2.6615199211e-07,1.5209411567,0.6356586461
1.836331558,-4.7734980413e-07,1.5269143222,0.63261795575
1.8380754626,-6.958273596e-07,1.53301033665,0.6295600571
1.8398193672,-9.18227136e-07,1.53923307645,0.62648485955
1.8415632718,-1.14108484885e-06,1.54558626065,0.6233921397
1.8433071764,-1.36090180235e-06,1.55207341255,0.6202815284
1.8450510811,-1.57421816695e-06,1.5586978226,0.61715249885
1.8467949857,-1.7776844552e-06,1.5654625131,0.61400435675
1.8485388903,-1.9681309277e-06,1.5723702049,0.61083623155
1.8502827949,-2.14263164435e-06,1.5794232871,0.60764707
1.8520266995,-2.298562643e-06,1.5866237899,0.6044356317
1.8537706041,-2.43365246565e-06,1.5939733609,0.60120048655
1.8555145087,-2.54602391945e-06,1.6014732458,0.5979400143
1.8572584134,-2.6342266618e-06,1.60912427315,0.59465240635
1.859002318,-2.697259055e-06,1.61692684315,0.5913356694
1.8607462226,-2.73457939905e-06,1.62488092155,0.58798763145
1.8624901272,-2.74610705565e-06,1.63298603755,0.58460594915
1.8642340318,-2.73221251735e-06,1.64124128665,0.58118811735
1.8659779364,-2.6936981534e-06,1.64964533725,0.57773148
1.867721841,-2.6317695079e-06,1.65819644175,0.57423324215
1.8694657457,-2.54799858155e-06,1.6668924514,0.5706904839
1.8712096503,-2.444279501e-06,1.67573083465,0.56710017415
1.8729535549,-2.32277916345e-06,1.6847086982,0.56345918615
1.8746974595,-2.18588278865e-06,1.69382281155,0.55976431275
1.8764413641,-2.03613693685e-06,1.70306963295,0.55601228235
1.8781852687,-1.8761908971e-06,1.71244533765,0.55219977445
1.8799291733,-1.70873814265e-06,1.7219458473,0.54832343555
1.8816730779,-1.53645905165e-06,1.7315668601,0.5443798942
1.8834169826,-1.36196649515e-06,1.7413038814,0.5403657757
1.8851608872,-1.18775518585e-06,1.7511522543,0.5362777161
1.8869047918,-1.0161559816e-06,1.76110718945,0.5321123752
1.8886486964,-8.492962139e-07,1.7711637945,0.5278664488
1.890392601,-6.8906610975e-07,1.7813171019,0.52353667995
1.8921365056,-5.370928008e-07,1.7915620955,0.51911986855
1.8938804102,-3.94721222375e-07,1.8018937352,0.5146128807
1.8956243149,-2.6300265854e-07,1.81230697995,0.51001265615
1.8973682195,-1.42690798065e-07,1.8227968084,0.50531621505
1.8991121241,-3.42449124615e-08,1.83335823775,0.50052066335
1.9008560287,6.216046844e-08,1.8439863401,0.495623197345
1.9025999333,1.4661883929e-07,1.85467625675,0.490621106925
1.9043438379,2.19470350225e-07,1.86542321055,0.48551177828
1.9060877425,2.81274817325e-07,1.87622251585,0.480292695435
1.9078316471,3.3278117484e-07,1.88706958685,0.47496144117
1.9095755518,3.74893344145e-07,1.89795994395,0.46951569722
1.9113194564,4.0863459838e-07,1.9088892187,0.46395324393
1.913063361,4.35109734355e-07,1.9198531573,0.458271959405
1.9148072656,4.5546784122e-07,1.9308476226,0.452469818225
1.9165511702,4.7086505528e-07,1.94186859555,0.446544889895
1.9182950748,4.82428783035e-07,1.95291217525,0.440495336995
1.9200389794,4.9122477197e-07,1.9639745789,0.4343194132
1.9217828841,4.98226607195e-07,1.97505214085,0.428015461115
1.9235267887,5.042891077e-07,1.9861413115,0.42158191009
1.9252706933,5.101261885e-07,1.99723865605,0.415017273945
1.9270145979,5.16293186e-07,2.00834085295,0.408320148715
1.9287585025,5.2317441215e-07,2.01944469255,0.4014892104
1.9305024071,5.309762491e-07,2.0305470756,0.394523212715
1.9322463117,5.3972549765e-07,2.0416450118,0.38742098486
1.9339902164,5.4927318805e-07,2.0527356188,0.38018142936
1.935734121,5.593041752e-07,2.0638161205,0.372803519835
1.9374780256,5.693514493e-07,2.07488384585,0.365286298815
1.9392219302,5.7881549275e-07,2.08593622735,0.357628875575
1.9409658348,5.86988097e-07,2.09697079935,0.34983042389
1.9427097394,5.93079455e-07,2.1079851959,0.341890179765
1.944453644,5.962490973e-07,2.1189771484,0.333807439185
1.9461975486,5.9563842745e-07,2.1299444822,0.325581555755
1.9479414533,5.904054551e-07,2.1408851132,0.317211938315
1.9496853579,5.7975944325e-07,2.15179704275,0.30869804856
1.9514292625,5.629959249e-07,2.1626783526,0.30003939857
1.9531731671,5.395299235e-07,2.1735271979,0.29123554841
1.9549170717,5.089273225e-07,2.18434179985,0.282286103725
1.9566609763,4.70932953745e-07,2.19512043685,0.2731907134
1.9584048809,4.25494700585e-07,2.2058614348,0.26394906733
1.9601487856,3.72782704705e-07,2.21656315605,0.25456089432
1.9618926902,3.1320323002e-07,2.22722398745,0.24502596022
1.9636365948,2.4740633431e-07,2.23784232775,0.235344066235
1.9653804994,1.7628676574e-07,2.24841657385,0.22551504762
1.967124404,1.00978517215e-07,2.25894510685,0.2155387726
1.9688683086,2.284178402e-08,2.2694262773,0.205415141795
1.9706122132,-5.6556748175e-08,2.27985839105,0.19514408799
1.9723561178,-1.3547012123e-07,2.29023969435,0.184725576375
1.9741000225,-2.12003983815e-07,2.3005683604,0.17415960529
1.9758439271,-2.84154758055e-07,2.31084247595,0.163446207415
1.9775878317,-3.49852907755e-07,2.3210600295,0.152585451505
1.9793317363,-4.07010380955e-07,2.33121890065,0.14157744452
1.9810756409,-4.53570367375e-07,2.3413168516,0.130422334295
1.9828195455,-4.87558562965e-07,2.3513515204,0.11912031252
1.9845634501,-5.071353948e-07,2.3613204168,0.10767161811
1.9863073548,-5.1064681095e-07,2.3712209208,0.096076540855
1.9880512594,-4.9667260027e-07,2.38105028395,0.08433542522
1.989795164,-4.6407147847e-07,2.3908056338,0.07244867425
1.9915390686,-4.12020673135e-07,2.40048398165,0.06041675347
1.9932829732,-3.4004937477e-07,2.41008223325,0.048240194611
1.9950268778,-2.4806518506e-07,2.41959720325,0.0359195991195
1.9967707824,-1.36372141355e-07,2.4290256324,0.0234556412605
1.998514687,-5.6800536495e-09,2.43836420825,0.010849070736
2.0000842012,1.2727331966e-07,2.44668933975,-0.0006180945775
