0.0013079284601,4.6987247426e-09,-2.0489943828e-05,-5.2543125255e-11
0.0026158569202,-2.2478074957e-09,-8.7244383145e-05,-8.9431045675e-10
0.0039237853803,-1.42124034765e-08,-0.000193670839445,-4.4638861275e-09
0.0052317138404,1.09904835235e-08,-0.0003406501617,-1.3949231454e-08
0.0065396423006,1.5403539555e-08,-0.0005389139416,-3.4458492551e-08
0.0078475707607,-2.00213706725e-08,-0.00077700877005,-7.1495750635e-08
0.0091554992208,-2.7506052991e-10,-0.0010552679033,-1.3207645151e-07
0.010463427681,1.87061310885e-08,-0.00138336339595,-2.2599426812e-07
0.011771356141,-1.5604292858e-08,-0.00175409056925,-3.62437062815e-07
0.013079284601,-4.05711575445e-09,-0.00216639174195,-5.522640491e-07
0.014387213061,1.64812913315e-08,-0.0026270094982,-8.097870324e-07
0.015695141521,-1.3767390006e-08,-0.0031317064841,-1.1481038757e-06
0.017003069981,-8.797013118e-09,-0.0036793609498,-1.58201422785e-06
0.018310998442,1.0410089457e-08,-0.0042745530024,-2.1301565448e-06
0.019618926902,-1.23468624215e-08,-0.00491488201595,-2.80978847065e-06
0.020926855362,-1.057425536e-08,-0.0055993815015,-3.6397463022e-06
0.022234783822,6.54747645e-09,-0.0063310156295,-4.6427490261e-06
0.023542712282,-7.337883079e-09,-0.007108549402,-5.840401106e-06
0.024850640742,-6.553993459e-09,-0.0079313239575,-7.255746125e-06
0.026158569202,6.489780935e-09,-0.008801147906,-8.9153996725e-06
0.027466497662,-4.7288561955e-10,-0.0097174408235,-1.0845363895e-05
0.028774426122,1.75464087705e-09,-0.0106798558015,-1.3073031942e-05
0.030082354583,1.2673803673e-08,-0.0116894433105,-1.5628842662e-05
0.031390283043,1.19105392215e-08,-0.012745985876,-1.85432045505e-05
0.032698211503,1.4911191726e-08,-0.013849392923,-2.1847964937e-05
0.034006139963,2.06913181035e-08,-0.015000211723,-2.55773468115e-05
0.035314068423,2.1393994909e-08,-0.016198383725,-2.97660767805e-05
0.036621996883,2.5329266462e-08,-0.017444019001,-3.4450520447e-05
0.037929925343,2.92802004865e-08,-0.01873739077,-3.9668783072e-05
0.039237853803,3.27632476705e-08,-0.0200785055825,-4.5459856911e-05
0.040545782263,3.83317266815e-08,-0.021467582073,-5.1864583815e-05
0.041853710724,3.98570676465e-08,-0.02290471874,-5.8924962195e-05
0.043161639184,4.28812568785e-08,-0.024389920988,-6.6684129675e-05
0.044469567644,4.8740245173e-08,-0.0259234732365,-7.518736484e-05
0.045777496104,4.9671936009e-08,-0.0275054162525,-8.448071597e-05
0.047085424564,5.4033225115e-08,-0.0291357584865,-9.4611481855e-05
0.048393353024,6.186789414e-08,-0.0308148019975,-0.000105629296885
0.049701281484,6.302813549e-08,-0.032542548058,-0.00011758425104
0.051009209944,6.641584782e-08,-0.0343189686145,-0.00013052764591
0.052317138404,7.2710859555e-08,-0.036144332391,-0.00014451326508
0.053625066865,7.2023267905e-08,-0.0380186286485,-0.000159595245145
0.054932995325,7.376525779e-08,-0.039941818889,-0.000175828906045
0.056240923785,7.9642209495e-08,-0.0419141470035,-0.00019327214673
0.057548852245,8.003171459e-08,-0.043935615763,-0.000211983214345
0.058856780705,8.3204793055e-08,-0.046006185067,-0.000232021447255
0.060164709165,9.1071142295e-08,-0.0481260593955,-0.00025344873622
0.061472637625,9.407964685e-08,-0.050295241125,-0.000276327341985
0.062780566085,9.861558514e-08,-0.05251367116,-0.000300720470285
0.064088494545,1.07104253245e-07,-0.054781491585,-0.00032669376057
0.065396423006,1.11564593675e-07,-0.05709869275,-0.000354313331415
0.066704351466,1.1707397829e-07,-0.059465207675,-0.000383646204315
0.068012279926,1.2567860086e-07,-0.061881134855,-0.000414761719785
0.069320208386,1.29789964885e-07,-0.064346457735,-0.000447729788645
0.070628136846,1.32736552305e-07,-0.06686109407,-0.000482621098485
0.071936065306,1.37057809545e-07,-0.06942508145,-0.00051950840895
0.073243993766,1.377474218e-07,-0.07203837476,-0.00055846513455
0.074551922226,1.3835724788e-07,-0.07470087769,-0.00059956548075
0.075859850686,1.4195493392e-07,-0.077412594505,-0.0006428856263
0.077167779147,1.446778225e-07,-0.080173480805,-0.00068850257445
0.078475707607,1.48560291845e-07,-0.082983449035,-0.00073649412715
0.079783636067,1.5550091492e-07,-0.085842477175,-0.00078693981155
0.081091564527,1.6194198482e-07,-0.08875049893,-0.0008399199289
0.082399492987,1.6877858833e-07,-0.09170740055,-0.0008955154511
0.083707421447,1.7729765156e-07,-0.09471310507,-0.00095380878835
0.085015349907,1.8475822261e-07,-0.097767500725,-0.0010148830933
0.086323278367,1.91697271945e-07,-0.10087043744,-0.0010788221604
0.087631206827,1.9922707928e-07,-0.104021789415,-0.001145711044
0.088939135288,2.0554762059e-07,-0.10722140786,-0.0012156355503
0.090247063748,2.11174364105e-07,-0.110469116245,-0.0012886821338
0.091554992208,2.1712476539e-07,-0.11376475305,-0.0013649383526
0.092862920668,2.2227980845e-07,-0.117108138815,-0.00144449247445
0.094170849128,2.27039897995e-07,-0.120499069815,-0.0015274333542
0.095478777588,2.32134053645e-07,-0.123937345745,-0.00161385073945
0.096786706048,2.3678563277e-07,-0.127422748295,-0.0017038349765
0.098094634508,2.41252942625e-07,-0.130955038205,-0.00179747692435
0.099402562968,2.46024936535e-07,-0.13453397493,-0.0018948681796
0.10071049143,2.5060261921e-07,-0.13815930328,-0.0019961008661
0.10201841989,2.5519679703e-07,-0.14183075108,-0.0021012675583
0.10332634835,2.60111612805e-07,-0.145548039585,-0.0022104613918
0.10463427681,2.6498067629e-07,-0.14931087227,-0.00232377586005
0.10594220527,2.69892688755e-07,-0.15311893218,-0.00244130472185
0.10725013373,2.74908598665e-07,-0.156971887415,-0.00256314203395
0.10855806219,2.7966733096e-07,-0.160869383795,-0.00268938198115
0.10986599065,2.8416396458e-07,-0.16481104491,-0.0028201188147
0.11117391911,2.88362062005e-07,-0.16879647654,-0.0029554468655
0.11248184757,2.92041543725e-07,-0.172825262955,-0.0030954604216
0.11378977603,2.9531463108e-07,-0.176896969115,-0.00324025370375
0.11509770449,2.98245983465e-07,-0.181011144165,-0.00338992086865
0.11640563295,3.00799343765e-07,-0.185167318895,-0.0035445559052
0.11771356141,3.03152025705e-07,-0.18936500728,-0.00370425260235
0.11902148987,3.0532582851e-07,-0.193603706815,-0.00386910449645
0.12032941833,3.07223882445e-07,-0.197882894335,-0.0040392047257
0.12163734679,3.0888155922e-07,-0.20220202543,-0.00421464594835
0.12294527525,3.10184694595e-07,-0.20656053308,-0.0043955202409
0.12425320371,3.1099879061e-07,-0.210957824245,-0.00458191894805
0.12556113217,3.1138912282e-07,-0.21539328091,-0.00477393261955
0.12686906063,3.11370521035e-07,-0.219866260705,-0.00497165094035
0.12817698909,3.11008577225e-07,-0.224376096075,-0.005175162626
0.12948491755,3.1053210281e-07,-0.228922096015,-0.005384555377
0.13079284601,3.1004441514e-07,-0.23350354557,-0.0055999157785
0.13210077447,3.09562592225e-07,-0.2381197023,-0.0058213291295
0.13340870293,3.09083991735e-07,-0.24276979337,-0.0060488792705
0.13471663139,3.08368072745e-07,-0.2474530104,-0.0062826483475
0.13602455985,3.070480592e-07,-0.252168502915,-0.0065227165225
0.13733248831,3.0479564983e-07,-0.2569153748,-0.006769161742
0.13864041677,3.0125976991e-07,-0.26169268244,-0.00702205954
0.13994834523,2.9625343845e-07,-0.26649943534,-0.007281482897
0.14125627369,2.89928861475e-07,-0.27133460201,-0.0075475022465
0.14256420215,2.8269225294e-07,-0.27619711804,-0.0078201855615
0.14387213061,2.75236408665e-07,-0.28108589468,-0.0080995984705
0.14518005907,2.68501160195e-07,-0.285999827095,-0.0083858043955
0.14648798753,2.63395588675e-07,-0.29093779797,-0.0086788645705
0.14779591599,2.6062874636e-07,-0.29589867384,-0.008978837852
0.14910384445,2.60554558485e-07,-0.300881294305,-0.0092857802965
0.15041177291,2.62939053865e-07,-0.305884453175,-0.009599744451
0.15171970137,2.6693888211e-07,-0.31090687357,-0.009920778391
0.15302762983,2.7121480617e-07,-0.31594718188,-0.010248924636
0.15433555829,2.74070258155e-07,-0.321003884455,-0.0105842190735
0.15564348675,2.73775510595e-07,-0.32607535189,-0.0109266900515
0.15695141521,2.6895197458e-07,-0.33115981585,-0.0112763578425
0.15825934367,2.5886388588e-07,-0.336255380025,-0.0116332345795
0.15956727213,2.43687081625e-07,-0.341360045285,-0.0119973247165
0.16087520059,2.24640783755e-07,-0.34647174707,-0.012368626004
0.16218312905,2.03880662355e-07,-0.35158839959,-0.012747130831
0.16349105751,1.84251119915e-07,-0.356707939745,-0.0131328277
0.16479898597,1.68887084875e-07,-0.361828362615,-0.0135257025375
0.16610691443,1.6067966957e-07,-0.36694773882,-0.0139257394375
0.16741484289,1.61764343585e-07,-0.372064204435,-0.0143329204125
0.16872277135,1.730942778e-07,-0.37717591622,-0.014747223755
0.17003069981,1.9414878871e-07,-0.382280967115,-0.015168620676
0.17133862827,2.22888690835e-07,-0.38737726237,-0.015597070059
0.17264655673,2.55958920725e-07,-0.392462362875,-0.016032511438
0.17395448519,2.8909497851e-07,-0.397533309365,-0.016474856612
0.17526241365,3.1771060227e-07,-0.40258644799,-0.0169239806735
0.17657034211,3.3755970519e-07,-0.407617283085,-0.0173797135405
0.17787827058,3.4535244664e-07,-0.412620384755,-0.017841833282
0.17918619904,3.3925185716e-07,-0.41758937627,-0.0183100625675
0.1804941275,3.19159840225e-07,-0.422517019575,-0.018784069377
0.18180205596,2.86740264865e-07,-0.427395405675,-0.0192634726965
0.18310998442,2.4519762609e-07,-0.432216242775,-0.019747853348
0.18441791288,1.9884119351e-07,-0.436971221125,-0.0202367694035
0.18572584134,1.52501869465e-07,-0.44165242091,-0.02072977497
0.1870337698,1.1090606211e-07,-0.446252721865,-0.0212264406015
0.18834169826,7.8091780265e-08,-0.45076617105,-0.0217263732645
0.18964962672,5.694426042e-08,-0.455188269315,-0.022229233791
0.19095755518,4.89161960935e-08,-0.45951614674,-0.0227347500015
0.19226548364,5.3949850145e-08,-0.4637486112,-0.0232427242245
0.1935734121,7.0591771315e-08,-0.46788606942,-0.023753034629
0.19488134056,9.627236508e-08,-0.471930335035,-0.024265630522
0.19618926902,1.27691021645e-07,-0.475884349785,-0.024780522466
0.19749719748,1.61244526065e-07,-0.4797518519,-0.025297768575
0.19880512594,1.934442051e-07,-0.48353702786,-0.02581745868
0.2001130544,2.21267212885e-07,-0.48724418184,-0.0263396980885
0.20142098286,2.42408107475e-07,-0.49087745037,-0.026864592526
0.20272891132,2.55418372565e-07,-0.49444058127,-0.0273922354865
0.20403683978,2.59730556505e-07,-0.49793678589,-0.027922698785
0.20534476824,2.5558254402e-07,-0.50136866435,-0.028456026635
0.2066526967,2.4386907771e-07,-0.50473819595,-0.0289922331295
0.20796062516,2.2594718596e-07,-0.50804678155,-0.029531302669
0.20926855362,2.03425362665e-07,-0.511295322,-0.0300731926505
0.21057648208,1.77965073235e-07,-0.51448431635,-0.0306178376465
0.21188441054,1.5111248086e-07,-0.51761396595,-0.0311651542945
0.213192339,1.24174240335e-07,-0.5206842725,-0.0317150462495
0.21450026746,9.814397628e-08,-0.52369512205,-0.0322674086845
0.21580819592,7.367661481e-08,-0.5266463517,-0.032822132021
0.21711612438,5.1104115385e-08,-0.52953779635,-0.0333791047315
0.21842405284,3.04832603605e-08,-0.53236931855,-0.033938215206
0.2197319813,1.1661768773e-08,-0.53514082265,-0.034499352785
0.22103990976,-5.648903567e-09,-0.53785225795,-0.0350624081115
0.22234783822,-2.18039086785e-08,-0.5405036144,-0.0356272730035
0.22365576668,-3.7167188771e-08,-0.5430949135,-0.0361938400175
0.22496369514,-5.207001219e-08,-0.54562619815,-0.036762001867
0.2262716236,-6.678637643e-08,-0.54809752225,-0.0373316508175
0.22757955206,-8.152486186e-08,-0.5505089423,-0.0379026781385
0.22888748052,-9.6432936635e-08,-0.55286051055,-0.038474973665
0.23019540898,-1.1160884994e-07,-0.555152271,-0.0390484254855
0.23150333744,-1.27116678295e-07,-0.55738425705,-0.039622919767
0.2328112659,-1.43000128405e-07,-0.55955649115,-0.0401983406995
0.23411919436,-1.5929176589e-07,-0.5616689862,-0.0407745705495
0.23542712282,-1.76016612395e-07,-0.56372174775,-0.041351489799
0.23673505128,-1.9319005562e-07,-0.565714777,-0.0419289773555
0.23804297974,-2.1081050239e-07,-0.56764807445,-0.042506910798
0.2393509082,-2.288501888e-07,-0.56952164325,-0.0430851666465
0.24065883666,-2.47247322615e-07,-0.5713354925,-0.043663620625
0.24196676512,-2.65901559105e-07,-0.57308964,-0.0442421479015
0.24327469358,-2.84674753215e-07,-0.57478411415,-0.0448206232885
0.24458262204,-3.03397859615e-07,-0.57641895555,-0.045398921393
0.2458905505,-3.218851935e-07,-0.57799421725,-0.0459769167195
0.24719847896,-3.39953898365e-07,-0.57950996505,-0.0465544837235
0.24850640742,-3.57445215095e-07,-0.58096627685,-0.047131496841
0.24981433588,-3.7424493504e-07,-0.58236324225,-0.0477078304995
0.25112226434,-3.9030027543e-07,-0.5837009622,-0.048283359135
0.2524301928,-4.05629185795e-07,-0.5849795485,-0.048857957232
0.25373812126,-4.20320325765e-07,-0.5861991244,-0.0494314993975
0.25504604972,-4.34523325655e-07,-0.5873598251,-0.05000386048
0.25635397818,-4.48429965385e-07,-0.5884617991,-0.050574915725
0.25766190664,-4.6224887529e-07,-0.58950520965,-0.05114454099
0.2589698351,-4.7617799148e-07,-0.5904902365,-0.05171261295
0.26027776356,-4.90378188055e-07,-0.59141707795,-0.05227900935
0.26158569202,-5.049521773e-07,-0.5922859523,-0.05284360925
0.26289362048,-5.199319447e-07,-0.5930970995,-0.05340629325
0.26420154894,-5.3527622335e-07,-0.59385078215,-0.053966943685
0.2655094774,-5.5087679695e-07,-0.59454728635,-0.054525444795
0.26681740586,-5.665730024e-07,-0.5951869218,-0.055081682895
0.26812533432,-5.821703647e-07,-0.5957700223,-0.055635546475
0.26943326278,-5.9746079475e-07,-0.59629694535,-0.056186926315
0.27074119124,-6.1224237625e-07,-0.59676807215,-0.05673571561
0.2720491197,-6.2633511155e-07,-0.5971838077,-0.05728181005
0.27335704816,-6.395898172e-07,-0.5975445808,-0.057825108
0.27466497662,-6.51896781e-07,-0.5978508447,-0.05836551062
0.27597290508,-6.6319210955e-07,-0.5981030773,-0.05890292207
0.27728083354,-6.7345248265e-07,-0.5983017823,-0.05943724969
0.278588762,-6.826928245e-07,-0.5984474896,-0.059968404225
0.27989669046,-6.9096777745e-07,-0.5985407565,-0.06049630005
0.28120461892,-6.983591788e-07,-0.5985821684,-0.061020855365
0.28251254738,-7.049669404e-07,-0.5985723394,-0.06154199245
0.28382047584,-7.1089588105e-07,-0.5985119131,-0.062059637865
0.2851284043,-7.162328314e-07,-0.59840156355,-0.062573722685
0.28643633276,-7.2104828495e-07,-0.59824199565,-0.06308418276
0.28774426122,-7.2539436955e-07,-0.5980339465,-0.063590958945
0.28905218968,-7.2928036665e-07,-0.59777818615,-0.064093997405
0.29036011814,-7.32660127e-07,-0.5974755187,-0.06459324988
0.2916680466,-7.3544114685e-07,-0.59712678345,-0.065088674
0.29297597506,-7.375120875e-07,-0.5967328557,-0.06558023356
0.29428390352,-7.387706419e-07,-0.5962946474,-0.066067898765
0.29559183199,-7.3913754005e-07,-0.5958131073,-0.06655164647
0.29689976045,-7.3858083815e-07,-0.5952892209,-0.067031460345
0.29820768891,-7.3714214175e-07,-0.59472400975,-0.067507331015
0.29951561737,-7.349307274e-07,-0.5941185308,-0.067979256165
0.30082354583,-7.3210541795e-07,-0.59347387585,-0.06844724067
0.30213147429,-7.2885666115e-07,-0.5927911708,-0.068911296735
0.30343940275,-7.2536986695e-07,-0.5920715764,-0.06937144411
0.30474733121,-7.217812681e-07,-0.59131628875,-0.06982771043
0.30605525967,-7.181439332e-07,-0.5905265414,-0.07028013159
0.30736318813,-7.1440790505e-07,-0.58970360805,-0.070728752295
0.30867111659,-7.1041942605e-07,-0.58884880535,-0.07117362667
0.30997904505,-7.059369561e-07,-0.5879634964,-0.07161481886
0.31128697351,-7.00665323e-07,-0.58704909335,-0.072052403665
0.31259490197,-6.9431177195e-07,-0.5861070598,-0.07248646705
0.31390283043,-6.8665075015e-07,-0.58513891135,-0.072917106545
0.31521075889,-6.7758260945e-07,-0.58414621515,-0.07334443144
0.31651868735,-6.6717907585e-07,-0.58313058775,-0.073768562845
0.31782661581,-6.5570343875e-07,-0.58209369225,-0.074189633545
0.31913454427,-6.435974864e-07,-0.58103723415,-0.0746077878
0.32044247273,-6.314395229e-07,-0.5799629581,-0.07502318112
0.32175040119,-6.198740299e-07,-0.57887264495,-0.075435980145
0.32305832965,-6.0952039525e-07,-0.5777681105,-0.075846362705
0.32436625811,-6.0087642085e-07,-0.5766512069,-0.07625451819
0.32567418657,-5.9422859965e-07,-0.5755238258,-0.076660648245
0.32698211503,-5.8958408155e-07,-0.57438790465,-0.0770649678
0.32829004349,-5.866399616e-07,-0.57324543425,-0.07746770642
0.32959797195,-5.847955481e-07,-0.57209846785,-0.07786910981
0.33090590041,-5.832103356e-07,-0.5709491297,-0.07826944137
0.33221382887,-5.8090569855e-07,-0.56979962225,-0.078668983555
0.33352175733,-5.768967498e-07,-0.5686522302,-0.079068038935
0.33482968579,-5.703383821e-07,-0.5675093211,-0.0794669307
0.33613761425,-5.60668012e-07,-0.56637334095,-0.079866002495
0.33744554271,-5.477223536e-07,-0.5652468052,-0.08026561763
0.33875347117,-5.3181052895e-07,-0.56413228565,-0.080666157575
0.34006139963,-5.1373133805e-07,-0.5630323942,-0.08106802
0.34136932809,-4.94725413415e-07,-0.5619497659,-0.081471616525
0.34267725655,-4.76363073985e-07,-0.56088704255,-0.08187737058
0.34398518501,-4.6037824386e-07,-0.5598468603,-0.082285715615
0.34529311347,-4.484629057e-07,-0.55883184295,-0.08269709418
0.34660104193,-4.4204561678e-07,-0.5578446035,-0.08311195815
0.34790897039,-4.42081732335e-07,-0.55688775525,-0.083530770395
0.34921689885,-4.48880918545e-07,-0.55596393285,-0.083954008015
0.35052482731,-4.6199715442e-07,-0.55507582345,-0.08438216727
0.35183275577,-4.8020085963e-07,-0.55422620575,-0.08481576985
0.35314068423,-5.01541772e-07,-0.55341799415,-0.08525537022
0.35444861269,-5.2350193625e-07,-0.552654284,-0.08570156341
0.35575654115,-5.432282957e-07,-0.5519383925,-0.086154992355
0.35706446961,-5.5782152785e-07,-0.551273889,-0.08661635388
0.35837239807,-5.646503959e-07,-0.55066460815,-0.087086402185
0.35968032653,-5.6165740115e-07,-0.55011464035,-0.08756594869
0.36098825499,-5.4761812585e-07,-0.5496282927,-0.08805585726
0.36229618345,-5.2232248805e-07,-0.54921001805,-0.08855703396
0.36360411191,-4.86653542465e-07,-0.54886431035,-0.08907041088
0.36491204037,-4.425482647e-07,-0.5485955677,-0.08959692414
0.36621996883,-3.92842913755e-07,-0.5484079291,-0.090137486615
0.36752789729,-3.41015798935e-07,-0.5483050928,-0.090692956655
0.36883582575,-2.90852752995e-07,-0.54829012885,-0.091264104665
0.37014375421,-2.4607165472e-07,-0.54836529925,-0.09185157974
0.37145168267,-2.09949721495e-07,-0.54853190155,-0.092455879135
0.37275961113,-1.84993242945e-07,-0.54879015015,-0.093077323115
0.37406753959,-1.7268200203e-07,-0.5491391095,-0.093716037825
0.37537546805,-1.7331388269e-07,-0.54957668715,-0.094371948035
0.37668339651,-1.8598040885e-07,-0.55009969265,-0.095044781145
0.37799132497,-2.08662384595e-07,-0.5507039611,-0.09573408278
0.37929925343,-2.3843746144e-07,-0.55138453465,-0.096439243285
0.38060718189,-2.7175802164e-07,-0.55213589105,-0.097159533555
0.38191511035,-3.04785344185e-07,-0.55295220175,-0.09789414767
0.38322303881,-3.3374861763e-07,-0.5538276024,-0.098642249265
0.38453096727,-3.5527089881e-07,-0.55475645495,-0.09940301817
0.38583889573,-3.666386611e-07,-0.5557335835,-0.100175694005
0.38714682419,-3.66006608355e-07,-0.55675446745,-0.10095961359
0.38845475265,-3.52500623135e-07,-0.55781538145,-0.10175423985
0.38976268111,-3.26217750035e-07,-0.5589134747,-0.102559180635
0.39107060957,-2.8815038411e-07,-0.56004679,-0.103374196795
0.39237853803,-2.40042469235e-07,-0.5612142255,-0.10419919998
0.39368646649,-1.84184750785e-07,-0.56241544935,-0.105034241225
0.39499439495,-1.2315783393e-07,-0.56365077805,-0.10587949228
0.39630232341,-5.958173954e-08,-0.5649210324,-0.10673522197
0.39761025187,4.0707437421e-09,-0.5662273851,-0.107601769955
0.39891818033,6.563640742e-08,-0.5675712124,-0.10847952031
0.40022610879,1.2340183042e-07,-0.5689539602,-0.109368876985
0.40153403725,1.7616787751e-07,-0.5703770331,-0.110270242685
0.40284196571,2.23261717445e-07,-0.5718417095,-0.111184002215
0.40414989417,2.6451837387e-07,-0.5733490857,-0.11211051085
0.40545782263,3.00207655955e-07,-0.57490004635,-0.113050087555
0.40676575109,3.3093352503e-07,-0.57649525865,-0.11400301269
0.40807367955,3.5753118244e-07,-0.578135185,-0.11496952928
0.40938160801,3.8095299415e-07,-0.5798201085,-0.115949847065
0.41068953647,4.02170508005e-07,-0.58155016635,-0.116944148145
0.41199746493,4.221015093e-07,-0.58332538515,-0.117952593345
0.4133053934,4.41542494235e-07,-0.58514571505,-0.11897532854
0.41461332186,4.61125318485e-07,-0.5870110591,-0.120012490215
0.41592125032,4.81302792065e-07,-0.5889212964,-0.121064209955
0.41722917878,5.023416988e-07,-0.5908762983,-0.122130617635
0.41853710724,5.243351364e-07,-0.5928759375,-0.123211843285
0.4198450357,5.4723310605e-07,-0.59492009155,-0.12430801782
0.42115296416,5.7086909645e-07,-0.5970086413,-0.12541927273
0.42246089262,5.949906484e-07,-0.59914146665,-0.126545739175
0.42376882108,6.192962504e-07,-0.6013184397,-0.12768754656
0.42507674954,6.4346350195e-07,-0.6035394182,-0.128844821035
0.426384678,6.6717419645e-07,-0.6058042385,-0.13001768394
0.42769260646,6.9013941505e-07,-0.60811271025,-0.131206250515
0.42900053492,7.1211452845e-07,-0.61046461215,-0.1324106288
0.43030846338,7.329097884e-07,-0.6128596894,-0.13363091891
0.43161639184,7.524006168e-07,-0.6152976521,-0.1348672125
0.4329243203,7.7052929315e-07,-0.6177781753,-0.136119592535
0.43423224876,7.8730167665e-07,-0.62030089925,-0.137388133145
0.43554017722,8.027821685e-07,-0.6228654301,-0.13867289961
0.43684810568,8.1708335375e-07,-0.62547134095,-0.1399739483
0.43815603414,8.303525506e-07,-0.628118172,-0.14129132659
0.4394639626,8.4275845745e-07,-0.6308054307,-0.142625072665
0.44077189106,8.544749658e-07,-0.6335325914,-0.14397521522
0.44207981952,8.656631828e-07,-0.6362990944,-0.14534177306
0.44338774798,8.764549919e-07,-0.63910434465,-0.146724754585
0.44469567644,8.8693808965e-07,-0.6419477105,-0.148124157285
0.4460036049,8.9714487785e-07,-0.6448285224,-0.14953996718
0.44731153336,9.070478757e-07,-0.64774607145,-0.150972158315
0.44861946182,9.165615378e-07,-0.6506996088,-0.152420692315
0.44992739028,9.2554970075e-07,-0.6536883452,-0.153885518025
0.45123531874,9.338386203e-07,-0.6567114508,-0.15536657127
0.4525432472,9.4123372985e-07,-0.6597680555,-0.156863774635
0.45385117566,9.475379259e-07,-0.66285724985,-0.158377037405
0.45515910412,9.5256979525e-07,-0.6659780853,-0.159906255475
0.45646703258,9.5618038485e-07,-0.66912957555,-0.161451311275
0.45777496104,9.582660221e-07,-0.6723106967,-0.163012073735
0.4590828895,9.5877573935e-07,-0.6755203881,-0.16458839809
0.46039081796,9.5771277575e-07,-0.6787575521,-0.166180125725
0.46169874642,9.5512930345e-07,-0.68202105425,-0.167787083855
0.46300667488,9.511154808e-07,-0.6853097224,-0.16940908518
0.46431460334,9.457844563e-07,-0.68862234625,-0.171045927445
0.4656225318,9.392557315e-07,-0.6919576763,-0.172697392975
0.46693046026,9.3163946555e-07,-0.695314423,-0.174363248175
0.46823838872,9.230248843e-07,-0.698691256,-0.17604324311
0.46954631718,9.1347495125e-07,-0.7020868035,-0.177737111055
0.47085424564,9.0302795795e-07,-0.705499652,-0.179444568195
0.4721621741,8.917060118e-07,-0.7089283466,-0.181165313375
0.47347010256,8.7952871095e-07,-0.71237139155,-0.182899028
0.47477803102,8.665288126e-07,-0.7158272511,-0.184645375985
0.47608595948,8.5276641025e-07,-0.7192943508,-0.186404003825
0.47739388794,8.38337752e-07,-0.72277107875,-0.188174540695
0.4787018164,8.233757731e-07,-0.7262557872,-0.189956598555
0.48000974486,8.080410341e-07,-0.72974679365,-0.19174977222
0.48131767332,7.92503449e-07,-0.73324238165,-0.19355363938
0.48262560178,7.769175414e-07,-0.7367408013,-0.195367760465
0.48393353024,7.61395344e-07,-0.7402402693,-0.19719167841
0.4852414587,7.4598245635e-07,-0.74373896835,-0.19902491831
0.48654938716,7.3064236885e-07,-0.7472350462,-0.20086698694
0.48785731562,7.152542919e-07,-0.7507266149,-0.202717372245
0.48916524408,6.9962654835e-07,-0.7542117495,-0.204575542815
0.49047317254,6.8352523365e-07,-0.7576884877,-0.206440947505
0.491781101,6.6671529965e-07,-0.76115482955,-0.20831301512
0.49308902946,6.4900854415e-07,-0.76460873845,-0.21019115441
0.49439695792,6.3031046495e-07,-0.7680481427,-0.21207475427
0.49570488638,6.1065776325e-07,-0.7714709382,-0.21396318422
0.49701281484,5.902391742e-07,-0.77487499175,-0.21585579514
0.4983207433,5.6939328805e-07,-0.7782581451,-0.21775192015
0.49962867176,5.485817939e-07,-0.7816182188,-0.21965087558
0.50093660022,5.2833989685e-07,-0.7849530162,-0.221551961845
0.50224452868,5.092083588e-07,-0.7882603262,-0.2234544642
0.50355245714,4.9165684024e-07,-0.7915379254,-0.22535765314
0.5048603856,4.76009628935e-07,-0.7947835785,-0.227260784505
0.50616831406,4.6238436968e-07,-0.79799503775,-0.229163099135
0.50747624252,4.50654488725e-07,-0.80117004095,-0.231063822265
0.50878417098,4.40443137515e-07,-0.80430630885,-0.23296216261
0.51009209944,4.31151936375e-07,-0.80740154235,-0.234857311435
0.5114000279,4.22022713995e-07,-0.8104534204,-0.236748441815
0.51270795636,4.1222652236e-07,-0.8134595992,-0.238634708185
0.51401588482,4.00969785155e-07,-0.81641771335,-0.240515246605
0.51532381328,3.876038851e-07,-0.81932538005,-0.242389175745
0.51663174174,3.71724429015e-07,-0.8221802057,-0.244255598805
0.5179396702,3.5324654313e-07,-0.82497979585,-0.24611360627
0.51924759866,3.32443944595e-07,-0.82772176685,-0.24796227955
0.52055552712,3.0994559419e-07,-0.83040376,-0.24980069511
0.52186345558,2.86687701355e-07,-0.83302345545,-0.251627928895
0.52317138404,2.6382337426e-07,-0.8355785858,-0.253443060665
0.5244793125,2.42598965915e-07,-0.83806694745,-0.25524517773
0.52578724096,2.24209775745e-07,-0.84048640865,-0.257033377815
0.52709516942,2.096496865e-07,-0.8428349132,-0.258806770645
0.52840309788,1.99572322555e-07,-0.8451104795,-0.26056447805
0.52971102634,1.9417979169e-07,-0.8473111944,-0.26230563257
0.53101895481,1.93152532855e-07,-0.8494352028,-0.264029374655
0.53232688327,1.95630370235e-07,-0.85148069445,-0.26573484878
0.53363481173,2.0024940317e-07,-0.85344588855,-0.26742119907
0.53494274019,2.05233946505e-07,-0.85532902,-0.26908756498
0.53625066865,2.0853778704e-07,-0.8571283283,-0.27073307799
0.53755859711,2.08022238325e-07,-0.85884205305,-0.272356860125
0.53886652557,2.0165532577e-07,-0.86046843765,-0.273958025215
0.54017445403,1.8771388055e-07,-0.8620057446,-0.275535683665
0.54148238249,1.64968178005e-07,-0.86345228295,-0.27708895152
0.54279031095,1.32830388355e-07,-0.86480644995,-0.27861696407
0.54409823941,9.1451585195e-08,-0.8660667864,-0.280118894325
0.54540616787,4.1754372182e-08,-0.86723204455,-0.281593975985
0.54671409633,-1.4606313381e-08,-0.8683012663,-0.28304153025
0.54802202479,-7.5350045645e-08,-0.8692738685,-0.28446099555
0.54932995325,-1.37741285045e-07,-0.8701497299,-0.28585195851
0.55063788171,-1.98810390375e-07,-0.87092927475,-0.28721418446
0.55194581017,-2.5560389083e-07,-0.8716135466,-0.288547645325
0.55325373863,-3.0544452523e-07,-0.87220426555,-0.289852542585
0.55456166709,-3.4617617106e-07,-0.87270386255,-0.2911293231
0.55586959555,-3.7636978256e-07,-0.8731154857,-0.292378685715
0.55717752401,-3.9547371211e-07,-0.8734429735,-0.293601576905
0.55848545247,-4.0388756506e-07,-0.8736907931,-0.294799174375
0.55979338093,-4.02954711265e-07,-0.87386394305,-0.295972858165
0.56110130939,-3.9487450254e-07,-0.87396782275,-0.297124169735
0.56240923785,-3.8253668011e-07,-0.8740080735,-0.298254760315
0.56371716631,-3.6930116465e-07,-0.8739903984,-0.299366330795
0.56502509477,-3.58723620255e-07,-0.8739203699,-0.30046056606
0.56633302323,-3.5427588918e-07,-0.87380323645,-0.301539067445
0.56764095169,-3.590622466e-07,-0.87364373895,-0.30260328716
0.56894888015,-3.75573477875e-07,-0.87344594895,-0.30365446878
0.57025680861,-4.05494671175e-07,-0.8732131379,-0.304693597415
0.57156473707,-4.4959070633e-07,-0.8729476863,-0.305721362785
0.57287266553,-5.076624787e-07,-0.87265103825,-0.3067381375
0.57418059399,-5.785604801e-07,-0.8723237032,-0.30774397176
0.57548852245,-6.6030228505e-07,-0.87196530475,-0.30873860457
0.57679645091,-7.5026461155e-07,-0.87157467175,-0.309721490455
0.57810437937,-8.4536752875e-07,-0.8711499648,-0.31069183945
0.57941230783,-9.423140934e-07,-0.87068882875,-0.311648667365
0.58072023629,-1.03785598725e-06,-0.8701885603,-0.312590852685
0.58202816475,-1.128989241e-06,-0.86964627945,-0.313517196135
0.58333609321,-1.2131558841e-06,-0.86905909415,-0.314426479025
0.58464402167,-1.2884346534e-06,-0.8684242477,-0.31531751677
0.58595195013,-1.35358995955e-06,-0.86773924215,-0.31618920469
0.58725987859,-1.40805060945e-06,-0.867001932,-0.31704055391
0.58856780705,-1.45190074685e-06,-0.86621058555,-0.317870716145
0.58987573551,-1.48581947025e-06,-0.8653639143,-0.318678997195
0.59118366397,-1.5109559687e-06,-0.86446107225,-0.31946485962
0.59249159243,-1.52879183755e-06,-0.86350163045,-0.320227916025
0.59379952089,-1.54100462945e-06,-0.8624855311,-0.3209679148
0.59510744935,-1.54932725815e-06,-0.861413029,-0.321684720615
0.59641537781,-1.555405324e-06,-0.86028462615,-0.3223782919
0.59772330627,-1.56067765655e-06,-0.85910100505,-0.323048657475
0.59903123473,-1.56630533265e-06,-0.85786296715,-0.323695894385
0.60033916319,-1.5731400127e-06,-0.85657137875,-0.3243201083
0.60164709165,-1.58171023225e-06,-0.8552271284,-0.324921417655
0.60295502011,-1.59223142725e-06,-0.8538310956,-0.325499941985
0.60426294857,-1.60464166675e-06,-0.85238413195,-0.326055794585
0.60557087703,-1.6186496199e-06,-0.85088705295,-0.32658907918
0.60687880549,-1.6337972225e-06,-0.84934063855,-0.32709989003
0.60818673395,-1.6495326216e-06,-0.8477456412,-0.32758831466
0.60949466241,-1.6652718149e-06,-0.84610279785,-0.32805443845
0.61080259087,-1.68044771155e-06,-0.8444128445,-0.328498350155
0.61211051933,-1.6945535808e-06,-0.84267653085,-0.32892014769
0.61341844779,-1.70717558425e-06,-0.84089463415,-0.32931994355
0.61472637625,-1.7180130957e-06,-0.83906797025,-0.329697869455
0.61603430471,-1.7268878383e-06,-0.83719740245,-0.330054079975
0.61734223317,-1.7337385444e-06,-0.8352838469,-0.330388755085
0.61865016163,-1.73860565945e-06,-0.8333282754,-0.330702101615
0.61995809009,-1.7416109943e-06,-0.83133171635,-0.33099435391
0.62126601855,-1.74293285635e-06,-0.82929525315,-0.33126577372
0.62257394701,-1.7427807114e-06,-0.8272200225,-0.331516649715
0.62388187547,-1.7413713027e-06,-0.82510721125,-0.33174729672
0.62518980393,-1.73890644105e-06,-0.8229580539,-0.331958054935
0.62649773239,-1.73555722295e-06,-0.8207738298,-0.332149289205
0.62780566085,-1.73145157655e-06,-0.81855586125,-0.33232138851
0.62911358931,-1.7266623964e-06,-0.81630551185,-0.33247476555
0.63042151777,-1.7212039849e-06,-0.8140241854,-0.33260985661
0.63172944623,-1.71503670985e-06,-0.811713325,-0.33272712147
0.63303737469,-1.7080741127e-06,-0.80937441245,-0.33282704344
0.63434530315,-1.70019643085e-06,-0.8070089678,-0.33291012935
0.63565323161,-1.69126956605e-06,-0.8046185486,-0.332976909575
0.63696116007,-1.6811627479e-06,-0.802204749,-0.33302793788
0.63826908853,-1.66976240335e-06,-0.7997691988,-0.3330637913
0.63957701699,-1.6569821487e-06,-0.7973135622,-0.333085069845
0.64088494545,-1.6427684796e-06,-0.79483953665,-0.33309239618
0.64219287391,-1.62710328265e-06,-0.7923488513,-0.33308641531
0.64350080237,-1.610004266e-06,-0.7898432658,-0.333067794245
0.64480873083,-1.5915231216e-06,-0.78732456915,-0.333037221705
0.64611665929,-1.57174300795e-06,-0.78479457875,-0.332995407895
0.64742458775,-1.55077421735e-06,-0.78225513955,-0.332943084345
0.64873251622,-1.52874857495e-06,-0.7797081231,-0.332881003775
0.65004044468,-1.50581360715e-06,-0.77715542715,-0.332809939965
0.65134837314,-1.48212648545e-06,-0.77459897485,-0.33273068766
0.6526563016,-1.45784907755e-06,-0.7720407137,-0.33264406232
0.65396423006,-1.4331446946e-06,-0.7694826147,-0.33255089983
0.65527215852,-1.40817524865e-06,-0.76692667085,-0.332452056065
0.65658008698,-1.38309985965e-06,-0.7643748954,-0.332348406275
0.65788801544,-1.3580740116e-06,-0.76182931995,-0.33224084436
0.6591959439,-1.3332462967e-06,-0.75929199225,-0.332130282045
0.66050387236,-1.30875358605e-06,-0.75676497365,-0.332017647935
0.66181180082,-1.2847141462e-06,-0.75425033715,-0.331903886585
0.66311972928,-1.2612178635e-06,-0.7517501648,-0.331789957605
0.66442765774,-1.23831621625e-06,-0.7492665459,-0.33167683479
0.6657355862,-1.21601334555e-06,-0.74680157505,-0.331565505405
0.66704351466,-1.19426009915e-06,-0.7443573508,-0.33145696955
0.66835144312,-1.1729547722e-06,-0.7419359744,-0.33135223962
0.66965937158,-1.15195068205e-06,-0.7395395484,-0.33125233978
0.67096730004,-1.13107117005e-06,-0.7371701758,-0.33115830546
0.6722752285,-1.11013285785e-06,-0.73482995825,-0.33107118268
0.67358315696,-1.08897386385e-06,-0.7325209946,-0.330992027265
0.67489108542,-1.0674827383e-06,-0.7302453783,-0.330921903735
0.67619901388,-1.0456251476e-06,-0.72800519465,-0.33086188395
0.67750694234,-1.0234632003e-06,-0.7258025171,-0.330813045415
0.6788148708,-1.00116238635e-06,-0.72363940325,-0.33077646934
0.68012279926,-9.7898394945e-07,-0.72151789035,-0.330753238475
0.68143072772,-9.572617615e-07,-0.7194399906,-0.33074443483
0.68273865618,-9.363641501e-07,-0.71740768675,-0.330751137445
0.68404658464,-9.166448739e-07,-0.7154229279,-0.330774420255
0.6853545131,-8.9838936015e-07,-0.713487626,-0.330815350235
0.68666244156,-8.8176204395e-07,-0.71160365285,-0.330874985855
0.68797037002,-8.6676350265e-07,-0.70977283855,-0.330954375865
0.68927829848,-8.532061807e-07,-0.7079969696,-0.331054558395
0.69058622694,-8.407132379e-07,-0.70627778855,-0.331176560235
0.6918941554,-8.287418002e-07,-0.7046169927,-0.331321396155
0.69320208386,-8.166315957e-07,-0.7030162332,-0.331490068025
0.69451001232,-8.036760424e-07,-0.70147711295,-0.33168356356
0.69581794078,-7.8920562865e-07,-0.70000118335,-0.33190285444
0.69712586924,-7.7267434395e-07,-0.69858993925,-0.33214889366
0.6984337977,-7.5373796095e-07,-0.6972448127,-0.332422611975
0.69974172616,-7.323148282e-07,-0.69596716435,-0.332724913535
0.70104965462,-7.086186832e-07,-0.69475827385,-0.333056670755
0.70235758308,-6.8315296475e-07,-0.69361932915,-0.33341871863
0.70366551154,-6.566698435e-07,-0.6925514157,-0.333811848915
0.70497344,-6.3009606145e-07,-0.6915555062,-0.334236804475
0.70628136846,-6.044245465e-07,-0.6906324516,-0.334694274225
0.70758929692,-5.805905201e-07,-0.6897829746,-0.335184889145
0.70889722538,-5.593491198e-07,-0.68900766595,-0.33570921957
0.71020515384,-5.411575993e-07,-0.6883069835,-0.33626777397
0.7115130823,-5.2608438995e-07,-0.6876812551,-0.336860999375
0.71282101076,-5.1376203015e-07,-0.6871306836,-0.337489283025
0.71412893922,-5.0337735645e-07,-0.68665535405,-0.33815295514
0.71543686768,-4.9370502686e-07,-0.6862552419,-0.33885229208
0.71674479614,-4.83203094205e-07,-0.6859302202,-0.33958751926
0.7180527246,-4.70152838885e-07,-0.6856800649,-0.34035881303
0.71936065306,-4.52809081895e-07,-0.6855044559,-0.3411663007
0.72066858152,-4.29562790895e-07,-0.6854029735,-0.34201005798
0.72197650998,-3.9912465277e-07,-0.685375088,-0.34289010318
0.72328443844,-3.6066734044e-07,-0.6854201425,-0.34380638788
0.7245923669,-3.13924836125e-07,-0.6855373288,-0.344758783955
0.72590029536,-2.59268842505e-07,-0.68572565685,-0.345747067205
0.72720822382,-1.9771206061e-07,-0.68598391935,-0.34677089825
0.72851615228,-1.30878943795e-07,-0.6863106535,-0.347829801735
0.72982408074,-6.088803073e-08,-0.68670410245,-0.34892314513
0.7311320092,9.812631263e-09,-0.68716217995,-0.350050118735
0.73243993766,7.864795204e-08,-0.6876824412,-0.351209718735
0.73374786612,1.4309701202e-07,-0.68826206415,-0.35240073518
0.73505579458,2.00891339675e-07,-0.6888978436,-0.35362174666
0.73636372304,2.5023701722e-07,-0.68958620215,-0.354871123385
0.7376716515,2.8999907753e-07,-0.69032321975,-0.35614703996
0.73897957996,3.19799842165e-07,-0.69110468285,-0.357447498725
0.74028750842,3.4006205907e-07,-0.69192615415,-0.35877036388
0.74159543688,3.51989312695e-07,-0.69278306135,-0.360113406275
0.74290336534,3.5748277394e-07,-0.69367080295,-0.36147435764
0.7442112938,3.5904181017e-07,-0.69458486705,-0.36285097252
0.74551922226,3.59611815325e-07,-0.69552095915,-0.364241095735
0.74682715072,3.62352087225e-07,-0.6964751324,-0.365642732175
0.74813507918,3.70371605605e-07,-0.697443914,-0.367054115715
0.74944300764,3.86508794415e-07,-0.6984244216,-0.368473773575
0.7507509361,4.13123696365e-07,-0.69941446185,-0.369900582365
0.75205886456,4.5187644182e-07,-0.70041260575,-0.37133381246
0.75336679302,5.03591413e-07,-0.70141823525,-0.372773157785
0.75467472148,5.6821256865e-07,-0.7024315575,-0.374218748585
0.75598264994,6.4479953045e-07,-0.7034535843,-0.375671145825
0.7572905784,7.315656664e-07,-0.7044860768,-0.377131316835
0.75859850686,8.259782802e-07,-0.70553145745,-0.3786005928
0.75990643532,9.249323113e-07,-0.7065926929,-0.38008061006
0.76121436378,1.0249662896e-06,-0.70767315385,-0.381573238025
0.76252229224,1.12248957905e-06,-0.7087764586,-0.38308049729
0.7638302207,1.2140196626e-06,-0.7099063095,-0.38460447237
0.76513814916,1.2964050944e-06,-0.7110663293,-0.386147223635
0.76644607763,1.3670120036e-06,-0.712259908,-0.387710703095
0.76775400609,1.4238712376e-06,-0.71349006595,-0.38929667843
0.76906193455,1.46577736895e-06,-0.71475934165,-0.390906669015
0.77036986301,1.49232678715e-06,-0.71606970755,-0.392541896785
0.77167779147,1.50389904695e-06,-0.71742251805,-0.394203253905
0.77298571993,1.5015870908e-06,-0.71881848945,-0.39589128782
0.77429364839,1.4870806392e-06,-0.72025771165,-0.397606203485
0.77560157685,1.46251635245e-06,-0.72173968705,-0.399347881055
0.77690950531,1.43030948475e-06,-0.72326339355,-0.401115906875
0.77821743377,1.39297537395e-06,-0.72482736435,-0.402909614635
0.77952536223,1.3529581594e-06,-0.726429779,-0.404728133195
0.78083329069,1.3124848347e-06,-0.72806855875,-0.40657043755
0.78214121915,1.27344708945e-06,-0.72974145965,-0.408435399425
0.78344914761,1.2373156222e-06,-0.7314461586,-0.410321834405
0.78475707607,1.2050957454e-06,-0.73318032745,-0.412228543195
0.78606500453,1.17732048e-06,-0.73494169235,-0.41415434503
0.78737293299,1.15407778055e-06,-0.73672807705,-0.41609810237
0.78868086145,1.13507018505e-06,-0.7385374288,-0.4180587365
0.78998878991,1.1196945676e-06,-0.7403678297,-0.420035234415
0.79129671837,1.107130701e-06,-0.74221749325,-0.422026648025
0.79260464683,1.0964335828e-06,-0.7440847507,-0.424032087065
0.79391257529,1.0866218092e-06,-0.74596802905,-0.426050707275
0.79522050375,1.0767535835e-06,-0.74786582415,-0.428081695735
0.79652843221,1.06599105375e-06,-0.74977667225,-0.43012425489
0.79783636067,1.05365007275e-06,-0.75169912215,-0.43217758681
0.79914428913,1.03922868645e-06,-0.7536317101,-0.43424087893
0.80045221759,1.0224178476e-06,-0.7555729394,-0.436313292
0.80176014605,1.003095787e-06,-0.75752126455,-0.43839395093
0.80306807451,9.813042795e-07,-0.7594750814,-0.4404819386
0.80437600297,9.572156845e-07,-0.7614327219,-0.442576292575
0.80568393143,9.3109543965e-07,-0.76339245365,-0.44467600443
0.80699185989,9.0326044975e-07,-0.76535248295,-0.4467800211
0.80829978835,8.7404218865e-07,-0.76731096045,-0.4488872479
0.80960771681,8.437562732e-07,-0.7692659886,-0.45099655245
0.81091564527,8.1267748085e-07,-0.7712156294,-0.45310676907
0.81222357373,7.8102409815e-07,-0.7731579125,-0.455216703255
0.81353150219,7.489508236e-07,-0.77509084255,-0.45732513583
0.81483943065,7.165478211e-07,-0.77701240555,-0.459430826525
0.81614735911,6.838464517e-07,-0.77892057395,-0.461532517055
0.81745528757,6.5082946255e-07,-0.7808133109,-0.46362893344
0.81876321603,6.174440792e-07,-0.78268857325,-0.46571878779
0.82007114449,5.8361724895e-07,-0.7845443138,-0.46780077967
0.82137907295,5.492705901e-07,-0.78637848285,-0.46987359699
0.82268700141,5.143340115e-07,-0.78818902955,-0.471935916825
0.82399492987,4.78758002685e-07,-0.78997390285,-0.47398640603
0.82530285833,4.4252302933e-07,-0.79173105255,-0.476023721865
0.82661078679,4.05645098065e-07,-0.7934584305,-0.478046512755
0.82791871525,3.68179020605e-07,-0.79515399175,-0.48005341904
0.82922664371,3.30217969635e-07,-0.79681569595,-0.48204307393
0.83053457217,2.918907005e-07,-0.79844150935,-0.48401410456
0.83184250063,2.5335721021e-07,-0.80002940615,-0.48596513313
0.83315042909,2.14801321175e-07,-0.80157737065,-0.48789477819
0.83445835755,1.7642273198e-07,-0.80308339945,-0.48980165602
0.83576628601,1.38428990495e-07,-0.80454550345,-0.49168438203
0.83707421447,1.01025912635e-07,-0.8059617102,-0.493541572305
0.83838214293,6.440780964e-08,-0.8073300664,-0.49537184524
0.83969007139,2.87487395e-08,-0.80864864025,-0.49717382314
0.84099799985,-5.8066496055e-09,-0.80991552405,-0.498946134025
0.84230592831,-3.91516125075e-08,-0.8111288368,-0.5006874134
0.84361385677,-7.1223471565e-08,-0.8122867269,-0.50239630605
0.84492178523,-1.02008515525e-07,-0.81338737485,-0.504071468
0.84622971369,-1.3154420053e-07,-0.8144289957,-0.50571156825
0.84753764215,-1.5991779012e-07,-0.8154098419,-0.5073152908
0.84884557061,-1.8726243889e-07,-0.8163282056,-0.50888133625
0.85015349907,-2.13748543865e-07,-0.81718242125,-0.51040842385
0.85146142753,-2.39571040785e-07,-0.81797086795,-0.5118952931
0.85276935599,-2.6493426619e-07,-0.81869197175,-0.51334070565
0.85407728445,-2.90034218865e-07,-0.8193442083,-0.51474344705
0.85538521291,-3.15039849765e-07,-0.8199261051,-0.5161023289
0.85669314137,-3.4007657246e-07,-0.82043624425,-0.51741619035
0.85800106983,-3.64981697645e-07,-0.82087266665,-0.51868352155
0.85930899829,-3.7287696264e-07,-0.82123444865,-0.51990346135
0.86061692675,-3.0220815572e-07,-0.82152225795,-0.5210761529
0.86192485521,-8.3481321855e-08,-0.82173151025,-0.5221984056
0.86323278367,3.61504493005e-08,-0.8218615176,-0.52326948835
0.86454071213,1.59738888785e-08,-0.82191215445,-0.5242890257
0.86584864059,-4.6597345149e-07,-0.82187946095,-0.52525419215
0.86715656905,-9.3398838385e-07,-0.8217664001,-0.5261665779
0.86846449751,-7.2534873665e-07,-0.8215774971,-0.52702878965
0.86977242597,-6.6607565575e-07,-0.8213062111,-0.527836343
0.87108035443,-9.7841809655e-07,-0.82095021185,-0.5285874348
0.87238828289,-1.0377873033e-06,-0.8205144568,-0.52928495375
0.87369621135,-1.1809219519e-06,-0.8199943545,-0.52992564025
0.87500413981,-1.2981183489e-06,-0.81938688265,-0.5305072297
0.87631206827,-1.0719622856e-06,-0.81869731375,-0.53103282585
0.87761999673,-1.16911582635e-06,-0.8179240016,-0.5315010615
0.87892792519,-1.4072380705e-06,-0.8170636532,-0.53190948985
0.88023585365,-1.18774855505e-06,-0.8161194635,-0.53225988165
0.88154378211,-1.0737054412e-06,-0.81509164125,-0.5325520722
0.88285171057,-1.211793324e-06,-0.81397874525,-0.5327848185
0.88415963904,-1.17745346805e-06,-0.81278302535,-0.53295929235
0.8854675675,-1.22073129385e-06,-0.81150467955,-0.53307532855
0.88677549596,-1.36969944555e-06,-0.81014267895,-0.5331319563
0.88808342442,-1.3362339679e-06,-0.8086988725,-0.53313009865
0.88939135288,-1.3237209606e-06,-0.8071743442,-0.5330701828
0.89069928134,-1.3592595771e-06,-0.8055691825,-0.53295198305
0.8920072098,-1.2664970822e-06,-0.80388509005,-0.532776345
0.89331513826,-1.2294639362e-06,-0.80212344925,-0.53254391035
0.89462306672,-1.26797468635e-06,-0.8002850565,-0.53225493845
0.89593099518,-1.2333527727e-06,-0.7983716791,-0.53191034005
0.89723892364,-1.2429643398e-06,-0.7963849891,-0.53151097145
0.8985468521,-1.30824297785e-06,-0.7943263143,-0.53105746745
0.89985478056,-1.32240453865e-06,-0.7921975086,-0.53055082205
0.90116270902,-1.35966279625e-06,-0.7900004506,-0.5299920555
0.90247063748,-1.42007191285e-06,-0.78773689015,-0.5293821108
0.90377856594,-1.43588986535e-06,-0.78540883325,-0.5287221125
0.9050864944,-1.47297782305e-06,-0.783018336,-0.52801322885
0.90639442286,-1.54055869175e-06,-0.7805674803,-0.5272566558
0.90770235132,-1.59573836365e-06,-0.77805847925,-0.5264536884
0.90901027978,-1.6759318322e-06,-0.7754936145,-0.52560567915
0.91031820824,-1.7698584126e-06,-0.7728753167,-0.5247140927
0.9116261367,-1.83737783045e-06,-0.7702061195,-0.5237804757
0.91293406516,-1.90032434235e-06,-0.76748864325,-0.52280644595
0.91424199362,-1.9515185662e-06,-0.7647257269,-0.52179378315
0.91554992208,-1.97369666165e-06,-0.7619202962,-0.5207443397
0.91685785054,-1.99173178505e-06,-0.7590753326,-0.5196600199
0.918165779,-2.0039566506e-06,-0.75619401005,-0.5185428744
0.91947370746,-2.00214082535e-06,-0.75327951615,-0.5173949778
0.92078163592,-2.00325497855e-06,-0.75033497875,-0.51621837865
0.92208956438,-2.0009801843e-06,-0.7473635769,-0.51501517535
0.92339749284,-1.9882569674e-06,-0.74436834155,-0.5137873788
0.9247054213,-1.97673900025e-06,-0.74135204245,-0.5125368333
0.92601334976,-1.96108193295e-06,-0.7383172655,-0.51126526875
0.92732127822,-1.939739816e-06,-0.73526622235,-0.50997416755
0.92862920668,-1.92453654955e-06,-0.73220062565,-0.5086646754
0.92993713514,-1.9124180628e-06,-0.72912175605,-0.50733764565
0.9312450636,-1.90393980305e-06,-0.72603032305,-0.50599353955
0.93255299206,-1.90836793865e-06,-0.722926374,-0.5046323597
0.93386092052,-1.92250680655e-06,-0.7198093862,-0.50325371065
0.93516884898,-1.9472223306e-06,-0.71667820925,-0.5018567554
0.93647677744,-1.98968818645e-06,-0.7135310412,-0.5004401951
0.9377847059,-2.04634290625e-06,-0.71036556835,-0.499002364035
0.93909263436,-2.1162130881e-06,-0.70717900205,-0.497541252345
0.94040056282,-2.2015680612e-06,-0.70396813345,-0.49605454208
0.94170849128,-2.29493175575e-06,-0.7007295181,-0.494539735465
0.94301641974,-2.39082532105e-06,-0.697459584,-0.49299422982
0.9443243482,-2.486840861e-06,-0.69415473485,-0.49141539013
0.94563227666,-2.5742129428e-06,-0.69081154345,-0.489800686
0.94694020512,-2.64741776555e-06,-0.6874268783,-0.48814778278
0.94824813358,-2.70478074105e-06,-0.68399800485,-0.486454614965
0.94955606204,-2.74100121765e-06,-0.6805227346,-0.484719494845
0.9508639905,-2.75443721445e-06,-0.67699951065,-0.482941176575
0.95217191896,-2.74725576455e-06,-0.673427452,-0.48111889102
0.95347984742,-2.71916854035e-06,-0.6698064155,-0.47925239414
0.95478777588,-2.67232637685e-06,-0.66613700195,-0.477341975155
0.95609570434,-2.6110446444e-06,-0.6624205186,-0.475388433585
0.9574036328,-2.53702625575e-06,-0.65865894675,-0.47339305992
0.95871156126,-2.45312850035e-06,-0.65485486855,-0.47135758642
0.96001948972,-2.363275986e-06,-0.65101136305,-0.469284115315
0.96132741818,-2.2689620516e-06,-0.6471319108,-0.467175052605
0.96263534664,-2.17211683915e-06,-0.6432202806,-0.465033028135
0.9639432751,-2.07526174025e-06,-0.6392804059,-0.46286080768
0.96525120356,-1.97915036305e-06,-0.6353162811,-0.46066121833
0.96655913202,-1.88491667275e-06,-0.63133186055,-0.45843707556
0.96786706048,-1.79417947165e-06,-0.6273309661,-0.45619111564
0.96917498894,-1.70734461845e-06,-0.623317222,-0.453925947335
0.9704829174,-1.62514045275e-06,-0.61929400485,-0.45164401441
0.97179084586,-1.5486476601e-06,-0.6152644104,-0.44934756985
0.97309877432,-1.47799953665e-06,-0.6112312459,-0.447038668875
0.97440670278,-1.413303391e-06,-0.6071970378,-0.44471917284
0.97571463124,-1.35451496965e-06,-0.603164052,-0.442390762765
0.9770225597,-1.3005640481e-06,-0.59913433015,-0.440054964375
0.97833048816,-1.2501811697e-06,-0.59510973115,-0.437713177595
0.97963841662,-1.20206114505e-06,-0.59109197635,-0.435366708735
0.98094634508,-1.15458274885e-06,-0.58708269725,-0.433016805045
0.98225427354,-1.1066306038e-06,-0.58308347935,-0.430664686485
0.983562202,-1.05776977175e-06,-0.5790959004,-0.428311573885
0.98487013046,-1.0079893753e-06,-0.5751215635,-0.425958713225
0.98617805892,-9.580355925e-07,-0.5711621204,-0.423607393155
0.98748598738,-9.091588038e-07,-0.56721928685,-0.42125895661
0.98879391584,-8.6261731645e-07,-0.5632948506,-0.41891480689
0.9901018443,-8.196693574e-07,-0.5593906708,-0.416576407625
0.99140977276,-7.8126213e-07,-0.5555086713,-0.414245278205
0.99271770122,-7.477530539e-07,-0.5516508302,-0.411922985985
0.99402562968,-7.1909243835e-07,-0.5478191647,-0.409611135445
0.99533355814,-6.9482996855e-07,-0.54401571495,-0.407311356115
0.9966414866,-6.741748826e-07,-0.54024252825,-0.40502529068
0.99794941506,-6.562917959e-07,-0.53650164295,-0.40275458313
0.99925734352,-6.4031522585e-07,-0.5327950754,-0.400500868585
1.000565272,-6.253086604e-07,-0.5291248094,-0.39826576534
1.0018732004,-6.103211353e-07,-0.525492788,-0.39605086847
1.0031811289,-5.942385306e-07,-0.52190090875,-0.39385774586
1.0044890574,-5.757124749e-07,-0.51835102115,-0.391687936215
1.0057969858,-5.5329185955e-07,-0.51484492595,-0.389542947965
1.0071049143,-5.255058444e-07,-0.511384375,-0.387424259145
1.0084128427,-4.9106109179e-07,-0.50797107205,-0.385333317495
1.0097207712,-4.4913190944e-07,-0.504606672,-0.383271539775
1.0110286997,-3.99467620095e-07,-0.50129277985,-0.38124031051
1.0123366281,-3.4242039204e-07,-0.498030948055,-0.379240979855
1.0136445566,-2.78897777095e-07,-0.49482267304,-0.377274860535
1.014952485,-2.1011493656e-07,-0.491669391275,-0.37534322455
1.0162604135,-1.3734129667e-07,-0.488572475845,-0.373447300255
1.017568342,-6.1730445755e-08,-0.48553323407,-0.37158827015
1.0188762704,1.58213331325e-08,-0.482552907025,-0.36976727019
1.0201841989,9.465966344e-08,-0.479632671575,-0.36798539096
1.0214921273,1.7421348808e-07,-0.476773644545,-0.366243680555
1.0228000558,2.53839940735e-07,-0.47397688883,-0.36454314895
1.0241079843,3.3266582544e-07,-0.47124342062,-0.362884773275
1.0254159127,4.09486081155e-07,-0.46857421638,-0.361269502935
1.0267238412,4.8282108034e-07,-0.4659702185,-0.35969826375
1.0280317696,5.510668366e-07,-0.46343233847,-0.35817196024
1.0293396981,6.126973401e-07,-0.460961456485,-0.35669147511
1.0306476266,6.6651311415e-07,-0.458558417255,-0.35525766585
1.031955555,7.1183609285e-07,-0.456224021835,-0.35387135819
1.0332634835,7.486152337e-07,-0.45395901574,-0.35253333665
1.0345714119,7.7747125125e-07,-0.45176407445,-0.35124433298
1.0358793404,7.996613538e-07,-0.449639787055,-0.35000501307
1.0371872689,8.169920046e-07,-0.447586639335,-0.34881596336
1.0384951973,8.3172905505e-07,-0.44560499786,-0.347677677935
1.0398031258,8.4648846545e-07,-0.44369509619,-0.346590547155
1.0411110542,8.641010296e-07,-0.44185702462,-0.345554849045
1.0424189827,8.8744828985e-07,-0.440090724775,-0.344570744375
1.0437269112,9.192317574e-07,-0.438395989395,-0.34363827582
1.0450348396,9.6167863395e-07,-0.43677246808,-0.342757371785
1.0463427681,1.0162186398e-06,-0.43521967841,-0.341927854505
1.0476506965,1.083174786e-06,-0.43373702145,-0.341149451655
1.048958625,1.1615397505e-06,-0.43232380033,-0.340421810485
1.0502665535,1.2489112633e-06,-0.43097923953,-0.339744512585
1.0515744819,1.34162796985e-06,-0.42970250298,-0.33911708785
1.0528824104,1.4351159927e-06,-0.428492708875,-0.338539025955
1.0541903388,1.52441032295e-06,-0.4273489393,-0.33800978377
1.0554982673,1.6047686735e-06,-0.426270244305,-0.337528788465
1.0568061958,1.6722722984e-06,-0.425255640075,-0.33709543592
1.0581141242,1.7243100531e-06,-0.42430410176,-0.33670908494
1.0594220527,1.75985608865e-06,-0.42341455299,-0.33636904874
1.0607299811,1.77949314175e-06,-0.42258585328,-0.336074584745
1.0620379096,1.7851936762e-06,-0.421816785525,-0.33582488435
1.0633458381,1.77990649165e-06,-0.421106045415,-0.335619064225
1.0646537665,1.7670364977e-06,-0.420452233615,-0.335456159695
1.065961695,1.74992607625e-06,-0.419853851795,-0.335335121215
1.0672696235,1.73143145375e-06,-0.41930930256,-0.33525481393
1.0685775519,1.71366104085e-06,-0.41881689269,-0.335214019915
1.0698854804,1.69790901895e-06,-0.41837483938,-0.335211442775
1.0711934088,1.68476358975e-06,-0.417981278355,-0.33524571389
1.0725013373,1.6743477882e-06,-0.417634273205,-0.335315399565
1.0738092658,1.6666193342e-06,-0.417331825235,-0.335419008755
1.0751171942,1.6616515469e-06,-0.41707188327,-0.335555000695
1.0764251227,1.6598233371e-06,-0.41685235327,-0.33572179254
1.0777330511,1.66189359495e-06,-0.416671107615,-0.3359177667
1.0790409796,1.66895550435e-06,-0.416525993865,-0.336141277825
1.0803489081,1.68225325615e-06,-0.416414843205,-0.336390659595
1.0816568365,1.7029543581e-06,-0.41633547838,-0.33666423114
1.082964765,1.7318589396e-06,-0.416285721145,-0.336960303065
1.0842726934,1.7691877019e-06,-0.41626339887,-0.337277182905
1.0855806219,1.81445684865e-06,-0.416266350185,-0.33761317975
1.0868885504,1.86640188305e-06,-0.41629242963,-0.337966608165
1.0881964788,1.92305536215e-06,-0.41633951108,-0.338335791095
1.0895044073,1.9819328373e-06,-0.416405490035,-0.33871906188
1.0908123357,2.0402477485e-06,-0.416488285305,-0.33911476578
1.0921202642,2.09515879645e-06,-0.416585840365,-0.339521261245
1.0934281927,2.14404117795e-06,-0.41669612513,-0.33993692157
1.0947361211,2.1846843473e-06,-0.416817139415,-0.34036013785
1.0960440496,2.21543034475e-06,-0.41694691859,-0.34078932381
1.097351978,2.2352642709e-06,-0.417083542735,-0.341222923525
1.0986599065,2.24379561875e-06,-0.417225150235,-0.341659422765
1.099967835,2.24119877935e-06,-0.417369956375,-0.34209736453
1.1012757634,2.2281541251e-06,-0.41751627742,-0.34253536917
1.1025836919,2.2057521809e-06,-0.417662559985,-0.342972158925
1.1038916203,2.17540064575e-06,-0.41780741539,-0.343406586695
1.1051995488,2.1387696003e-06,-0.41794965777,-0.34383766809
1.1065074773,2.0977469428e-06,-0.41808834433,-0.344264615315
1.1078154057,2.0544070972e-06,-0.41822281582,-0.344686871495
1.1091233342,2.01098703525e-06,-0.41835273472,-0.345104143235
1.1104312626,1.96983059865e-06,-0.418478118325,-0.34551642912
1.1117391911,1.93330767785e-06,-0.418599364085,-0.345924041985
1.1130471196,1.903706226e-06,-0.418717264255,-0.346327622385
1.114355048,1.883082687e-06,-0.418833007545,-0.3467281414
1.1156629765,1.8730847401e-06,-0.41894816559,-0.34712689083
1.1169709049,1.87476979775e-06,-0.41906466288,-0.347525459605
1.1182788334,1.8884370512e-06,-0.41918472953,-0.34792569581
1.1195867619,1.91349763535e-06,-0.4193108371,-0.34832965439
1.1208946903,1.94840853175e-06,-0.41944561877,-0.348739531615
1.1222026188,1.99067769215e-06,-0.41959177586,-0.349157587775
1.1235105472,2.03695679215e-06,-0.41975197379,-0.349586060675
1.1248184757,2.0832274794e-06,-0.419928731355,-0.350027073205
1.1261264042,2.12505373575e-06,-0.42012430767,-0.35048253836
1.1274343326,2.1578785897e-06,-0.420340591365,-0.3509540658
1.1287422611,2.17735918185e-06,-0.420578997555,-0.351442874395
1.1300501895,2.17969978735e-06,-0.42084037685,-0.35194971441
1.131358118,2.1619326135e-06,-0.421124940985,-0.35247480331
1.1326660465,2.12214057995e-06,-0.42143220928,-0.353017778685
1.1339739749,2.0596110928e-06,-0.421760978145,-0.35357767032
1.1352819034,1.9748678526e-06,-0.422109315905,-0.354152893415
1.1365898318,1.8696067916e-06,-0.42247458361,-0.354741263675
1.1378977603,1.7465607016e-06,-0.422853480845,-0.35534003348
1.1392056888,1.60927116355e-06,-0.423242114845,-0.3559459479
1.1405136172,1.46180598735e-06,-0.42363609,-0.356555318195
1.1418215457,1.3084699796e-06,-0.42403061338,-0.357164109185
1.1431294741,1.1535187139e-06,-0.4244206116,-0.35776803661
1.1444374026,1.00089825595e-06,-0.42480085365,-0.358362670045
1.1457453311,8.5404129325e-07,-0.425166074105,-0.35894353657
1.1470532595,7.157299309e-07,-0.42551109116,-0.359506220625
1.148361188,5.8802097635e-07,-0.425830914425,-0.360046455605
1.1496691164,4.7223490951e-07,-0.426120838175,-0.3605602036
1.1509770449,3.68996816435e-07,-0.42637651646,-0.36104372008
1.1522849734,2.78308825985e-07,-0.42659401769,-0.36149360147
1.1535929018,1.99649746735e-07,-0.426769857455,-0.36190681447
1.1549008303,1.3208703853e-07,-0.426901009695,-0.362280707065
1.1562087587,7.438228644e-08,-0.42698489719,-0.36261300199
1.1575166872,2.50987258755e-08,-0.427019363665,-0.36290177455
1.1588246157,-1.72981656775e-08,-0.42700263061,-0.36314541723
1.1601325441,-5.4348897605e-08,-0.426933242335,-0.363342594205
1.1614404726,-8.7512594395e-08,-0.42681000346,-0.363492189075
1.162748401,-1.180829462e-07,-0.426631912835,-0.36359324942
1.1640563295,-1.47143017215e-07,-0.426398098095,-0.36364493158
1.165364258,-1.7552357623e-07,-0.42610775413,-0.363646448545
1.1666721864,-2.03786962305e-07,-0.425760088715,-0.36359702375
1.1679801149,-2.32225191855e-07,-0.4253542776,-0.36349585276
1.1692880433,-2.60885635315e-07,-0.42488943023,-0.36334207387
1.1705959718,-2.89649090825e-07,-0.424364567165,-0.36313474865
1.1719039003,-3.183069891e-07,-0.42377860881,-0.362872852065
1.1732118287,-3.46633380335e-07,-0.42313037455,-0.362555271475
1.1745197572,-3.744735827e-07,-0.422418591305,-0.36218081377
1.1758276856,-4.01805125285e-07,-0.42164190921,-0.361748218605
1.1771356141,-4.2875862305e-07,-0.420798922575,-0.36125617624
1.1784435426,-4.55657872545e-07,-0.419888194495,-0.360703348615
1.179751471,-4.8302295219e-07,-0.41890828221,-0.36008839111
1.1810593995,-5.114963675e-07,-0.417857762215,-0.35940997422
1.1823673279,-5.417792298e-07,-0.41673525347,-0.35866680366
1.1836752564,-5.7459146885e-07,-0.415539437265,-0.357857637615
1.1849831849,-6.106007311e-07,-0.414269073475,-0.356981301045
1.1862911133,-6.503556721e-07,-0.412923012875,-0.35603669651
1.1875990418,-6.942409536e-07,-0.41150020524,-0.355022811485
1.1889069702,-7.424316967e-07,-0.409999703905,-0.35393872261
1.1902148987,-7.948859515e-07,-0.40842066721,-0.35278359723
1.1915228272,-8.5136613035e-07,-0.406762357285,-0.351556692665
1.1928307556,-9.1143819435e-07,-0.405024137,-0.35025735387
1.1941386841,-9.7449059655e-07,-0.403205465855,-0.34888501017
1.1954466125,-1.03980058175e-06,-0.401305895205,-0.34743917138
1.196754541,-1.1065957206e-06,-0.39932506316,-0.345919423655
1.1980624695,-1.17410618725e-06,-0.39726268969,-0.344325425475
1.1993703979,-1.241616876e-06,-0.395118572015,-0.342656903855
1.2006783264,-1.30849457935e-06,-0.392892580175,-0.34091365073
1.2019862548,-1.37420116675e-06,-0.39058465329,-0.339095519875
1.2032941833,-1.4383011948e-06,-0.388194796115,-0.33720242409
1.2046021118,-1.50043640015e-06,-0.385723075945,-0.33523433269
1.2059100402,-1.56027571695e-06,-0.38316962021,-0.33319126955
1.2072179687,-1.61746922245e-06,-0.38053461461,-0.33107331163
1.2085258971,-1.67160461305e-06,-0.377818301885,-0.328880588045
1.2098338256,-1.7221781029e-06,-0.37502098193,-0.326613280275
1.2111417541,-1.7686001885e-06,-0.3721430127,-0.3242716231
1.2124496825,-1.81022810355e-06,-0.369184812605,-0.321855906795
1.213757611,-1.84642650615e-06,-0.366146864315,-0.31936648057
1.2150655394,-1.8766605131e-06,-0.36302971962,-0.316803756965
1.2163734679,-1.90060159275e-06,-0.359834005615,-0.31416821735
1.2176813964,-1.91823063545e-06,-0.356560431435,-0.311460417955
1.2189893248,-1.9299241816e-06,-0.35320979523,-0.30868099616
1.2202972533,-1.9365014481e-06,-0.349782990915,-0.305830676525
1.2216051817,-1.93921868285e-06,-0.346281013695,-0.302910275785
1.2229131102,-1.9397070755e-06,-0.342704963965,-0.29992070649
1.2242210387,-1.9411994262e-06,-0.339056656015,-0.296863512455
1.2255289671,-1.905352226e-06,-0.335337368155,-0.29373976745
1.2268368956,-1.9718496641e-06,-0.33154500325,-0.29054759545
1.228144824,-2.0202277601e-06,-0.327686014265,-0.287292614185
1.2294527525,-1.808519115e-06,-0.32376148671,-0.283975745525
1.230760681,-1.81209194595e-06,-0.319770482395,-0.28059614032
1.2320686094,-1.8626228837e-06,-0.31571882186,-0.277158881255
1.2333765379,-1.64253379785e-06,-0.311605359925,-0.273662943825
1.2346844663,-1.71848455465e-06,-0.307426671365,-0.27010530008
1.2359923948,-1.8534150187e-06,-0.30318978547,-0.266492110015
1.2373003233,-1.6649163437e-06,-0.29889866049,-0.26282684672
1.2386082517,-1.5572060752e-06,-0.294551016685,-0.25910749954
1.2399161802,-1.47204132495e-06,-0.29015092521,-0.255337645565
1.2412241086,-1.43334893955e-06,-0.285701802235,-0.25152029517
1.2425320371,-1.69003875895e-06,-0.281202212085,-0.24765418959
1.2438399656,-1.77500564245e-06,-0.27665502314,-0.243741861575
1.245147894,-1.6387473434e-06,-0.27206382862,-0.23978649003
1.2464558225,-1.7369361255e-06,-0.26742864062,-0.235788100715
1.2477637509,-1.8078889913e-06,-0.262751452155,-0.23174846759
1.2490716794,-1.7095131033e-06,-0.258034950445,-0.22766998275
1.2503796079,-1.73290745365e-06,-0.253279873455,-0.223553321505
1.2516875363,-1.7227979765e-06,-0.24848842898,-0.219400458905
1.2529954648,-1.60828648175e-06,-0.243663459305,-0.215213935525
1.2543033932,-1.61000826835e-06,-0.238806327005,-0.21099498831
1.2556113217,-1.6192656743e-06,-0.23391894583,-0.206745343495
1.2569192502,-1.58533906005e-06,-0.229003697695,-0.202467145465
1.2582271786,-1.6460741298e-06,-0.224062206395,-0.19816187164
1.2595351071,-1.69545888715e-06,-0.21909634783,-0.193831224835
1.2608430355,-1.69413808815e-06,-0.214108228085,-0.189477115085
1.262150964,-1.75214522335e-06,-0.20909951526,-0.18510106774
1.2634588925,-1.7983266959e-06,-0.20407193437,-0.180704660845
1.2647668209,-1.8048452982e-06,-0.19902728213,-0.17628953887
1.2660747494,-1.8513744454e-06,-0.193967131115,-0.17185715027
1.2673826778,-1.892165849e-06,-0.18889300776,-0.16740890466
1.2686906063,-1.91188858355e-06,-0.18380637526,-0.16294615793
1.2699985348,-1.962715232e-06,-0.17870859058,-0.158470173825
1.2713064632,-2.0038306986e-06,-0.17360094063,-0.15398215569
1.2726143917,-2.01896649955e-06,-0.16848458275,-0.14948319371
1.2739223201,-2.0427493058e-06,-0.163360639125,-0.144974348455
1.2752302486,-2.05102636265e-06,-0.15823016572,-0.14045662309
1.2765381771,-2.0408861823e-06,-0.15309404341,-0.135930866685
1.2778461055,-2.04002677805e-06,-0.147953133305,-0.1313979119
1.279154034,-2.03151278575e-06,-0.142808234645,-0.12685853748
1.2804619624,-2.0120910743e-06,-0.137659946435,-0.122313345215
1.2817698909,-1.9958826508e-06,-0.132508830555,-0.117762904685
1.2830778194,-1.966737162e-06,-0.127355373675,-0.113207719325
1.2843857478,-1.9219127262e-06,-0.12219983508,-0.108648091015
1.2856936763,-1.87100275275e-06,-0.117042393315,-0.10408425028
1.2870016047,-1.80523810345e-06,-0.11188312231,-0.099516334985
1.2883095332,-1.72864692005e-06,-0.10672184281,-0.09494425805
1.2896174617,-1.6519957069e-06,-0.101558244485,-0.09036781591
1.2909253901,-1.57216962505e-06,-0.096391881985,-0.085786684935
1.2922333186,-1.4949916055e-06,-0.09122205084,-0.08120031086
1.293541247,-1.42792673795e-06,-0.086047897505,-0.07660800658
1.2948491755,-1.3676443006e-06,-0.08086844625,-0.072008976085
1.296157104,-1.3179374453e-06,-0.075682515555,-0.06740223989
1.2974650324,-1.2822630374e-06,-0.07048882517,-0.06278673034
1.2987729609,-1.2558866308e-06,-0.06528605581,-0.058161344785
1.3000808894,-1.23963873335e-06,-0.06007281483,-0.053524915005
1.3013888178,-1.2329025245e-06,-0.05484775137,-0.048876309833
1.3026967463,-1.2289383261e-06,-0.049609647292,-0.0442145163015
1.3040046747,-1.2259699145e-06,-0.0443574257375,-0.039538647372
1.3053126032,-1.22128936685e-06,-0.039090265539,-0.0348480440525
1.3066205317,-1.2084725054e-06,-0.0338077003,-0.030142363928
1.3079284601,-1.18596096e-06,-0.0285096442055,-0.025421604361
1.3092363886,-1.15179665805e-06,-0.023196485262,-0.020686185829
1.310544317,-1.1015628687e-06,-0.017869163471,-0.015937021874
1.3118522455,-1.03492109325e-06,-0.012529181085,-0.0111755284575
1.313160174,-9.513293736e-07,-0.007178647173,-0.006403663885
1.3144681024,-8.4869007375e-07,-0.00182030391555,-0.0016239524469
1.3157760309,-7.2838862995e-07,0.0035425075797,0.00316054595795
1.3170839593,-5.9183443145e-07,0.0089058678695,0.007946254124
1.3183918878,-4.3942275374e-07,0.014265317637,0.012729111819
1.3196998163,-2.7439164829e-07,0.0196159450345,0.0175046537545
1.3210077447,-1.00228178535e-07,0.024952468126,0.0222680832535
1.3223156732,8.015459685e-08,0.0302693287185,0.0270143561265
1.3236236016,2.61733654195e-07,0.0355608167645,0.0317382918995
1.3249315301,4.3956148721e-07,0.040821186227,0.0364346774775
1.3262394586,6.0956063255e-07,0.0460447698025,0.041098369813
1.327547387,7.6666616665e-07,0.051226103305,0.0457244072405
1.3288553155,9.0654410365e-07,0.056360032755,0.050308105385
1.3301632439,1.02631291245e-06,0.06144180689,0.054845140045
1.3314711724,1.1233000141e-06,0.066467161665,0.059331622955
1.3327791009,1.19626083205e-06,0.071432379575,0.06376415498
1.3340870293,1.2457453541e-06,0.076334326175,0.068139859
1.3353949578,1.2729790777e-06,0.081170469555,0.072456397475
1.3367028862,1.280441278e-06,0.085938874195,0.07671196712
1.3380108147,1.27180498075e-06,0.090638173325,0.08090527436
1.3393187432,1.25084892445e-06,0.095267525835,0.08503549691
1.3406266716,1.22159383165e-06,0.09982655502,0.08910222915
1.3419346001,1.1880681633e-06,0.10431527532,0.093105416685
1.3432425285,1.1535227551e-06,0.10873401266,0.097045285245
1.344550457,1.120629492e-06,0.11308331919,0.1009222645
1.3458583855,1.0915104931e-06,0.117363889095,0.104736912865
1.3471663139,1.06747631845e-06,0.121576479575,0.10848984693
1.3484742424,1.04942506075e-06,0.125721838625,0.112181676925
1.3497821708,1.0380288018e-06,0.12980064451,0.115812952705
1.3510900993,1.03364698745e-06,0.133813458445,0.119384121475
1.3523980278,1.0365773573e-06,0.137760690565,0.122895497455
1.3537059562,1.0470615236e-06,0.141642581155,0.126347245145
1.3550138847,1.0651185489e-06,0.145459195785,0.129739375035
1.3563218131,1.09064093865e-06,0.149210432345,0.133071749945
1.3576297416,1.12336626945e-06,0.15289603946,0.136344101535
1.3589376701,1.16283325745e-06,0.15651564339,0.13955605436
1.3602455985,1.20856522565e-06,0.160068780225,0.14270715468
1.361553527,1.26015125555e-06,0.1635549322,0.14579690291
1.3628614554,1.31729133155e-06,0.16697356523,0.14882478714
1.3641693839,1.37990661675e-06,0.17032416514,0.151790315495
1.3654773124,1.44805832045e-06,0.173606271635,0.15469304642
1.3667852408,1.52178462885e-06,0.176819508435,0.157532615555
1.3680931693,1.60096798595e-06,0.17996360808,0.160308757795
1.3694010977,1.6851122303e-06,0.183038431255,0.163021324465
1.3707090262,1.7731912688e-06,0.186043980065,0.165670295075
1.3720169547,1.86366206635e-06,0.18898040482,0.16825578325
1.3733248831,1.9545259883e-06,0.191848004785,0.1707780373
1.3746328116,2.0435146242e-06,0.19464722344,0.173237435875
1.37594074,2.128381954e-06,0.19737863868,0.175634479095
1.3772486685,2.20714112265e-06,0.200042949165,0.1779697763
1.378556597,2.278268868e-06,0.202640958475,0.18024403177
1.3798645254,2.340857827e-06,0.205173557825,0.18245802926
1.3811724539,2.39462681905e-06,0.2076417092,0.184612616865
1.3824803823,2.43987025305e-06,0.21004643024,0.186708693475
1.3837883108,2.47738611845e-06,0.212388781835,0.188747197635
1.3850962393,2.5083514127e-06,0.214669859415,0.190729099725
1.3864041677,2.5342181159e-06,0.216890788615,0.19265539798
1.3877120962,2.55663986095e-06,0.21905272541,0.19452711855
1.3890200246,2.57737242105e-06,0.22115686054,0.196345319325
1.3903279531,2.5981720664e-06,0.22320442778,0.19811109714
1.3916358816,2.62068354515e-06,0.225196714895,0.19982559742
1.39294381,2.64628243485e-06,0.2271350757,0.20149002472
1.3942517385,2.67591532265e-06,0.229020941855,0.20310565307
1.3955596669,2.70996849685e-06,0.23085583227,0.204673834105
1.3968675954,2.74816758795e-06,0.23264135848,0.2061960017
1.3981755239,2.78955518685e-06,0.234379224635,0.20767367172
1.3994834523,2.83255950915e-06,0.236071221415,0.209108436455
1.4007913808,2.87512852135e-06,0.237719213875,0.210501953625
1.4020993092,2.9149243408e-06,0.239325123855,0.211855930645
1.4034072377,2.94955057045e-06,0.24089090903,0.213172105865
1.4047151662,2.97677156535e-06,0.242418540375,0.21445222848
1.4060230946,2.99471096255e-06,0.243909980795,0.215698039495
1.4073310231,3.00201709045e-06,0.245367167245,0.216911255835
1.4086389515,2.9979863231e-06,0.24679199807,0.21809355905
1.40994688,2.98265190045e-06,0.24818632723,0.21924659017
1.4112548085,2.9568336335e-06,0.249551965105,0.22037195037
1.4125627369,2.92214390185e-06,0.25089068535,0.221471207035
1.4138706654,2.8809383934e-06,0.252204236275,0.222545903685
1.4151785938,2.8361931248e-06,0.25349435427,0.223597571855
1.4164865223,2.7912973627e-06,0.25476277713,0.22462774271
1.4177944508,2.7497750549e-06,0.25601125458,0.225637956255
1.4191023792,2.71495344815e-06,0.25724155459,0.226629766785
1.4204103077,2.6896028904e-06,0.258455464525,0.22760474377
1.4217182361,2.67561909575e-06,0.25965478666,0.228564467745
1.4230261646,2.67379501315e-06,0.260841329305,0.22951052238
1.4243340931,2.68372501445e-06,0.26201689475,0.23044448378
1.4256420215,2.70386941725e-06,0.263183265815,0.2313679085
1.42694995,2.7317757112e-06,0.26434219315,0.23228232237
1.4282578784,2.76442831125e-06,0.265495384365,0.23318921086
1.4295658069,2.79867112265e-06,0.26664449632,0.23409001231
1.4308737354,2.83163037185e-06,0.26779113114,0.23498611444
1.4321816638,2.86107145475e-06,0.268936835175,0.23587885343
1.4334895923,2.8856346229e-06,0.270083100585,0.23676951537
1.4347975207,2.90491805055e-06,0.27123136843,0.237659338975
1.4361054492,2.91940065455e-06,0.272383031635,0.23854951823
1.4374133777,2.9302343163e-06,0.273539437415,0.239441204505
1.4387213061,2.9389490952e-06,0.27470188786,0.24033550713
1.4400292346,2.9471295543e-06,0.27587163825,0.24123349193
1.441337163,2.95612263555e-06,0.277049893685,0.2421361783
1.4426450915,2.96681736955e-06,0.278237803685,0.24304453455
1.44395302,2.97952732765e-06,0.27943645574,0.243959472315
1.4452609484,2.9939819096e-06,0.280646868885,0.24488184103
1.4465688769,3.0094095743e-06,0.281869987225,0.24581242238
1.4478768053,3.0246845112e-06,0.28310667529,0.246751926385
1.4491847338,3.0385015004e-06,0.284357714835,0.247700988725
1.4504926623,3.04953942655e-06,0.28562380338,0.248660169635
1.4518005907,3.0565879633e-06,0.28690555557,0.249629955265
1.4531085192,3.05862370155e-06,0.288203505875,0.250610760165
1.4544164476,3.0548264196e-06,0.28951811295,0.25160293128
1.4557243761,3.04455091695e-06,0.290849765525,0.25260675319
1.4570323046,3.02727550525e-06,0.29219878848,0.25362245357
1.458340233,3.00254351935e-06,0.293565449235,0.254650208845
1.4596481615,2.96992516415e-06,0.294949963835,0.25569014964
1.4609560899,2.92901436715e-06,0.2963525021,0.25674236531
1.4622640184,2.87946358145e-06,0.29777319199,0.25780690787
1.4635719469,2.82105840075e-06,0.29921212291,0.258883794945
1.4648798753,2.7538165137e-06,0.300669347875,0.259973011725
1.4661878038,2.67809055765e-06,0.30214488511,0.26107451247
1.4674957322,2.59465613715e-06,0.303638719205,0.262188221595
1.4688036607,2.50475746255e-06,0.3051508027,0.26331403514
1.4701115892,2.4100988788e-06,0.306681058385,0.264451822835
1.4714195176,2.3127806448e-06,0.308229383255,0.26560143165
1.4727274461,2.21517379995e-06,0.30979565535,0.266762691725
1.4740353745,2.11974522935e-06,0.31137974324,0.26793542463
1.475343303,2.0288500602e-06,0.312981519865,0.269119455315
1.4766512315,1.94452620115e-06,0.314600880975,0.270314627925
1.4779591599,1.8683071701e-06,0.316237768075,0.271520825475
1.4792670884,1.80106860535e-06,0.31789219688,0.272737994115
1.4805750168,1.74292213715e-06,0.319564290475,0.2739661713
1.4818829453,1.69318548625e-06,0.321254316505,0.275205517335
1.4831908738,1.65041910415e-06,0.32296272841,0.276456350135
1.4844988022,1.61251718365e-06,0.3246902085,0.27771918146
1.4858067307,1.57684742765e-06,0.32643771163,0.278994753435
1.4871146591,1.54043818535e-06,0.32820650793,0.28028407403
1.4884225876,1.5001846626e-06,0.32999822187,0.28158844927
1.4897305161,1.4530556647e-06,0.33181486586,0.282909510545
1.4910384445,1.39629663665e-06,0.333658866035,0.28424923512
1.492346373,1.3276159533e-06,0.335533077835,0.285609957795
1.4936543014,1.24533321155e-06,0.33744078978,0.28699437242
1.4949622299,1.148494716e-06,0.339385713705,0.288405521865
1.4962701584,1.03695332875e-06,0.341371960225,0.289846775455
1.4975780868,9.113991145e-07,0.34340399926,0.29132179376
1.4988860153,7.733554269e-07,0.34548660543,0.29283448075
1.5001939437,6.2513841325e-07,0.3476247895,0.29438892432
1.5015018722,4.69768546285e-07,0.349823717115,0.295989326355
1.5028098007,3.1085595764e-07,0.352088617255,0.29763992442
1.5041177291,1.524552401e-07,0.354424683415,0.299344907765
1.5054256576,-1.11472775455e-09,0.35683697045,0.30110833005
1.506733586,-1.45464990055e-07,0.359330291195,0.30293402242
1.5080415145,-2.7634731725e-07,0.36190911676,0.304825510135
1.509349443,-3.89880069895e-07,0.364577483955,0.3067859357
1.5106573714,-4.82761458585e-07,0.367338914375,0.308817992285
1.5119652999,-5.5246323905e-07,0.370196347845,0.310923869585
1.5132732283,-5.9740087045e-07,0.37315209301,0.31310521448
1.5145811568,-6.1705013045e-07,0.37620779783,0.31536310868
1.5158890853,-6.1200311485e-07,0.37936444043,0.317698063555
1.5171970137,-5.8396237845e-07,0.38262234078,0.320110032575
1.5185049422,-5.3565778755e-07,0.38598119299,0.322598440955
1.5198128706,-4.7069782516e-07,0.38944011613,0.32516223065
1.5211207991,-3.9336286728e-07,0.392997721485,0.3277999189
1.5224287276,-3.0835174969e-07,0.39665219305,0.330509667505
1.523736656,-2.20509382975e-07,0.400401377455,0.333289359565
1.5250445845,-1.34553237995e-07,0.40424287962,0.336136680615
1.5263525129,-5.4818641295e-08,0.408174159585,0.33904920024
1.5276604414,1.4950379823e-08,0.41219262665,0.34202445095
1.5289683699,7.1756878215e-08,0.41629572696,0.3450600012
1.5302762983,1.1344565287e-07,0.42048102099,0.348153519545
1.5315842268,1.3873050486e-07,0.424746248495,0.351302828005
1.5328921553,1.47164072595e-07,0.4290893785,0.35450594275
1.5342000837,1.39059733175e-07,0.433508643285,0.35776110121
1.5355080122,1.15372780775e-07,0.43800255626,0.36106677579
1.5368159406,7.7558898195e-08,0.44256991341,0.364421673845
1.5381238691,2.7423094351e-08,0.44720978012,0.36782472564
1.5394317976,-3.3030336799e-08,0.45192146523,0.371275061835
1.540739726,-1.0173644982e-07,0.456704483685,0.374771981775
1.5420476545,-1.76688955135e-07,0.461558511885,0.37831491591
1.5433555829,-2.5603210385e-07,0.466483337625,0.381903384095
1.5446635114,-3.38124417355e-07,0.471478807635,0.38553695213
1.5459714399,-4.2157237423e-07,0.47654477624,0.389215189585
1.5472793683,-5.052306906e-07,0.4816810569,0.392937630205
1.5485872968,-5.8817900275e-07,0.486887379245,0.39670373708
1.5498952252,-6.696778798e-07,0.492163353245,0.400512873955
1.5512031537,-7.4911021275e-07,0.497508441605,0.40436428335
1.5525110822,-8.2592232775e-07,0.5029219413,0.40825707233
1.5538190106,-8.9957179205e-07,0.50840297375,0.41219020548
1.5551269391,-9.6948893635e-07,0.5139504838,0.41616250489
1.5564348675,-1.03506075655e-06,0.51956324655,0.420172656685
1.557742796,-1.0956391794e-06,0.5252398801,0.42421922237
1.5590507245,-1.1505718378e-06,0.5309788638,0.428300654295
1.5603586529,-1.1992498411e-06,0.53677855975,0.43241531382
1.5616665814,-1.2411657868e-06,0.54263723555,0.43656149049
1.5629745098,-1.27597451215e-06,0.5485530878,0.440737421325
1.5642824383,-1.30354503305e-06,0.55452426385,0.4449413089
1.5655903668,-1.3239982277e-06,0.5605488812,0.449171337195
1.5668982952,-1.33772506405e-06,0.56662504355,0.45342568487
1.5682062237,-1.3453814146e-06,0.57275085325,0.457702535205
1.5695141521,-1.34786086735e-06,0.578924419,0.46200008264
1.5708220806,-1.34624717205e-06,0.58514386065,0.46631653647
1.5721300091,-1.341748454e-06,0.5914073096,0.470650121385
1.5734379375,-1.33562219895e-06,0.597712907,0.47499907592
1.574745866,-1.3290915313e-06,0.60405879965,0.4793616496
1.5760537944,-1.32325961575e-06,0.6104431352,0.483736098775
1.5773617229,-1.3190315784e-06,0.61686405685,0.48812068302
1.5786696514,-1.3170427443e-06,0.62331969975,0.49251366208
1.5799775798,-1.31760385105e-06,0.6298081883,0.49691329402
1.5812855083,-1.32066988735e-06,0.636327636,0.5013178354
1.5825934367,-1.3258311199e-06,0.64287614805,0.50572554345
1.5839013652,-1.3323351977e-06,0.6494518266,0.5101346802
1.5852092937,-1.33914232205e-06,0.65605277815,0.5145435187
1.5865172221,-1.3450076636e-06,0.66267712275,0.51895035015
1.5878251506,-1.3485902117e-06,0.6693230052,0.5233534928
1.589133079,-1.34858137155e-06,0.67598860525,0.52775129985
1.5904410075,-1.34384071095e-06,0.682672148,0.5321421675
1.591748936,-1.33352682785e-06,0.68937191255,0.53652454155
1.5930568644,-1.317210524e-06,0.69608623815,0.54089692185
1.5943647929,-1.2949577105e-06,0.7028135274,0.54525786485
1.5956727213,-1.26736815765e-06,0.7095522473,0.5496059837
1.5969806498,-1.23556442855e-06,0.7163009261,0.55393994595
1.5982885783,-1.2011288908e-06,0.7230581491,0.55825846965
1.5995965067,-1.16598772305e-06,0.729822552,0.56256031835
1.6009044352,-1.1322542792e-06,0.73659281355,0.56684429485
1.6022123636,-1.1020448276e-06,0.74336764855,0.571109236
1.6035202921,-1.07728188035e-06,0.7501458018,0.5753540076
1.6048282206,-1.05951048215e-06,0.75692604375,0.5795775011
1.606136149,-1.0497434172e-06,0.7637071682,0.5837786319
1.6074440775,-1.0483536178e-06,0.77048799245,0.5879563392
1.6087520059,-1.05503056015e-06,0.7772673598,0.59210958795
1.6100599344,-1.06880176655e-06,0.78404414325,0.59623737145
1.6113678629,-1.0881205159e-06,0.7908172508,0.60033871545
1.6126757913,-1.11100868505e-06,0.79758563095,0.6044126821
1.6139837198,-1.1352379703e-06,0.8043482779,0.60845837355
1.6152916482,-1.15853199535e-06,0.811104236,0.61247493535
1.6165995767,-1.1787606474e-06,0.8178526027,0.61646155815
1.6179075052,-1.19410681345e-06,0.8245925299,0.6204174786
1.6192154336,-1.20319056105e-06,0.83132322435,0.62434197925
1.6205233621,-1.2051343229e-06,0.83804394585,0.62823438695
1.6218312905,-1.1995692467e-06,0.844754005,0.63209407075
1.623139219,-1.18658464445e-06,0.85145276025,0.6359204396
1.6244471475,-1.1666304339e-06,0.8581396145,0.6397129392
1.6257550759,-1.14039304665e-06,0.86481401175,0.64347104955
1.6270630044,-1.10865850665e-06,0.8714754342,0.64719428255
1.6283709328,-1.07218174895e-06,0.87812339935,0.6508821792
1.6296788613,-1.0315810567e-06,0.8847574574,0.65453430805
1.6309867898,-9.872635126e-07,0.8913771886,0.65815026265
1.6322947182,-9.3938910815e-07,0.8979822003,0.6617296593
1.6336026467,-8.878740687e-07,0.9045721234,0.66527213435
1.6349105751,-8.324243739e-07,0.9111466083,0.6687773409
1.6362185036,-7.725946327e-07,0.91770531935,0.6722449449
1.6375264321,-7.0786038975e-07,0.92424792915,0.67567462065
1.6388343605,-6.376929096e-07,0.93077411105,0.67906604545
1.640142289,-5.6163019235e-07,0.9372835319,0.6824188943
1.6414502174,-4.793371422e-07,0.94377584385,0.68573283395
1.6427581459,-3.90651819225e-07,0.9502506761,0.6890075172
1.6440660744,-2.95618143855e-07,0.95670762715,0.6922425774
1.6453740028,-1.94505075935e-07,0.9631462572,0.6954376232
1.6466819313,-8.78157963e-08,0.96956608185,0.69859223435
1.6479898597,2.37131925205e-08,0.97596656585,0.7017059577
1.6492977882,1.3912027641e-07,0.98234711765,0.7047783037
1.6506057167,2.5723584651e-07,0.9887070852,0.70780874355
1.6519136451,3.76711856155e-07,0.9950457507,0.7107967064
1.6532215736,4.9605907715e-07,1.00136232575,0.7137415762
1.654529502,6.1370221125e-07,1.00765594585,0.7166426886
1.6558374305,7.280525377e-07,1.01392566305,0.7194993261
1.657145359,8.3758801285e-07,1.02017043795,0.7223107133
1.6584532874,9.40948941e-07,1.0263891288,0.7250760101
1.6597612159,1.0370377418e-06,1.0325804791,0.72779430365
1.6610691443,1.12511173155e-06,1.03874310335,0.73046459945
1.6623770728,1.2048677944e-06,1.04487547085,0.73308581105
1.6636850013,1.27650070515e-06,1.05097588825,0.73565674925
1.6649929297,1.3407278787e-06,1.05704248215,0.73817611135
1.6663008582,1.39878283955e-06,1.06307318185,0.7406424706
1.6676087866,1.4523615671e-06,1.06906570435,0.74305426785
1.6689167151,1.5035265588e-06,1.07501754215,0.7454098047
1.6702246436,1.5545781079e-06,1.0809259556,0.74770724045
1.671532572,1.607894512e-06,1.08678797135,0.74994459315
1.6728405005,1.6657558166e-06,1.0926003881,0.75211974565
1.6741484289,1.7301639399e-06,1.09835979005,0.7542304572
1.6754563574,1.8026715426e-06,1.10406257075,0.75627438155
1.6767642859,1.88423613935e-06,1.10970496565,0.75824909135
1.6780722143,1.97510852395e-06,1.11528309515,0.7601521091
1.6793801428,2.07476596735e-06,1.12079301755,0.7619809443
1.6806880712,2.1818960694e-06,1.12623078995,0.76373313575
1.6819959997,2.29443130885e-06,1.13159253785,0.76540629875
1.6833039282,2.4096365958e-06,1.13687452945,0.7669981752
1.6846118566,2.5242415602e-06,1.14207325445,0.7685066854
1.6859197851,2.6346094695e-06,1.14718550305,0.76992997965
1.6872277135,2.7369359501e-06,1.1522084437,0.7712664879
1.688535642,2.82746132065e-06,1.15713969595,0.77251496505
1.6898435705,2.9026875209e-06,1.16197739565,0.77367453085
1.6911514989,2.95958650365e-06,1.166720249,0.77474470115
1.6924594274,2.9957856529e-06,1.1713675745,0.77572541085
1.6937673558,3.00972320955e-06,1.1759193288,0.7766170256
1.6950752843,3.00076222205e-06,1.1803761161,0.777420342
1.6963832128,2.9692568404e-06,1.18473917965,0.7781365765
1.6976911412,2.9165679205e-06,1.1890103753,0.77876734185
1.6989990697,2.84502292835e-06,1.19319212755,0.77931461295
1.7003069981,2.75782470195e-06,1.19728736945,0.77978068215
1.7016149266,2.65891360595e-06,1.20129946785,0.78016810595
1.7029228551,2.55278739815e-06,1.2052321377,0.78047964515
1.7042307835,2.44429002595e-06,1.2090893475,0.7807182003
1.705538712,2.33838060025e-06,1.2128752198,0.7808867451
1.7068466404,2.23989655155e-06,1.21659393075,0.78098826
1.7081545689,2.1533243355e-06,1.22024961205,0.7810256687
1.7094624974,2.08258766065e-06,1.2238462595,0.78100177985
1.7107704258,2.0308701859e-06,1.2273876513,0.780919236
1.7120783543,2.0004798845e-06,1.23087727825,0.78078047125
1.7133862827,1.992760848e-06,1.2343182901,0.7805876797
1.7146942112,2.00806093975e-06,1.2377134574,0.78034279425
1.7160021397,2.0457511074e-06,1.2410651512,0.7800474776
1.7173100681,2.10429610125e-06,1.24437534045,0.77970312395
1.7186179966,2.1813710366e-06,1.24764560535,0.7793108714
1.719925925,2.27401150965e-06,1.2508771671,0.77887162375
1.7212338535,2.3787911835e-06,1.2540709298,0.7783860804
1.722541782,2.49201319025e-06,1.2572275335,0.7778547718
1.7238497104,2.6099022249e-06,1.260347415,0.77727809965
1.7251576389,2.7287889559e-06,1.26343087255,0.77665637875
1.7264655673,2.845272426e-06,1.26647813225,0.7759898789
1.7277734958,2.95635515235e-06,1.2694894123,0.7752788649
1.7290814243,3.05954327705e-06,1.2724649825,0.7745236329
1.7303893527,3.1529075545e-06,1.27540521695,0.77372454165
1.7316972812,3.2351078927e-06,1.27831063725,0.7728820378
1.7330052096,3.30537861805e-06,1.28118194535,0.7719966738
1.7343131381,3.3634794505e-06,1.2840200455,0.7710691197
1.7356210666,3.40962545975e-06,1.28682605515,0.7701001671
1.736928995,3.4443943392e-06,1.28960130425,0.76909072645
1.7382369235,3.4686228473e-06,1.29234732585,0.76804181965
1.7395448519,3.4833091328e-06,1.29506583775,0.7669545664
1.7408527804,3.48951632865e-06,1.2977587176,0.7658301677
1.7421607089,3.488290487e-06,1.30042797355,0.7646698868
1.7434686373,3.48060371635e-06,1.3030757119,0.7634750287
1.7447765658,3.4673132754e-06,1.30570410415,0.7622469196
1.7460844942,3.4491441897e-06,1.30831535505,0.7609868876
1.7473924227,3.4266954163e-06,1.3109116729,0.7596962447
1.7487003512,3.4004583066e-06,1.313495244,0.75837627225
1.7500082796,3.3708489833e-06,1.316068211,0.75702820815
1.7513162081,3.3382454939e-06,1.318632657,0.75565323815
1.7526241365,3.3030236324e-06,1.3211905944,0.75425249015
1.753932065,3.2655869203e-06,1.3237439583,0.7528270307
1.7552399935,3.2263862415e-06,1.3262946053,0.7513778653
1.7565479219,3.1859268085e-06,1.32884431505,0.7499059398
1.7578558504,3.1447594334e-06,1.33139479515,0.74841214385
1.7591637788,3.10345884825e-06,1.3339476877,0.7468973153
1.7604717073,3.06259213545e-06,1.3365045769,0.74536224505
1.7617796358,3.02267801345e-06,1.3390669966,0.74380768165
1.7630875642,2.9841444038e-06,1.34163643735,0.7422343356
1.7643954927,2.94728875195e-06,1.3442143515,0.7406428827
1.7657034211,2.9122455586e-06,1.3468021576,0.73903396655
1.7670113496,2.87896695925e-06,1.34940124185,0.7374081998
1.7683192781,2.8472176783e-06,1.35201295815,0.7357661643
1.7696272065,2.8165880517e-06,1.3546386266,0.7341084106
1.770935135,2.7865259128e-06,1.35727953015,0.7324354563
1.7722430635,2.7563818894e-06,1.35993691095,0.73074778465
1.7735509919,2.72546875345e-06,1.36261196605,0.7290458422
1.7748589204,2.6931293917e-06,1.36530584345,0.72733003765
1.7761668488,2.65880271965e-06,1.368019639,0.72560074015
1.7774747773,2.6220858179e-06,1.3707543947,0.7238582793
1.7787827058,2.5827833039e-06,1.37351109815,0.72210294505
1.7800906342,2.5409364862e-06,1.376290684,0.72033498935
1.7813985627,2.49683137775e-06,1.37909403675,0.71855462795
1.7827064911,2.4509797636e-06,1.38192199525,0.7167620432
1.7840144196,2.40407359855e-06,1.38477535855,0.7149573877
1.7853223481,2.356918985e-06,1.3876548915,0.71314078745
1.7866302765,2.31035095775e-06,1.39056133175,0.7113123458
1.787938205,2.26513965085e-06,1.39349539565,0.70947214675
1.7892461334,2.22189673325e-06,1.39645778375,0.70762025795
1.7905540619,2.18098955285e-06,1.3994491849,0.7057567327
1.7918619904,2.1424756552e-06,1.4024702797,0.70388161205
1.7931699188,2.1060639427e-06,1.4055217418,0.70199492525
1.7944778473,2.07110584515e-06,1.40860423855,0.7000966902
1.7957857757,2.0366216824e-06,1.41171843005,0.69818691305
1.7970937042,2.00135943375e-06,1.41486496785,0.69626558745
1.7984016327,1.96387940355e-06,1.41804449315,0.6943326938
1.7997095611,1.9226584186e-06,1.4212576349,0.69238819845
1.8010174896,1.8762038173e-06,1.42450500855,0.69043205295
1.802325418,1.82316486905e-06,1.42778721505,0.68846419405
1.8036333465,1.76243031835e-06,1.4311048416,0.68648454385
1.804941275,1.6932051511e-06,1.4344584629,0.6844930106
1.8062492034,1.61505712135e-06,1.4378486434,0.68248949005
1.8075571319,1.5279301019e-06,1.4412759412,0.6804738671
1.8088650603,1.4321266062e-06,1.44474091225,0.6784460181
1.8101729888,1.32825936085e-06,1.44824411555,0.67640581285
1.8114809173,1.2171799457e-06,1.4517861188,0.67435311755
1.8127888457,1.09989604925e-06,1.45536750405,0.67228779695
1.8140967742,9.774810128e-07,1.4589888737,0.67020971715
1.8154047026,8.5098927905e-07,1.4626508564,0.6681187476
1.8167126311,7.2138662545e-07,1.46635411255,0.6660147635
1.8180205596,5.8949842785e-07,1.47009933985,0.66389764785
1.819328488,4.55981657985e-07,1.47388727845,0.6617672929
1.8206364165,3.21320722805e-07,1.47771871545,0.65962360195
1.8219443449,1.85845222545e-07,1.48159448995,0.65746649055
1.8232522734,4.9767578947e-08,1.48551549675,0.65529588755
1.8245602019,-8.6769383345e-08,1.48948269045,0.6531117362
1.8258681303,-2.23637144915e-07,1.49349708875,0.65091399435
1.8271760588,-3.60665611265e-07,1.49755977505,0.6487026351
1.8284839872,-4.97597113515e-07,1.501671901,0.64647764645
1.8297919157,-6.3404794195e-07,1.5058346881,0.6442390314
1.8310998442,-7.694869658e-07,1.5100494284,0.6419868069
1.8324077726,-9.0323428735e-07,1.51431748515,0.6397210033
1.8337157011,-1.03447195255e-06,1.5186402925,0.63744166295
1.8350236295,-1.1622746071e-06,1.52301935475,0.6351488388
1.836331558,-1.2856574916e-06,1.5274562455,0.63284259315
1.8376394865,-1.4036294821e-06,1.53195260655,0.6305229959
1.8389474149,-1.5152579941e-06,1.5365101469,0.62819012325
1.8402553434,-1.6197381353e-06,1.5411306418,0.625844056
1.8415632718,-1.71645664905e-06,1.5458159322,0.62348487855
1.8428712003,-1.80505279335e-06,1.55056792435,0.62111267735
1.8441791288,-1.8854657724e-06,1.5553885892,0.6187275399
1.8454870572,-1.95796601155e-06,1.56027996215,0.6163295533
1.8467949857,-2.02316889075e-06,1.56524414135,0.6139188027
1.8481029141,-2.082023956e-06,1.57028328535,0.6114953692
1.8494108426,-2.1357793395e-06,1.5753996088,0.6090593271
1.8507187711,-2.18592226265e-06,1.5805953751,0.6066107403
1.8520266995,-2.23409790665e-06,1.5858728861,0.6041496572
1.853334628,-2.28200711385e-06,1.59123446765,0.60167610465
1.8546425564,-2.3312909242e-06,1.59668244965,0.59919008005
1.8559504849,-2.3834100943e-06,1.6022191421,0.5966915416
1.8572584134,-2.43952387735e-06,1.6078468046,0.59418039785
1.8585663418,-2.50038221795e-06,1.61356761035,0.59165649435
1.8598742703,-2.5662382025e-06,1.6193836058,0.58911960035
1.8611821987,-2.63678468505e-06,1.62529666475,0.5865693939
1.8624901272,-2.7111304257e-06,1.6313084393,0.58400544625
1.8637980557,-2.78781442375e-06,1.63742030855,0.5814272071
1.8651059841,-2.86485822285e-06,1.64363332635,0.57883398975
1.8664139126,-2.93986265055e-06,1.64994817065,0.57622495815
1.867721841,-3.0101370646e-06,1.6563650959,0.57359911575
1.8690297695,-3.07285622505e-06,1.6628838904,0.5709552972
1.870337698,-3.1252402277e-06,1.669503842,0.56829216325
1.8716456264,-3.16473751095e-06,1.67622371235,0.5656081998
1.8729535549,-3.18920736485e-06,1.6830417229,0.56290172085
1.8742614833,-3.19708625405e-06,1.68995555365,0.5601708764
1.8755694118,-3.1875225348e-06,1.696962355,0.55741366455
1.8768773403,-3.16047803485e-06,1.70405877445,0.5546279483
1.8781852687,-3.11678522715e-06,1.71124099745,0.5518114766
1.8794931972,-3.05815234245e-06,1.71850480105,0.54896190895
1.8808011256,-2.9871202817e-06,1.72584562135,0.5460768428
1.8821090541,-2.90696930415e-06,1.73325863045,0.54315384365
1.8834169826,-2.821581932e-06,1.74073882195,0.54019047595
1.884724911,-2.73526936935e-06,1.748281103,0.5371843344
1.8860328395,-2.6525688257e-06,1.75588038785,0.53413307425
1.8873407679,-2.57802657275e-06,1.76353169175,0.53103444005
1.8886486964,-2.5159758249e-06,1.77123022095,0.5278862912
1.8899566249,-2.4703230711e-06,1.7789714549,0.5246866239
1.8912645533,-2.44435511275e-06,1.78675121985,0.5214335886
1.8925724818,-2.44057437315e-06,1.79456574895,0.5181255026
1.8938804102,-2.46057593465e-06,1.8024117277,0.51476085675
1.8951883387,-2.50496977885e-06,1.81028632375,0.5113383176
1.8964962672,-2.5733481096e-06,1.8181871994,0.50785672315
1.8978041956,-2.6643093537e-06,1.8261125064,0.50431507415
1.8991121241,-2.77552706375e-06,1.83406086515,0.5007125208
1.9004200525,-2.9038604271e-06,1.84203132725,0.497048345465
1.901727981,-3.045508154e-06,1.85002332535,0.493321942485
1.9030359095,-3.1961879421e-06,1.8580366115,0.48953279603
1.9043438379,-3.3513328168e-06,1.8660711871,0.4856804567
1.9056517664,-3.50629991985e-06,1.8741272277,0.481764518325
1.9069596948,-3.65657378265e-06,1.8822050058,0.477784595525
1.9082676233,-3.79795654925e-06,1.89030481495,0.473740303055
1.9095755518,-3.92673763505e-06,1.89842689825,0.4696312378
1.9108834802,-4.03983086985e-06,1.90657138345,0.465456963735
1.9121914087,-4.1348757973e-06,1.9147382283,0.46121700056
1.9134993371,-4.21029889285e-06,1.92292717655,0.45691081604
1.9148072656,-4.2653333837e-06,1.93113772645,0.4525378221
1.9161151941,-4.2999976968e-06,1.93936911255,0.44809737469
1.9174231225,-4.3150348711e-06,1.94762030025,0.44358877695
1.918731051,-4.31182219375e-06,1.95588999255,0.439011285205
1.9200389794,-4.29225403275e-06,1.9641766485,0.4343641175
1.9213469079,-4.25860540165e-06,1.97247851025,0.42964646368
1.9226548364,-4.2133886491e-06,1.9807936384,0.42485749671
1.9239627648,-4.15920838325e-06,1.98911995225,0.419996384375
1.9252706933,-4.09862525865e-06,1.99745527285,0.415062300795
1.9265786217,-4.03403618565e-06,2.00579736725,0.410054437295
1.9278865502,-3.96757356135e-06,2.01414399105,0.404972012115
1.9291944787,-3.9010326608e-06,2.02249292765,0.399814278535
1.9305024071,-3.835826784e-06,2.03084202325,0.394580531425
1.9318103356,-3.77296927035e-06,2.03918921505,0.38927011182
1.933118264,-3.71308420955e-06,2.0475325539,0.383882409755
1.9344261925,-3.65643815505e-06,2.0558702194,0.378416865345
1.935734121,-3.6029922462e-06,2.0642005281,0.372872968235
1.9370420494,-3.55246685125e-06,2.072521936,0.36725025586
1.9383499779,-3.50440935435e-06,2.08083303485,0.361548310575
1.9396579063,-3.4582664371e-06,2.0891325441,0.355766756055
1.9409658348,-3.41344942035e-06,2.09741929925,0.349905253325
1.9422737633,-3.36938734135e-06,2.10569223785,0.34396349653
1.9435816917,-3.32557043015e-06,2.1139503843,0.337941208875
1.9448896202,-3.28157613305e-06,2.12219283445,0.33183813879
1.9461975486,-3.2370799097e-06,2.130418741,0.32565405651
1.9475054771,-3.19185441135e-06,2.13862730025,0.319388751245
1.9488134056,-3.1457537769e-06,2.146817741,0.31304202886
1.950121334,-3.098691978e-06,2.1549893156,0.30661371004
1.9514292625,-3.05061664265e-06,2.16314129365,0.300103629175
1.9527371909,-3.00148191025e-06,2.17127295745,0.29351163345
1.9540451194,-2.95122682125e-06,2.17938360015,0.286837582455
1.9553530479,-2.89975751745e-06,2.1874725251,0.280081348015
1.9566609763,-2.8469400115e-06,2.1955390463,0.273242814055
1.9579689048,-2.79260264635e-06,2.20358248985,0.266321876745
1.9592768332,-2.7365440164e-06,2.2116021952,0.25931844447
1.9605847617,-2.67855172765e-06,2.2195975165,0.25223243775
1.9618926902,-2.61842391105e-06,2.22756782305,0.24506378916
1.9632006186,-2.5559905914e-06,2.23551249865,0.23781244305
1.9645085471,-2.4911349261e-06,2.2434309408,0.230478355205
1.9658164755,-2.4238063556e-06,2.25132255795,0.223061492435
1.967124404,-2.35402698725e-06,2.25918676595,0.215561832095
1.9684323325,-2.2818882034e-06,2.26702298465,0.207979361645
1.9697402609,-2.20753370305e-06,2.2748306329,0.200314078305
1.9710481894,-2.13113746095e-06,2.28260912395,0.1925659886
1.9723561178,-2.05287212785e-06,2.29035786155,0.18473510832
1.9736640463,-1.9728724432e-06,2.2980762349,0.176821462365
1.9749719748,-1.89120310525e-06,2.3057636165,0.16882508482
1.9762799032,-1.80782714075e-06,2.3134193591,0.16074601925
1.9775878317,-1.7225845528e-06,2.3210427942,0.15258431892
1.9788957601,-1.63518527885e-06,2.32863323165,0.14434004733
1.9802036886,-1.5452133434e-06,2.33618996005,0.136013278665
1.9815116171,-1.45214949785e-06,2.34371224725,0.12760409829
1.9828195455,-1.3554059569e-06,2.3511993421,0.119112603315
1.984127474,-1.25437135125e-06,2.3586504754,0.11053890312
1.9854354024,-1.1484668466e-06,2.3660648616,0.101883119775
1.9867433309,-1.03720087795e-06,2.37344169965,0.093145388525
1.9880512594,-9.2022206245e-07,2.38078017325,0.084325858125
1.9893591878,-7.9736691415e-07,2.3880794507,0.075424691265
1.9906671163,-6.6868941495e-07,2.3953386837,0.066442064905
1.9919750447,-5.3447754555e-07,2.4025570058,0.057378170605
1.9932829732,-3.9525228368e-07,2.4097335299,0.048233214966
1.9945909017,-2.51747067635e-07,2.4168673453,0.039007420063
1.9958988301,-1.048723719e-07,2.42395751475,0.0297010239265
1.9972067586,4.43310888e-08,2.4310030712,0.020314281182
1.998514687,1.94747534765e-07,2.43800301465,0.010847463664
1.9998226155,3.4524374748e-07,2.4449563099,0.0013008612013
2.001130544,4.9472379249e-07,2.4518618838,-0.0083252175655
2.001130544,4.9472379249e-07,2.4518618838,-0.0083252175655
