 force-1force-2force-3workmass
   1.1546319456101628E-014   4.4408920985006262E-015  -2.1618456724884384E-014   0.0000000000000000       0.78539909798813223     
  -9.1118224077035848E-012  -1.7395862528246653E-011  -1.6210676227507800E-014  -1.1234945283782951E-007  0.78539909798821583     
   5.3428372837061033E-012   3.0414781804211088E-011  -1.8546790354078069E-014  -1.3311656459687489E-006  0.78539909798797225     
   1.5487167104311084E-011   5.9131810559165388E-011  -2.5959922390591514E-014  -5.3120632317193288E-006  0.78539909798782159     
  -4.3698378249246161E-012   4.8427928334149328E-012  -2.3655612015714657E-014  -1.3865922822145407E-005  0.78539909798765972     
   6.1941562989886734E-012   5.7904792072349665E-012  -2.5214642442026847E-014  -2.8889199922312511E-005  0.78539909798733265     
   9.8054897534893826E-012   4.1078251911130792E-012  -2.3378498165074089E-014  -5.2363580353744337E-005  0.78539909798711072     
   1.6525891766150380E-011  -1.5507595207964187E-011  -1.8678806520321056E-014  -8.6307939874940082E-005  0.78539909798672802     
  -2.1418422591068520E-012  -3.2676084060767607E-012  -1.9732494339134563E-014  -1.3281546430866036E-004  0.78539909798667296     
   2.3033575047293198E-011   3.0992985955435870E-012  -2.3554520480807445E-014  -1.9400529136191742E-004  0.78539909798662766     
   1.7452705947107461E-011  -2.7896795984361233E-011  -1.9317347280754474E-014  -2.7201243904401883E-004  0.78539909798633745     
   2.7764457399825915E-012  -1.9528823003156504E-011  -1.9235051055591252E-014  -3.6899331507792509E-004  0.78539909798621599     
   1.0541345574210936E-011  -5.6723514774148498E-012  -2.2224447332844883E-014  -4.8713929160804873E-004  0.78539909798707630     
   3.3919977937557633E-011  -2.6102231487357130E-011  -2.1028022754366961E-014  -6.2854017511683176E-004  0.78539909798702356     
  -2.9389823907877144E-012  -1.6067147612375265E-011  -2.5463619863992581E-014  -7.9539097271165665E-004  0.78539909798780239     
   2.4836133150074602E-011  -5.7180926660294062E-012  -1.9708827787471723E-014  -9.8975385174091598E-004  0.78539909798783514     
   8.6357587747443176E-012  -2.7395419266440513E-011  -1.9348046352255465E-014  -1.2137338572386215E-003  0.78539909798748819     
   1.1278089573352190E-011  -4.9715787042714510E-011  -1.9355613337864247E-014  -1.4694024401365889E-003  0.78539909798831298     
  -1.3641088258964373E-011  -4.3344439148995662E-011  -2.0878394471012458E-014  -1.7587178262453199E-003  0.78539909798903063     
   5.8237858979737211E-012  -4.5372150481171047E-011  -2.4713767614615958E-014  -2.0836655999078102E-003  0.78539909799100371     
  -9.6846974884101655E-012  -4.3114845027503179E-011  -2.2590326401644106E-014  -2.4460981627233477E-003  0.78539909799656304     
  -1.5245582574152650E-012  -3.0454749833097594E-011  -2.2677986823346399E-014  -2.8477889783998117E-003  0.78539909799563090     
  -5.2109427883806347E-012  -1.9794388350646841E-011  -2.3157939104651359E-014  -3.2905607416144219E-003  0.78539909799563157     
  -1.1207479388986030E-011  -8.6286533473867166E-012  -1.9860171395143707E-014  -3.7760389983005687E-003  0.78539909799434393     
  -2.6059154834001674E-012   2.0317081350640365E-012  -1.5418588693819884E-014  -4.3058422659930148E-003  0.78539909799448282     
  -1.2405187987951649E-011   7.3674399914125388E-013  -2.2621737663798506E-014  -4.8814396524068946E-003  0.78539909799276642     
  -1.7106316363424412E-012   1.0867307054240882E-011  -2.2551391778692941E-014  -5.5042961646427158E-003  0.78539909799309848     
  -1.0317080523236655E-011   7.0747852021213475E-012  -2.6071115817341057E-014  -6.1757010863369502E-003  0.78539909799087304     
  -5.7438498402007099E-012   1.7283952047364437E-011  -2.2931627697843346E-014  -6.8969514108919135E-003  0.78539909799146645     
  -9.9307229106671002E-012   1.4175327578413999E-011  -2.3712155587860804E-014  -7.6691379844404089E-003  0.78539909798863494     
  -1.2267964422107980E-011   1.7644996574972538E-011  -2.8606607689405263E-014  -8.4933704117261498E-003  0.78539909798956353     
  -1.0226042235217392E-011   2.1062707133978620E-011  -2.5990226247232083E-014  -9.3705175087103448E-003  0.78539909798600838     
  -7.9154460763675161E-012   3.1081803797405883E-011  -2.3372470084021975E-014  -1.0301514954848809E-002  0.78539909799956076     
  -3.2462921240039577E-013   3.0809133022557944E-011  -2.6063209421890311E-014  -1.1286914251331078E-002  0.78539909799515140     
  -4.5314862973100389E-012   4.3034020791310468E-011  -3.0045066496623294E-014  -1.2327510684876065E-002  0.78539909801264796     
   3.5589309277384018E-012   4.3405723459954970E-011  -1.8206005101548637E-014  -1.3423598511013466E-002  0.78539909800726115     
  -1.2421175199506251E-012   4.8482107217751036E-011  -2.3873983567297228E-014  -1.4575787855316149E-002  0.78539909802944630     
   4.4022563372436707E-012   4.7538861736029503E-011  -2.1076044896918387E-014  -1.5784185360067138E-002  0.78539909803562302     
   2.8945734698027081E-012   3.7548186782032644E-011  -3.2680177637000340E-014  -1.7049064810997213E-002  0.78539909806349728     
   1.9388934902053734E-012   3.3268943155917441E-011  -1.8782134295015794E-014  -1.8370409882348990E-002  0.78539909807107711     
   1.4552803406786552E-012   2.5991209184894615E-011  -2.3173074595078694E-014  -1.9748266312050990E-002  0.78539909810533448     
  -2.4646951146678475E-013   2.4864998948714856E-011  -2.4042784772719260E-014  -2.1182369100317899E-002  0.78539909811453812     
  -3.4168223805863818E-012   2.0557333613169249E-011  -2.2867213272670893E-014  -2.2672537341685905E-002  0.78539909815631703     
  -4.7850612361344247E-012   2.2776891483999862E-011  -2.2700159873473498E-014  -2.4218248736628228E-002  0.78539909816742781     
  -6.2581051452070824E-012   2.0349499862959419E-011  -2.4974094859709779E-014  -2.5819093897466103E-002  0.78539909821808029     
  -6.5463190423997730E-012   2.2843948954687221E-011  -2.3413504624307826E-014  -2.7474298693635369E-002  0.78539909823142096     
  -3.3053559889140161E-012   1.6028955940328160E-011  -2.4105860005762978E-014  -2.9183205154298321E-002  0.78539909827061616     
  -7.8670403524938592E-012   1.6439294370229618E-011  -2.5955152651905415E-014  -3.0944877316500169E-002  0.78539909828454579     
  -4.3731684939984916E-012   1.4030554496002878E-011  -2.9126870488538334E-014  -3.2758417726913611E-002  0.78539909832612864     
  -1.7390533457728452E-012   5.8872906549822801E-012  -2.3025410366001411E-014  -3.4622680303583259E-002  0.78539909832240595     
   2.4407142973359441E-012   1.2105871860512707E-012  -2.2299944971991283E-014  -3.6536570907486632E-002  0.78539909832245880     
   1.8193446749137365E-011  -1.5479173498533783E-011  -2.4039675895137426E-014  -3.8498785039483591E-002  0.78539909831564825     
   1.0325074129013956E-012  -7.6356698741619766E-012  -1.7435767396825104E-014  -4.0507991487392661E-002  0.78539909833669408     
   4.4142467459096224E-013  -1.1443290759416413E-011  -2.1433077840199839E-014  -4.2562630963434267E-002  0.78539909839982180     
   6.3584693066331965E-012  -1.7127632645497215E-011  -2.4143698237200536E-014  -4.4661034782052501E-002  0.78539909839477484     
   9.8463459607955883E-012  -1.7971402144212334E-011  -1.8659249601022322E-014  -4.6801604153056280E-002  0.78539909839495869     
   2.7132518454209276E-011  -1.5290879673557356E-011  -2.2145846562565523E-014  -4.8982502530315511E-002  0.78539909838488542     
   1.1839418334602669E-011  -5.9960925113955454E-012  -2.5207435201550959E-014  -5.1201901126158814E-002  0.78539909841576327     
   2.0324186777997966E-011  -1.3008261134928034E-011  -2.6668960327770816E-014  -5.3457737684285203E-002  0.78539909850888456     
   1.4807266524030638E-011  -1.3026912881741737E-011  -2.5958514250485956E-014  -5.5747910936390824E-002  0.78539909854574297     
   2.4777069285164544E-011  -2.3472779275834910E-011  -1.9426771421960060E-014  -5.8070305954679019E-002  0.78539909854614653     
   4.0321523897546285E-011  -2.5081270393911836E-011  -1.8733622631441955E-014  -6.0422749087177582E-002  0.78539909853186651     
   8.0757622811233887E-012  -2.1434409802623122E-011  -2.1536156538161932E-014  -6.2802970404076480E-002  0.78539909854338696     
   3.1688429658061068E-011  -2.8559377085457527E-011  -1.5202284298442173E-014  -6.5208522910319117E-002  0.78539909854418477     
   3.5511149576450407E-011  -2.2028601165402506E-011  -2.2535060881377648E-014  -6.7636984946256057E-002  0.78539909852677825     
   7.9634077110313228E-012  -2.6135538178095885E-011  -3.2156259580422811E-014  -7.0085867238152744E-002  0.78539909854077572     
   4.3403503013905720E-011  -3.2421176854313671E-011  -2.4709334215934782E-014  -7.2552493852573369E-002  0.78539909854183743     
   4.5040415841413051E-011  -2.0641266473830910E-011  -2.7078413267607858E-014  -7.5034239459787475E-002  0.78539909852077372     
  -1.5187850976872141E-013  -1.7514878436486470E-011  -2.1117132358713685E-014  -7.7528430159328240E-002  0.78539909853768020     
   4.0397019063220796E-011  -2.0887291896087845E-011  -2.1454681730827863E-014  -8.0032210571184578E-002  0.78539909853906831     
   5.0249582272954285E-011  -1.8763657294584846E-011  -2.4866619456485431E-014  -8.2542803521464536E-002  0.78539909851380107     
  -2.1760371282653068E-012  -2.8737900947817252E-011  -2.2356793182484302E-014  -8.5057397972006482E-002  0.78539909853404488     
   3.9702463539015298E-011  -3.7001512964707217E-011  -1.2835781157281949E-014  -8.7572996803670811E-002  0.78539909853582246     
   3.3715252811816754E-011  -3.7196912217041245E-011  -2.0660291240861356E-014  -9.0086746049339597E-002  0.78539909860173018     
  -2.0693669000593218E-011  -4.8506976213502639E-011  -2.0288071217757513E-014  -9.2595590924349075E-002  0.78539909864066315     
  -1.8018475600456441E-011  -4.5471182374967611E-011  -1.9704204580539680E-014  -9.5096527074465906E-002  0.78539909866624380     
   1.1627143692294339E-011  -4.0256686872908176E-011  -2.8209054190357766E-014  -9.7586465239418121E-002  0.78539909866855417     
  -7.8825834748386114E-012  -4.8658854723271361E-011  -2.0710009341754432E-014 -0.10006241725786635       0.78539909875150504     
  -4.8264503504924505E-011  -5.1328719052889937E-011  -1.7147480428565279E-014 -0.10252120627126649       0.78539909880014291     
  -4.8566484167622548E-011  -4.4072301363939914E-011  -2.4382169022776286E-014 -0.10495973998088315       0.78539909883194015     
  -2.4122925879055401E-012  -3.5464076120206300E-011  -1.5018245742060371E-014 -0.10737485343259501       0.78539909883500914     
  -1.7122303574979014E-011  -4.5893067124325171E-011  -2.1879798298807614E-014 -0.10976351154775454       0.78539909893816928     
  -6.3020699769822386E-011  -5.0016879526992852E-011  -2.1005144904871570E-014 -0.11212247926662278       0.78539909899823324     
  -5.5687010558358452E-011  -4.0917491617165069E-011  -2.2534959113131148E-014 -0.11444862256304468       0.78539909903729566     
   4.0247805088711175E-012  -3.6342484577289724E-011  -1.6820871407664549E-014 -0.11673873415059506       0.78539909904128136     
  -1.5006662579253316E-011  -5.3144155742756993E-011  -1.4388904326111880E-014 -0.11898976429277217       0.78539909916799766     
  -6.7087668753629259E-011  -5.3063331506564282E-011  -2.4002806434568136E-014 -0.12119846189272712       0.78539909924131002     
  -5.1835868930538709E-011  -3.4472869003820961E-011  -1.8920954511430353E-014 -0.12336171254130114       0.78539909928876694     
   2.8057112189117106E-011  -2.5528912317440700E-011  -1.8792019901497596E-014 -0.12547634775403055       0.78539909929384388     
  -6.7213790089226677E-011  -3.1160851676759194E-011  -2.0239160341330373E-014 -0.12753939744743173       0.78539909944716169     
  -7.5174977354208750E-011  -9.6509467084615608E-012  -2.3475896699547183E-014 -0.12954768667921279       0.78539909953572029     
  -1.4184653451820850E-011  -6.9633188104489818E-013  -1.4845668078950460E-014 -0.13149819658644102       0.78539909959279464     
   7.0536909646534696E-011  -8.5158546880848007E-012  -1.8780978784922158E-014 -0.13338784593297329       0.78539909959915299     
  -4.2952752465907906E-011  -1.3907097695664561E-011  -1.9552443874210939E-014 -0.13521376537596480       0.78539909978341904     
  -5.5303761570257848E-011   9.7957197908726812E-012  -1.6013387934412421E-014 -0.13697285930398234       0.78539909988924661     
   1.0655032411932552E-011   9.4839691655579372E-012  -2.2734780319927399E-014 -0.13866220445598371       0.78539909995716739     
  -2.6139090891774686E-012   4.6682657739438582E-012  -2.4708373678842633E-014 -0.14027882530352762       0.78539909996423662     
  -6.5458305442689380E-011   1.8997248218965979E-011  -2.6496123213352422E-014 -0.14182000142507539       0.78539910018331138     
  -2.5404345294077757E-011   2.7033486560412712E-011  -2.6672907891149383E-014 -0.14328273788765056       0.78539910013428771     
   1.5997203561823881E-011   1.5804246800144028E-011  -2.4667226457651076E-014 -0.14466446199119304       0.78539910021430792     
  -1.4201972931005002E-012   1.6030732297167560E-011  -1.9375668167880357E-014 -0.14596229494110793       0.78539910022298598     
  -6.1080029922777612E-011   4.0847325522008759E-011  -2.1298238443873641E-014 -0.14717376675488775       0.78539910048067552     
  -8.6581852798417458E-012   4.5501380441237416E-011  -2.0337123597104810E-014 -0.14829609897969134       0.78539910042323924     
   4.3649306391557730E-011   2.0124346633565438E-011  -2.0131358668862764E-014 -0.14932694663492216       0.78539910051655570     
   2.3908763857605209E-011   1.3542944543587510E-011  -1.8108762287571121E-014 -0.15026362936640364       0.78539910052704576     
   3.1073366102418731E-011   8.6259888121276163E-012  -1.8999190111366730E-014 -0.15110383405611072       0.78539910053819928     
   5.2252591142831761E-011  -1.1397105481592007E-011  -2.9273815363934294E-014 -0.15184517088798241       0.78539910054985251     
   4.2405107203435932E-011  -2.2543744648828579E-011  -1.4508996415463504E-014 -0.15248533618296567       0.78539910056201734     
   4.0197387085605385E-011  -3.3185010295255779E-011  -2.3819649618781718E-014 -0.15302210685410728       0.78539910057470663     
   4.3851811071249358E-011  -4.0293990366535581E-011  -2.3188424979810645E-014 -0.15345334157268464       0.78539910058793072     
   4.9570736404547233E-011  -4.4898307294261031E-011  -2.3002729627106000E-014 -0.15377698080126723       0.78539910060170093     
   5.7235549633105620E-011  -5.4800608495497727E-011  -1.4630510316179433E-014 -0.15399102728771577       0.78539910055071993     
   6.5001781734963515E-011  -7.0502714777376241E-011  -2.1617650366046525E-014 -0.15409361156852833       0.78539910049817951     
   6.5206284816099469E-011  -8.1848305910625641E-011  -2.5281318741273114E-014 -0.15408290806934055       0.78539910044406569     
   6.3856919751970054E-011  -9.0630170035410629E-011  -2.2867061140542386E-014 -0.15395717867822417       0.78539910038836536     
   5.6726401354012523E-011  -9.5246477371802030E-011  -2.1661601650622272E-014 -0.15371477478187784       0.78539910033106608     
   4.6069148496030721E-011  -9.8721919528088620E-011  -1.6816473466617841E-014 -0.15335414171913628       0.78539910027215898     
   3.1709079806319096E-011  -1.0237055647621673E-010  -2.0363847593983095E-014 -0.15287382423454360       0.78539910021163628     
   1.3792078590313395E-011  -1.0421130625104524E-010  -1.8568299149157277E-014 -0.15227247060320581       0.78539910014949299     
  -8.6504137186693697E-012  -1.0250733595285055E-010  -1.2370387092126920E-014 -0.15154883478387216       0.78539910008572644     
  -3.1532554345403696E-011  -9.5505825470354466E-011  -1.7831988946649596E-014 -0.15070177704209597       0.78539910002033753     
  -5.1363802100468092E-011  -8.3629991820544092E-011  -1.4494106516788354E-014 -0.14973026430448647       0.78539909995332702     
  -6.3987926068875822E-011  -6.8138383824134507E-011  -1.9526365202858499E-014 -0.14863337169992188       0.78539909988470091     
  -7.4210415590414414E-011  -4.5539128024074671E-011  -2.2636008453962943E-014 -0.14741030543667141       0.78539909989169310     
  -7.6981976349088654E-011  -2.8566926602024978E-011  -2.1807937384266361E-014 -0.14606034125427503       0.78539909989886181     
  -7.8021145100137801E-011  -1.8697043913107336E-011  -2.4750521392042668E-014 -0.14458291961998215       0.78539909990620604     
  -8.3673512563109398E-011  -1.0663470106919704E-011  -1.9670632864426295E-014 -0.14297760964556447       0.78539909991372503     
  -9.0608853753337826E-011  -1.9584334154387761E-012  -1.6780001659349621E-014 -0.14124412098968764       0.78539909992141854     
  -9.6700869534060985E-011   8.5846885156115604E-012  -2.2560868916725910E-014 -0.13938231004632162       0.78539909992928347     
  -1.0134115768778429E-010   1.9930723738070810E-011  -2.1982054039443791E-014 -0.13739218298212164       0.78539909993731971     
  -1.0161027574895343E-010   3.0339286638536578E-011  -1.7149830656725183E-014 -0.13527389776511248       0.78539909994552337     
  -9.7188035397266503E-011   3.8013592273955510E-011  -2.4226063132615489E-014 -0.13302776673568434       0.78539909995389379     
  -9.0277119113579829E-011   4.3514081227158385E-011  -2.3869625436863478E-014 -0.13065426108285177       0.78539909996242729     
  -7.7902129191897984E-011   4.6562753652779065E-011  -2.7900841058061876E-014 -0.12815401809816951       0.78539909997112045     
  -6.2525984390049416E-011   4.6574299972235167E-011  -1.6293739414216326E-014 -0.12552785108816306       0.78539909997997037     
  -4.3010928152398265E-011   4.4547476818479481E-011  -1.8171870349677014E-014 -0.12277676083175164       0.78539909998897406     
  -2.0976109738057858E-011   3.7255531992741453E-011  -1.7142415070256240E-014 -0.11990194711362291       0.78539909999812574     
  -6.1906035853098729E-013   2.6984636747329205E-011  -2.5490302844093014E-014 -0.11690481915800882       0.78539910000742208     
   1.5761614235998422E-011   1.1585399306568434E-011  -2.2502984677375988E-014 -0.11378700444803908       0.78539910001685775     
   2.6592950064241450E-011  -5.4303228580465657E-012  -2.5025144838292970E-014 -0.11055035618604092       0.78539910002642754     
   3.1461944161037536E-011  -2.2477131267351069E-011  -2.1384236902770840E-014 -0.10719696029288621       0.78539910003612590     
   3.3647751251919544E-011  -3.6708414086206176E-011  -3.0292013189559678E-014 -0.10372914312209575       0.78539910004594615     
   3.4211744548429124E-011  -4.7535309022350702E-011  -1.5511064773602656E-014 -0.10014948085696421       0.78539910005588254     
   3.5989877744668775E-011  -5.6547655447047873E-011  -1.9583915467450052E-014  -9.6460810955693088E-002  0.78539910006592839     
   3.8846259542424377E-011  -6.3848482056982903E-011  -2.1476996816453311E-014  -9.2666245295391372E-002  0.78539910007607616     
   4.1074699197451991E-011  -7.1119998779067828E-011  -1.1113695414554981E-014  -8.8769184155658126E-002  0.78539910008631864     
   4.1244341275614715E-011  -7.7812423171508271E-011  -1.9132380634770020E-014  -8.4773330077248105E-002  0.78539910009664771     
   3.7896796811764943E-011  -8.3928419769563334E-011  -1.0781834444667846E-014  -8.0682700942618216E-002  0.78539910010705538     
   3.0978775100720668E-011  -8.7471363485747133E-011  -1.4622890018746994E-014  -7.6501642175935497E-002  0.78539910011753289     
   1.9769963444105088E-011  -8.9892093768639825E-011  -1.2111529299076685E-014  -7.2234838494896231E-002  0.78539910012807157     
   4.9462656193099974E-012  -8.9217522258877580E-011  -7.1038723526031822E-015  -6.7887325937328963E-002  0.78539910013866088     
  -1.3305800905527576E-011  -8.5174090003192759E-011  -2.9933478439470854E-014  -6.3464504831965723E-002  0.78539910014929282     
  -3.3537617127876729E-011  -7.7579720425546839E-011  -2.0788770497837937E-014  -5.8972154033930704E-002  0.78539910015995640     
  -5.3847593051159492E-011  -6.5419669681432424E-011  -2.3066953813564781E-014  -5.4416446258157190E-002  0.78539910017064152     
  -7.0905947779920098E-011  -5.0419668440326859E-011  -1.0047003094071441E-014  -4.9803963928374974E-002  0.78539910018133807     
  -8.4622087115349132E-011  -3.2126301618973230E-011  -1.2101229050711795E-014  -4.5141714784593799E-002  0.78539910019203463     
  -9.2943430729519605E-011  -1.3578027591165664E-011  -2.1976242765580951E-014  -4.0437146629226400E-002  0.78539910020272097     
  -9.6463281806791201E-011   4.7239989697800411E-012  -2.3099869434242106E-014  -3.5698160954676046E-002  0.78539910021338466     
  -9.7377217400662630E-011   1.9386492411399558E-011  -1.9243986636630709E-014  -3.0933125545002275E-002  0.78539910022401538     
  -9.7001517929129477E-011   3.2360780721774063E-011  -1.9393953845511148E-014  -2.6150886744319257E-002  0.78539910023460080     
  -9.6577856822932517E-011   4.2463144112048212E-011  -2.6748254935226942E-014  -2.1360782246384828E-002  0.78539910024512849     
  -9.5544017142401572E-011   5.0803805606847163E-011  -2.6074537341328218E-014  -1.6572652715615553E-002  0.78539910025558679     
  -9.4107832637746469E-011   5.9353078007973181E-011  -2.8662103870500039E-014  -1.1796856043376453E-002  0.78539910026596349     
  -9.0077278969147301E-011   6.6017302735588146E-011  -2.2221576437422349E-014  -7.0442850110480531E-003  0.78539910027624660     
  -8.3672624384689698E-011   7.0962569154175981E-011  -1.6585274939510822E-014  -2.3263792412163611E-003  0.78539910028642357     
  -7.2585493171573034E-011   7.4849793030296041E-011  -2.0474571380509854E-014   2.3448629434273940E-003  0.78539910029648163     
  -5.7959859134371072E-011   7.5882689021256056E-011  -2.5042443474612000E-014   6.9568729123546356E-003  0.78539910030640880     
  -4.0189185313010967E-011   7.4921166492991631E-011  -2.9389292706243840E-014   1.1496501803034947E-002  0.78539910031619264     
  -1.9579893262289261E-011   6.9056378670939722E-011  -2.1988924309902673E-014   1.5950013163199862E-002  0.78539910032582050     
   2.1174173525650986E-012   6.0676491608901983E-011  -1.8751564301631523E-014   2.0303075986764892E-002  0.78539910033528082     
   2.1823431950451777E-011   4.7201631492299612E-011  -1.7861495863948177E-014   2.4540758649770664E-002  0.78539910034456129     
   3.9104719462557114E-011   3.2112645875770340E-011  -2.0810632382210311E-014   2.8647523443771087E-002  0.78539910035364935     
   5.1895376884658617E-011   1.4515944002368997E-011  -1.4794963177160532E-014   3.2607226359800498E-002  0.78539910036253380     
   6.0093263698490773E-011  -2.2221113837872508E-012  -1.9261416035180150E-014   3.6403123017512515E-002  0.78539910037120386     
   6.4297456248141316E-011  -1.8726242778654978E-011  -2.0866319123019107E-014   4.0017837919855262E-002  0.78539910037964766     
   6.6532557241316681E-011  -3.1288305279986162E-011  -2.0478942338026052E-014   4.3433369906837119E-002  0.78539910038785488     
   6.7622352162288735E-011  -4.2934322763699129E-011  -2.7793551661183760E-014   4.6631116561390226E-002  0.78539910039581495     
   6.7819083682252312E-011  -5.1499693398682211E-011  -3.2148533620511588E-014   4.9591887642035176E-002  0.78539910040351879     
   6.7705396844530696E-011  -5.9391602746927674E-011  -1.7953783681830955E-014   5.2295865321627180E-002  0.78539910041095595     
   6.6444627577766369E-011  -6.4933169952041681E-011  -1.9032647617195235E-014   5.4722612797499209E-002  0.78539910041811811     
   6.2910565645779570E-011  -7.0029981813490849E-011  -1.5895907319450049E-014   5.6851083587535253E-002  0.78539910042499717     
   5.6405990989105703E-011  -7.3699935043691767E-011  -2.3207671174271241E-014   5.8659650295134327E-002  0.78539910043158567     
   4.6323167524064957E-011  -7.4886097323201284E-011  -1.6546349614538489E-014   6.0126134929172396E-002  0.78539910043787708     
   3.2968294760848948E-011  -7.4436901087437946E-011  -1.2988515170942731E-014   6.1227790389690784E-002  0.78539910044386541     
   1.3780532270857293E-011  -7.5281114675362915E-011  -1.5821633690160177E-014   6.1941315852281256E-002  0.78539910039378624     
  -6.7079675147851958E-012  -6.7593486363648481E-011  -1.9966517962361545E-014   6.2242898692674319E-002  0.78539910034652305     
  -2.2974955271592989E-011  -5.6523230540506120E-011  -1.9342319129094167E-014   6.2108244408604560E-002  0.78539910030209381     
  -3.8114844613801324E-011  -4.3597569998610197E-011  -1.5260479292209199E-014   6.1512675556219421E-002  0.78539910026051196     
  -4.9528825485367634E-011  -2.9717561744746490E-011  -1.4511142094705720E-014   6.0431072517278209E-002  0.78539910022178083     
  -5.6568527639910826E-011  -1.4519940805257647E-011  -2.0386812948803471E-014   5.8837910933792231E-002  0.78539910018589754     
  -6.0218052766458641E-011   2.0707879855308420E-012  -1.5234875339266622E-014   5.6707312103560427E-002  0.78539910020095194     
  -5.6675109050274841E-011   1.7360335391458648E-011  -2.1340172552510120E-014   5.4013096111065098E-002  0.78539910021483539     
  -4.2343017980783770E-011   7.3100636654999107E-011  -1.5209436206718636E-014   5.0728878625191501E-002  0.78539910043660144     
  -3.8238745503349492E-011   3.4476865806709611E-011  -1.5816823686290090E-014   4.6827931714620658E-002  0.78539910039934979     
  -6.7029048977929051E-011   4.0998759942567631E-011  -2.1260354017595910E-014   4.2283593300575475E-002  0.78539910046764416     
  -3.4641178814354134E-011   8.1419759823120330E-011  -2.5937687206944880E-014   3.7068884127034615E-002  0.78539910047681238     
  -3.4538594206878770E-011   9.6901153767703363E-011  -2.3997132220390234E-014   3.1156929940796690E-002  0.78539910060815754     
  -2.3555823958076871E-011   7.3140604683885613E-011  -1.0972870447252672E-014   2.4520757288218106E-002  0.78539910067393093     
  -3.8092640153308821E-011   6.8859140611721159E-011  -2.0911888910996172E-014   1.7133573043680107E-002  0.78539910071328056     
  -7.5601747084874660E-012   9.5285557222268835E-011  -2.1088780815429722E-014   8.9687538658934328E-003  0.78539910071786678     
   2.6725288648776768E-012   8.4556806001501172E-011  -1.5880811825318027E-014  -1.5272741666126941E-015  0.78539910076585917     
