 force-1force-2force-3workmass
   1.7763568394002505E-015   2.4868995751603507E-014  -2.1490512560269861E-014   0.0000000000000000       0.78539817820995306     
  -6.2172489379008766E-015  -3.5527136788005009E-015  -1.9726406137187388E-014  -2.7652729673905037E-008  0.78539817820995284     
   1.0658141036401503E-014  -2.1316282072803006E-014  -2.4147925151957018E-014  -3.3400108253082116E-007  0.78539817820995228     
   1.8651746813702630E-014   3.5527136788005009E-015  -2.2246842942296412E-014  -1.4645825554271408E-006  0.78539817820996038     
  -1.7319479184152442E-014  -1.7763568394002505E-014  -2.1152140542663077E-014  -4.1947635853545676E-006  0.78539817820995661     
   2.5757174171303632E-014   1.0658141036401503E-014  -2.3062269228026966E-014  -9.4734049832633643E-006  0.78539817820998392     
   1.3322676295501878E-015  -3.5527136788005009E-014  -2.2237355061678199E-014  -1.8363843672668592E-005  0.78539817820997548     
   7.1054273576010019E-015  -1.0658141036401503E-014  -1.7489284113864716E-014  -3.1977333067218644E-005  0.78539817821003233     
  -7.5495165674510645E-015   3.5527136788005009E-014  -1.7905630296774471E-014  -5.1399040708385163E-005  0.78539817821001645     
   4.4408920985006262E-016  -2.1316282072803006E-014  -1.5749463520295688E-014  -7.7609495985092591E-005  0.78539817821011382     
  -1.1990408665951691E-014   5.3290705182007514E-014  -1.9401545487858125E-014  -1.1140857139910545E-004  0.78539817821008917     
  -1.2434497875801753E-014  -1.7763568394002505E-014  -2.4549001377388504E-014  -1.5335511669106738E-004  0.78539817821023739     
   1.4654943925052066E-014  -4.2632564145606011E-014  -2.1689713913338610E-014  -2.0374012915133632E-004  0.78539817821020130     
  -1.0214051826551440E-014  -3.9079850466805510E-014  -2.0683136999564880E-014  -2.6261028859575486E-004  0.78539817821041058     
   1.6875389974302379E-014   0.0000000000000000       -2.2845556066172127E-014  -3.2984741707529214E-004  0.78539817821036140     
   3.5527136788005009E-015  -1.7763568394002505E-014  -2.5139825904317231E-014  -4.0529142446278643E-004  0.78539817821064006     
   1.3322676295501878E-015   0.0000000000000000       -2.3886227112461835E-014  -4.8887700200095363E-004  0.78539817821057578     
   2.0872192862952943E-014  -5.6843418860808015E-014  -2.3317696296458939E-014  -5.8074972911904832E-004  0.78539817821093005     
   1.1546319456101628E-014   1.0658141036401503E-014  -2.2892406538335279E-014  -6.8133530119915409E-004  0.78539817821085089     
   1.2878587085651816E-014   7.1054273576010019E-015  -2.1950878103966099E-014  -7.9135444300411362E-004  0.78539817821128211     
   3.3306690738754696E-014  -2.8421709430404007E-014  -2.0758029582296635E-014  -9.1179073951216938E-004  0.78539817821118840     
   8.8817841970012523E-015   3.5527136788005009E-015  -2.4454987290491904E-014  -1.0438284732532666E-003  0.78539817821169677     
   2.0428103653102880E-014   2.1316282072803006E-014  -2.2289872992864841E-014  -1.1887741702936716E-003  0.78539817821158875     
   8.4376949871511897E-015   1.0658141036401503E-014  -2.5173771092817934E-014  -1.3479724687456007E-003  0.78539817821217395     
   1.6431300764452317E-014  -1.4210854715202004E-014  -2.4958666106623704E-014  -1.5227185969444446E-003  0.78539817821205204     
  -2.2204460492503131E-014   1.0658141036401503E-014  -2.4448827761983539E-014  -1.7141718513530024E-003  0.78539817821271429     
   1.5987211554602254E-014   2.1316282072803006E-014  -2.8798134221190902E-014  -1.9232726522135646E-003  0.78539817821257807     
  -2.9753977059954195E-014   1.0658141036401503E-014  -2.5974399237894463E-014  -2.1506738747018861E-003  0.78539817821331792     
  -7.5495165674510645E-015   7.1054273576010019E-014  -2.5798569100331006E-014  -2.3966943206600311E-003  0.78539817821316760     
  -1.9095836023552692E-014   7.4606987254810520E-014  -2.7760233665195582E-014  -2.6613066915490979E-003  0.78539817821398650     
   1.7763568394002505E-015   2.1316282072803006E-014  -2.5855655078155996E-014  -2.9441617774378093E-003  0.78539817821382174     
  -1.8651746813702630E-014   2.1316282072803006E-014  -2.6226494351490304E-014  -3.2446507281824744E-003  0.78539817821471802     
  -1.7319479184152442E-014  -2.4868995751603507E-014  -2.6536163837177673E-014  -3.5619932289488454E-003  0.78539817821454072     
  -1.1990408665951691E-014   1.0658141036401503E-014  -2.5926779081283712E-014  -3.8953428860704076E-003  0.78539817821550684     
  -1.4210854715202004E-014  -3.5527136788005009E-015  -2.3687221547718814E-014  -4.2438905542349081E-003  0.78539817821531954     
  -1.8207657603852567E-014  -1.7763568394002505E-014  -2.7191228148773539E-014  -4.6069574508139643E-003  0.78539817821634328     
   2.3980817331903381E-014  -3.5527136788005009E-014  -2.4281163420347557E-014  -4.9840626610176963E-003  0.78539817821615088     
   6.6613381477509392E-015   1.4210854715202004E-014  -2.1481275269208570E-014  -5.3749654726383822E-003  0.78539817821721458     
  -4.4408920985006262E-015  -3.5527136788005009E-014  -1.9039545637574767E-014  -5.7796743195623335E-003  0.78539817821702129     
   1.3322676295501878E-014  -1.0658141036401503E-014  -2.3729268560461316E-014  -6.1984308630282925E-003  0.78539817821810587     
  -6.6613381477509392E-015  -1.7763568394002505E-014  -2.4834688032208665E-014  -6.6316652110502972E-003  0.78539817821791691     
   2.9309887850104133E-014  -2.8421709430404007E-014  -1.9309163011597815E-014  -7.0799356735341545E-003  0.78539817821900426     
   1.4654943925052066E-014  -3.1974423109204508E-014  -2.4916326670567276E-014  -7.5438506798597982E-003  0.78539817821882307     
   1.4654943925052066E-014  -8.5265128291212022E-014  -2.4206675713310735E-014  -8.0239895437098641E-003  0.78539817821989888     
   9.7699626167013776E-015  -2.1316282072803006E-014  -2.3440756613850014E-014  -8.5208200312977267E-003  0.78539817821972902     
   3.0642155479654321E-014  -7.1054273576010019E-015  -2.5442845246887250E-014  -9.0346310647203554E-003  0.78539817822078128     
   1.8207657603852567E-014  -1.0658141036401503E-014  -2.1845420247547847E-014  -9.5654763289875211E-003  0.78539817822062485     
   1.6431300764452317E-014  -9.2370555648813024E-014  -2.0417471464049432E-014  -1.0113145581606364E-002  0.78539817822164282     
  -7.9936057773011271E-015  -1.0658141036401503E-014  -2.3450624121244518E-014  -1.0677153943297935E-002  0.78539817822150271     
   3.0198066269804258E-014   4.2632564145606011E-014  -1.8300594917163353E-014  -1.1256761907072588E-002  0.78539817822247282     
   2.7533531010703882E-014  -2.8421709430404007E-014  -2.1291394489648726E-014  -1.1851009650535205E-002  0.78539817822235336     
   1.3322676295501878E-014  -2.8421709430404007E-014  -2.1064292650564410E-014  -1.2458774837177389E-002  0.78539817822325764     
   1.8207657603852567E-014  -7.1054273576010019E-015  -2.1960688435850141E-014  -1.3078832695339937E-002  0.78539817822316427     
   2.6645352591003757E-014   3.5527136788005009E-015  -2.2426510007963547E-014  -1.3709926972933828E-002  0.78539817822397717     
  -4.7961634663806763E-014  -1.7763568394002505E-014  -1.9513429001048161E-014  -1.4350828976107066E-002  0.78539817822391811     
  -2.7089441800853820E-014   1.0658141036401503E-014  -1.9276143507654460E-014  -1.5000395832492242E-002  0.78539817822461067     
   1.1990408665951691E-014   4.2632564145606011E-014  -1.8815922515062208E-014  -1.5657606080901498E-002  0.78539817822459246     
   1.1546319456101628E-014  -3.1974423109204508E-014  -2.4620710836919648E-014  -1.6321588130347897E-002  0.78539817822513491     
   4.4408920985006262E-015  -3.5527136788005009E-014  -2.4468445352896160E-014  -1.6991621640628285E-002  0.78539817822516511     
   1.2878587085651816E-014   4.2632564145606011E-014  -2.1305706799677592E-014  -1.7667132228510907E-002  0.78539817822552926     
  -5.1070259132757201E-014   2.4868995751603507E-014  -2.4217037746653931E-014  -1.8347661329403797E-002  0.78539817822561397     
  -1.8207657603852567E-014   1.4210854715202004E-014  -2.0272325451482157E-014  -1.9032835791035874E-002  0.78539817822577551     
  -2.3980817331903381E-014  -3.5527136788005009E-014  -2.2300749569806549E-014  -1.9722319650510078E-002  0.78539817822592040     
  -1.4210854715202004E-014   2.4868995751603507E-014  -2.3976193415646923E-014  -2.0415775267840330E-002  0.78539817822586111     
   2.1316282072803006E-014  -3.5527136788005009E-014  -2.6527695387504317E-014  -2.1112815118008776E-002  0.78539817822606917     
   2.1316282072803006E-014   4.6185277824406512E-014  -1.8664949511776117E-014  -2.1812972096759919E-002  0.78539817822577507     
  -2.4424906541753444E-014   6.7501559897209518E-014  -2.2875693520971585E-014  -2.2515666813337054E-002  0.78539817822604951     
   3.9523939676655573E-014   1.7763568394002505E-014  -1.8907118335179239E-014  -2.3220198957863314E-002  0.78539817822550495     
   2.9309887850104133E-014   4.6185277824406512E-014  -2.3373258744845316E-014  -2.3925737531216185E-002  0.78539817822584979     
   1.9539925233402755E-014  -1.4210854715202004E-014  -2.4151948512692418E-014  -2.4631335829701340E-002  0.78539817822503954     
   1.9095836023552692E-014   3.5527136788005009E-014  -2.5684414161565079E-014  -2.5335942518835308E-002  0.78539817822545932     
  -1.9095836023552692E-014   3.1974423109204508E-014  -2.0157143168516494E-014  -2.6038434065917326E-002  0.78539817822436486     
  -7.9936057773011271E-015  -3.1974423109204508E-014  -1.8600949413223445E-014  -2.6737637446798690E-002  0.78539817822486402     
   2.5757174171303632E-014  -7.1054273576010019E-015  -2.0927824612541480E-014  -2.7432368888194336E-002  0.78539817822346580     
   1.4654943925052066E-014   2.1316282072803006E-014  -2.0569972449885733E-014  -2.8121456438839454E-002  0.78539817822404978     
  -1.7763568394002505E-015  -4.6185277824406512E-014  -2.2593430809120563E-014  -2.8803773729598303E-002  0.78539817822232627     
   3.6859404417555197E-014  -2.4868995751603507E-014  -2.2338701440390274E-014  -2.9478252661697901E-002  0.78539817822299962     
   3.5527136788005009E-015  -3.9079850466805510E-014  -2.2331465928018575E-014  -3.0143904673251010E-002  0.78539817822093316     
   1.8207657603852567E-014   0.0000000000000000       -2.4349422398983463E-014  -3.0799818820106850E-002  0.78539817822169977     
   8.8817841970012523E-016   4.2632564145606011E-014  -2.7515585567779511E-014  -3.1445168698888359E-002  0.78539817821927538     
   7.9936057773011271E-015  -4.6185277824406512E-014  -2.6662309975507905E-014  -3.2079196917676800E-002  0.78539817822013824     
  -1.7319479184152442E-014  -6.0396132539608516E-014  -2.8320408081737042E-014  -3.2701211051455736E-002  0.78539817821734648     
  -3.0198066269804258E-014  -1.7763568394002505E-014  -2.5826891976568982E-014  -3.3310559807723905E-002  0.78539817821830682     
   4.9293902293356950E-014  -2.1316282072803006E-014  -2.6262667874994639E-014  -3.3906624453354794E-002  0.78539817821514268     
  -3.6859404417555197E-014   3.5527136788005009E-014  -2.6381557993483596E-014  -3.4488793656614503E-002  0.78539817821620050     
   2.0428103653102880E-014  -4.6185277824406512E-014  -2.5615960149359400E-014  -3.5056457095389737E-002  0.78539817821266233     
   1.1990408665951691E-014  -6.3948846218409017E-014  -2.5862307369785451E-014  -3.5608984962576029E-002  0.78539817821381808     
   1.8207657603852567E-014  -3.1974423109204508E-014  -2.2034494517200712E-014  -3.6145728427863677E-002  0.78539817820990654     
   6.8389738316909643E-014   7.1054273576010019E-015  -2.1520553128220692E-014  -3.6666007026670666E-002  0.78539817821115898     
   2.6645352591003757E-015  -2.8421709430404007E-014  -2.2078691672007442E-014  -3.7169117479942226E-002  0.78539817820687741     
  -3.5971225997855072E-014  -6.7501559897209518E-014  -2.0338762034383494E-014  -3.7654328953156346E-002  0.78539817820822511     
  -2.2204460492503131E-015  -1.4210854715202004E-014  -2.4334076790704865E-014  -3.8120898733684516E-002  0.78539817820357549     
  -4.7073456244106637E-014  -3.5527136788005009E-015  -2.4892151316000102E-014  -3.8568072809808118E-002  0.78539817820501867     
   0.0000000000000000        4.2632564145606011E-014  -2.1228073372742516E-014  -3.8995105005241282E-002  0.78539817820000501     
  -5.1514348342607263E-014   4.6185277824406512E-014  -2.3219105388661934E-014  -3.9401259156244706E-002  0.78539817820154112     
   1.0214051826551440E-014  -1.7763568394002505E-014  -2.3344831789666947E-014  -3.9785827875973956E-002  0.78539817819616897     
   1.5543122344752192E-014   3.5527136788005009E-014  -1.9255558917946755E-014  -4.0148132877180442E-002  0.78539817819779634     
   4.7073456244106637E-014  -7.1054273576010019E-014  -1.8606042634049223E-014  -4.0487540401036304E-002  0.78539817819207403     
   5.1958437552457326E-014   6.7501559897209518E-014  -2.1496871552338739E-014  -4.0803457545850685E-002  0.78539817819378932     
  -1.0214051826551440E-014  -1.7763568394002505E-014  -1.5315707118877865E-014  -4.1095342994589279E-002  0.78539817818772784     
   3.1086244689504383E-014  -3.5527136788005009E-015  -1.4694747629384711E-014  -4.1362698930178965E-002  0.78539817818952740     
   2.7089441800853820E-014  -1.7763568394002505E-014  -1.6542466695089851E-014  -4.1605077201401830E-002  0.78539817818439328     
   2.2204460492503131E-014   1.7763568394002505E-014  -1.6548365029543873E-014  -4.1822068728114559E-002  0.78539817818630164     
   3.0642155479654321E-014  -2.8421709430404007E-014  -1.7378802939401982E-014  -4.2013304925631711E-002  0.78539817818630098     
   1.5543122344752192E-014  -1.0658141036401503E-014  -2.1388949448222232E-014  -4.2178448825747727E-002  0.78539817818630064     
   3.9968028886505635E-014  -4.2632564145606011E-014  -2.1019561866634675E-014  -4.2317191731187087E-002  0.78539817818630042     
   3.8191672047105385E-014  -7.1054273576010019E-015  -2.4707730420868168E-014  -4.2429248211957704E-002  0.78539817818629976     
   1.6875389974302379E-014   1.4210854715202004E-014  -2.4930882610229121E-014  -4.2514352250185183E-002  0.78539817818629909     
   6.1728400169158704E-014   3.5527136788005009E-014  -2.3834115925084156E-014  -4.2572254395410125E-002  0.78539817818629853     
   2.5757174171303632E-014   2.8421709430404007E-014  -1.5456718614196715E-014  -4.2602720085799461E-002  0.78539817818629820     
   4.6629367034256575E-014   2.1316282072803006E-014  -1.6625095719727288E-014  -4.2605529160429034E-002  0.78539817818629709     
   1.0214051826551440E-014  -4.6185277824406512E-014  -1.8751855979600877E-014  -4.2580476483837115E-002  0.78539817818629698     
   3.2418512319054571E-014   4.6185277824406512E-014  -1.7286727162439297E-014  -4.2527373522687872E-002  0.78539817818629654     
   3.5083047578154947E-014   0.0000000000000000       -2.0630391435713515E-014  -4.2446050654201040E-002  0.78539817818629554     
   4.3964831775156199E-014  -3.5527136788005009E-014  -1.8495439936357379E-014  -4.2336359956161473E-002  0.78539817818629487     
   4.7961634663806763E-014  -7.1054273576010019E-015  -2.0005351815352867E-014  -4.2198178218559423E-002  0.78539817818629443     
  -1.4654943925052066E-014   8.8817841970012523E-014  -1.6838140928428434E-014  -4.2031409936645003E-002  0.78539817818629376     
   1.5099033134902129E-014  -2.1316282072803006E-014  -2.0242070444629235E-014  -4.1835990078293861E-002  0.78539817818629332     
  -4.8849813083506888E-015   4.6185277824406512E-014  -1.8215624733432644E-014  -4.1611886463928549E-002  0.78539817818629243     
  -3.5527136788005009E-015  -1.0658141036401503E-014  -1.8064188203745049E-014  -4.1359101653132946E-002  0.78539817818629187     
  -3.1086244689504383E-014   3.5527136788005009E-015  -1.9276141106743308E-014  -4.1077674283748200E-002  0.78539817818629143     
  -1.9984014443252818E-014  -2.8421709430404007E-014  -1.8475193350797617E-014  -4.0767679858708883E-002  0.78539817818629076     
  -4.4853010194856324E-014   6.3948846218409017E-014  -2.0470929113833762E-014  -4.0429231021015255E-002  0.78539817818628999     
   3.9968028886505635E-015   1.7763568394002505E-014  -2.0975743026529448E-014  -4.0062477342723168E-002  0.78539817818864255     
  -3.1530333899354446E-014  -3.5527136788005009E-015  -1.9639336067518461E-014  -3.9667605199200429E-002  0.78539817818025426     
  -4.8849813083506888E-015   2.4868995751603507E-014  -2.1418021040095845E-014  -3.9244835739141726E-002  0.78539817818256807     
  -9.7699626167013776E-015  -4.9737991503207013E-014  -2.0381701547154114E-014  -3.8794426182850339E-002  0.78539817817419522     
   1.9095836023552692E-014   7.1054273576010019E-014  -2.3003941457191734E-014  -3.8316666408104716E-002  0.78539817817649538     
  -2.8421709430404007E-014  -1.4210854715202004E-014  -2.0131885472116140E-014  -3.7811880324461367E-002  0.78539817816817381     
  -4.8849813083506888E-015   3.1974423109204508E-014  -1.7988723056262415E-014  -3.7280423181641931E-002  0.78539817817045110     
   8.8817841970012523E-015  -7.1054273576010019E-015  -2.5343224540084007E-014  -3.6722682636121107E-002  0.78539817816221624     
   1.9095836023552692E-014   3.5527136788005009E-015  -2.2859358453571562E-014  -3.6139077085334259E-002  0.78539817816446078     
   2.1760371282653068E-014   3.5527136788005009E-014  -2.0119322050664736E-014  -3.5530056571698276E-002  0.78539817815635027     
   1.3766765505351941E-014   1.4210854715202004E-014  -2.3018299785505933E-014  -3.4896102230566717E-002  0.78539817815855317     
   3.8191672047105385E-014   2.8421709430404007E-014  -2.1766831129658063E-014  -3.4237727033217036E-002  0.78539817815060209     
  -4.4408920985006262E-016   3.5527136788005009E-015  -1.9017193911392437E-014  -3.3555476299365949E-002  0.78539817815275381     
   4.1744385725905886E-014  -6.0396132539608516E-014  -1.7143337484433435E-014  -3.2849928170895604E-002  0.78539817814499935     
  -6.7501559897209518E-014  -3.5527136788005009E-015  -2.1035577392649633E-014  -3.2121695045789433E-002  0.78539817814709045     
  -5.3290705182007514E-014   3.9079850466805510E-014  -2.0103673171785218E-014  -3.1371423613857363E-002  0.78539817813956914     
  -2.7089441800853820E-014  -6.3948846218409017E-014  -2.1323758356754386E-014  -3.0599797029706721E-002  0.78539817814159063     
  -1.9095836023552692E-014   1.7763568394002505E-014  -2.6770530942821905E-014  -2.9807534337949360E-002  0.78539817813433832     
  -1.1102230246251565E-014  -3.1974423109204508E-014  -2.4349659569201488E-014  -2.8995393217500220E-002  0.78539817813628132     
   7.9936057773011271E-015   1.4210854715202004E-014  -3.0764227811402968E-014  -2.8164168670283374E-002  0.78539817812933488     
   1.3322676295501878E-014   0.0000000000000000       -2.7783135929944812E-014  -2.7314696226671931E-002  0.78539817813118995     
  -3.3306690738754696E-014  -5.6843418860808015E-014  -3.0556264251768128E-014  -2.6447849849186689E-002  0.78539817812458523     
   2.1316282072803006E-014  -8.5265128291212022E-014  -2.8459431585452945E-014  -2.5564545562617225E-002  0.78539817812634394     
  -4.4408920985006262E-016  -8.5265128291212022E-014  -2.8424986244435410E-014  -2.4665738604726650E-002  0.78539817812011681     
   2.5757174171303632E-014   6.3948846218409017E-014  -2.1948012483145600E-014  -2.3752427508650475E-002  0.78539817812176982     
   1.1990408665951691E-014   2.8421709430404007E-014  -2.2136597375418464E-014  -2.2825650590340807E-002  0.78539817811595702     
   6.7501559897209518E-014  -2.4868995751603507E-014  -2.1709980858254519E-014  -2.1886490544266168E-002  0.78539817811749546     
   3.1086244689504383E-015  -1.0658141036401503E-014  -2.7735544396436275E-014  -2.0936070383298366E-002  0.78539817811213219     
   2.5313084961453569E-014   5.3290705182007514E-014  -2.6312426169342722E-014  -1.9975558609375277E-002  0.78539817811354773     
   2.2204460492503131E-015  -2.4868995751603507E-014  -2.5387969183200105E-014  -1.9006164717265239E-002  0.78539817810866908     
   1.6875389974302379E-014  -1.7763568394002505E-014  -3.1226284877269162E-014  -1.8029144980824086E-002  0.78539817810995372     
   8.8817841970012523E-016  -3.9079850466805510E-014  -2.9907022281797279E-014  -1.7045797612669222E-002  0.78539817810559465     
  -1.4210854715202004E-014   2.1316282072803006E-014  -2.6694105008575893E-014  -1.6057469176284034E-002  0.78539817810673995     
  -1.0658141036401503E-014   2.8421709430404007E-014  -2.1956133389023039E-014  -1.5065549472907058E-002  0.78539817810293522     
  -1.8207657603852567E-014   1.4210854715202004E-014  -2.6349546193712456E-014  -1.4071478561836104E-002  0.78539817810393320     
  -3.2862601528904634E-014   6.0396132539608516E-014  -2.8910850182753227E-014  -1.3076741429300487E-002  0.78539817810071644     
   4.9293902293356950E-014  -6.7501559897209518E-014  -2.5797980510225009E-014  -1.2082875578311114E-002  0.78539817810155910     
  -5.1958437552457326E-014   2.1316282072803006E-014  -2.3986304232152901E-014  -1.1091465525375321E-002  0.78539817809896473     
   1.9984014443252818E-014  -5.6843418860808015E-014  -2.7021366372593023E-014  -1.0104150905981379E-002  0.78539817809964518     
   2.2204460492503131E-015  -1.4210854715202004E-014  -2.3862406022815925E-014  -9.1226208408896614E-003  0.78539817809770451     
  -2.1760371282653068E-014   2.4868995751603507E-014  -2.5380029103102974E-014  -8.1486224962183940E-003  0.78539817809821566     
   2.5313084961453569E-014  -2.4868995751603507E-014  -2.9548117991165833E-014  -7.1839553634382991E-003  0.78539817809696144     
  -3.9968028886505635E-014  -1.0658141036401503E-014  -3.0104179931059348E-014  -6.2304802108665847E-003  0.78539817809729584     
  -6.1284310959308641E-014   1.4210854715202004E-014  -2.8545807515958103E-014  -5.2901133318243865E-003  0.78539817809676082     
   9.7699626167013776E-015  -8.1712414612411521E-014  -2.6516037339947248E-014  -4.3648358292289746E-003  0.78539817809691159     
  -1.6875389974302379E-014  -3.5527136788005009E-015  -2.7472838341691418E-014  -3.4566879015172081E-003  0.78539817809712487     
  -4.7517545453956700E-014  -1.0658141036401503E-014  -2.9032955117737586E-014  -2.5677784136683979E-003  0.78539817809708623     
   9.7699626167013776E-015  -7.8159700933611020E-014  -3.0347513389234703E-014  -1.7002793078085832E-003  0.78539817809807866     
  -1.4654943925052066E-014   7.1054273576010019E-015  -2.4882206496298473E-014  -8.5643542628566216E-004  0.78539817809784429     
  -6.6613381477509392E-015   0.0000000000000000       -2.9779350658468146E-014  -3.8559151485206833E-005  0.78539817809964618     
   2.7089441800853820E-014  -1.4210854715202004E-014  -2.5407523045053954E-014   7.5095954337867088E-004  0.78539817809920964     
   1.5543122344752192E-014   6.3948846218409017E-014  -2.5373575025367284E-014   1.5096581075745297E-003  0.78539817810184887     
   1.7763568394002505E-015   2.4868995751603507E-014  -2.7629083948309516E-014   2.2349911517679510E-003  0.78539817810120593     
  -8.4376949871511897E-015   1.4210854715202004E-014  -2.2684244259346454E-014   2.9243349882578373E-003  0.78539817810470991     
  -1.7763568394002505E-014  -4.9737991503207013E-014  -2.9593451260729820E-014   3.5749771720389178E-003  0.78539817810385459     
   7.9936057773011271E-015  -6.0396132539608516E-014  -2.4330005577896374E-014   4.1841204356606321E-003  0.78539817810825152     
   2.0428103653102880E-014   1.0658141036401503E-014  -2.9268315440437923E-014   4.7488720413756402E-003  0.78539817810717838     
   4.6185277824406512E-014  -5.3290705182007514E-014  -2.9682481955985412E-014   5.2662469729120032E-003  0.78539817811249402     
  -1.1102230246251565E-014   3.5527136788005009E-015  -3.1329622315621793E-014   5.7331571010809101E-003  0.78539817811119950     
  -2.1760371282653068E-014  -7.1054273576010019E-015  -2.7728323442098961E-014   6.1464134896098699E-003  0.78539817811745904     
  -7.1054273576010019E-015   2.4868995751603507E-014  -3.0376650443244499E-014   6.5027153675497606E-003  0.78539817811593815     
   6.2172489379008766E-015   3.1974423109204508E-014  -3.1490441343552600E-014   6.7986513985571762E-003  0.78539817812316548     
  -4.8849813083506888E-015   7.1054273576010019E-015  -2.9115465160852155E-014   7.0306884414302884E-003  0.78539817812141499     
  -2.4868995751603507E-014  -4.9737991503207013E-014  -2.5468918610429795E-014   7.1951716223301876E-003  0.78539817812963297     
  -1.8207657603852567E-014   2.8421709430404007E-014  -2.4490584736674198E-014   7.2883128475425552E-003  0.78539817812764967     
  -3.9968028886505635E-015   3.5527136788005009E-015  -2.4530223465745840E-014   7.3061895062107030E-003  0.78539817813688073     
  -1.8207657603852567E-014  -1.4210854715202004E-014  -2.8989254335997884E-014   7.2447326759280672E-003  0.78539817813466128     
   1.2878587085651816E-014  -2.1316282072803006E-014  -3.2629750043807102E-014   7.0997242674548100E-003  0.78539817814492463     
   1.4210854715202004E-014   1.4210854715202004E-014  -2.8656082864249470E-014   6.8667848341019133E-003  0.78539817814246704     
   2.2204460492503131E-015   0.0000000000000000       -2.7594348619512808E-014   6.5413689489977611E-003  0.78539817815378266     
   9.7699626167013776E-015   2.1316282072803006E-014  -2.4959777056148132E-014   6.1187524914813607E-003  0.78539817815108459     
   8.4376949871511897E-015  -3.9079850466805510E-014  -2.5397119100450934E-014   5.5940260219388971E-003  0.78539817816347024     
   4.8849813083506888E-015   3.5527136788005009E-015  -2.4255231193822499E-014   4.9620813721142909E-003  0.78539817816053015     
   5.7731597280508140E-015  -2.1316282072803006E-014  -2.8846319538113040E-014   4.2176027506832803E-003  0.78539817817400159     
   1.6875389974302379E-014  -1.4210854715202004E-014  -2.8244040228123604E-014   3.3550524088552247E-003  0.78539817817081836     
  -5.3290705182007514E-015   2.8421709430404007E-014  -2.3848040452317274E-014   2.3686591711261917E-003  0.78539817818539048     
  -1.3322676295501878E-015  -2.4868995751603507E-014  -2.0873833665981287E-014   1.2524028803137105E-003  0.78539817818196433     
   7.9936057773011271E-015   2.4868995751603507E-014  -2.4878852561914545E-014  -2.1536905499863641E-016  0.78539817819764957     
