 force-1force-2force-3workmass
   1.2434497875801753E-014   4.4408920985006262E-015  -2.1618456724884384E-014   0.0000000000000000       0.78539909798813223     
   9.3702823278363212E-014  -1.3322676295501878E-015  -2.5849800116345482E-014  -2.7722083332029634E-008  0.78539909798813223     
  -7.1054273576010019E-015  -9.1482377229112899E-014  -2.1369606817905946E-014  -3.3456181317568015E-007  0.78539909798813212     
  -1.5099033134902129E-014  -1.1368683772161603E-013  -2.8545409975766542E-014  -1.4664405628972421E-006  0.78539909798813223     
   4.3076653355456074E-014   6.1728400169158704E-014  -2.2222058996376731E-014  -4.2010449314375947E-006  0.78539909798813212     
   3.1974423109204508E-014  -6.5725203057809267E-014  -2.5232852094450737E-014  -9.4978892793522174E-006  0.78539909798813290     
  -3.5083047578154947E-014   3.1974423109204508E-014  -2.3489121249977465E-014  -1.8439532643917123E-005  0.78539909798813223     
   2.9309887850104133E-014  -7.9936057773011271E-014  -2.2163817062517326E-014  -3.2160299088208888E-005  0.78539909798813268     
   2.3536728122053319E-014   2.8865798640254070E-014  -1.9707654907196483E-014  -5.1765129260382403E-005  0.78539909798813290     
  -1.7319479184152442E-014   1.8651746813702630E-014  -1.9972266803456291E-014  -7.8244858393063110E-005  0.78539909798813223     
  -9.1482377229112899E-014   2.6201263381153694E-014  -1.9428269061735000E-014  -1.1239576998728351E-004  0.78539909798813268     
  -6.3504757008558954E-014   8.1712414612411521E-014  -1.7088790400159940E-014  -1.5475738177375686E-004  0.78539909798813301     
  -8.0380146982861334E-014   5.2402526762307389E-014  -1.3833453522371920E-014  -2.0558910358656202E-004  0.78539909798813290     
  -1.6875389974302379E-014   3.8635761256955448E-014  -1.4802772597489068E-014  -2.6490210569835027E-004  0.78539909798813412     
  -1.6875389974302379E-014   5.8175686490358203E-014  -1.8043991670229458E-014  -3.3254648043087864E-004  0.78539909798813334     
  -4.8849813083506888E-014  -5.7731597280508140E-015  -1.6118152576452410E-014  -4.0833533622799956E-004  0.78539909798813545     
  -9.7699626167013776E-015   3.8191672047105385E-014  -1.9549427805891016E-014  -4.9217672013898706E-004  0.78539909798813456     
  -1.7186252421197423E-013   1.2523315717771766E-013  -1.3773188348329281E-014  -5.8418502906215641E-004  0.78539909798813723     
  -5.9063864910058328E-014  -5.1514348342607263E-014  -2.0401787885506691E-014  -6.8475277139257162E-004  0.78539909798813667     
   2.6645352591003757E-015   6.5725203057809267E-014  -2.3273861698184667E-014  -7.9457577953512271E-004  0.78539909798813967     
  -4.5297099404706387E-014   1.2345680033831741E-013  -2.1909937034865535E-014  -9.1463485796100530E-004  0.78539909798813845     
  -5.0182080713057076E-014   1.1990408665951691E-014  -1.9873771480293201E-014  -1.0461424894081528E-003  0.78539909798814289     
  -1.2700951401711791E-013  -8.0380146982861334E-014  -1.1520235276958701E-014  -1.1904643757379985E-003  0.78539909798814178     
  -8.6153306710912148E-014  -2.3980817331903381E-014  -1.3444149084294952E-014  -1.3490248913307079E-003  0.78539909798814533     
  -7.9936057773011271E-014  -6.5725203057809267E-014  -1.6113017220208622E-014  -1.5232043151928165E-003  0.78539909798814500     
  -2.3536728122053319E-014   4.0412118096355698E-014  -1.6986269797415277E-014  -1.7142360619264996E-003  0.78539909798814933     
  -8.2156503822261584E-014   7.9491968563161208E-014  -1.0493780113749851E-014  -1.9231129100295563E-003  0.78539909798814833     
   0.0000000000000000       -1.6875389974302379E-014  -1.0686156404879591E-014  -2.1505124898009154E-003  0.78539909798815388     
  -1.0391687510491465E-013  -1.4210854715202004E-014  -1.6441706350353647E-014  -2.3967515073691770E-003  0.78539909798815255     
   1.1057821325266559E-013  -1.1413092693146609E-013  -1.5918171619225447E-014  -2.6617760299397775E-003  0.78539909798815866     
  -1.1102230246251565E-014   5.0182080713057076E-014  -9.8603113255145630E-015  -2.9451902403050401E-003  0.78539909798815710     
   9.3258734068513149E-015  -1.3766765505351941E-014  -1.3217472001797587E-014  -3.2463210560909062E-003  0.78539909798816487     
  -3.3306690738754696E-014  -1.2434497875801753E-014  -1.4753196848852880E-014  -3.5643102995349674E-003  0.78539909798816310     
  -1.2434497875801753E-014  -5.3290705182007514E-015  -1.4054315779085018E-014  -3.8982229380361000E-003  0.78539909798817176     
   3.1086244689504383E-014   1.0658141036401503E-014  -1.9416534326847805E-014  -4.2471576466167615E-003  0.78539909798816998     
  -2.0872192862952943E-014   7.8159700933611020E-014  -2.0192512306990815E-014  -4.6103471286554898E-003  0.78539909798817897     
  -7.5495165674510645E-014   4.9737991503207013E-014  -1.9233138007348694E-014  -4.9872370886817619E-003  0.78539909798817709     
  -6.5281113847959205E-014   9.3258734068513149E-015  -1.6354677435894201E-014  -5.3775368200434936E-003  0.78539909798818663     
   3.8191672047105385E-014  -3.9968028886505635E-015  -1.6365631061312761E-014  -5.7812371436150034E-003  0.78539909798818464     
   2.9753977059954195E-014  -1.6875389974302379E-014  -1.6449175452340503E-014  -6.1985959590413753E-003  0.78539909798819374     
  -7.0166095156309893E-014  -6.6613381477509392E-014  -1.5404620124131477E-014  -6.6300938358528905E-003  0.78539909798819219     
   5.5067062021407764E-014  -2.2204460492503131E-014  -1.5683179185380840E-014  -7.0763658259135331E-003  0.78539909798820018     
  -4.2188474935755949E-014  -8.8817841970012523E-016  -1.3292103514403590E-014  -7.5381165208954215E-003  0.78539909798819874     
  -5.7731597280508140E-014  -2.2204460492503131E-014  -1.0037243004129830E-014  -8.0160279143643987E-003  0.78539909798820595     
  -4.4408920985006262E-016   2.5757174171303632E-014  -1.4075723593860591E-014  -8.5106687561433692E-003  0.78539909798820495     
  -1.9984014443252818E-014  -1.3322676295501878E-015  -1.6088705165680051E-014  -9.0224150444331297E-003  0.78539909798821084     
  -4.7073456244106637E-014   2.2204460492503131E-015  -1.7247498288126648E-014  -9.5513884862479248E-003  0.78539909798821061     
  -9.4591001698063337E-014   1.8651746813702630E-014  -1.5186075249976180E-014  -1.0097419207759861E-002  0.78539909798821494     
  -3.2862601528904634E-014  -3.0642155479654321E-014  -1.4352527712208483E-014  -1.0660034719732980E-002  0.78539909798821561     
   3.0642155479654321E-014  -2.6645352591003757E-015  -1.7077735825800944E-014  -1.1238475996843578E-002  0.78539909798821905     
  -7.0610184366159956E-014  -2.3536728122053319E-014  -1.2894349761227386E-014  -1.1831736999820430E-002  0.78539909798821883     
   1.7319479184152442E-014   8.4376949871511897E-015  -1.4300912083328503E-014  -1.2438623545822036E-002  0.78539909798822172     
   7.4606987254810520E-014   2.7977620220553945E-014  -1.1786848100732292E-014  -1.3057823849254691E-002  0.78539909798822238     
  -6.1728400169158704E-014   1.4743761767022079E-013  -8.9353717858820289E-015  -1.3687984272822806E-002  0.78539909798822205     
   4.4408920985006262E-014   5.4178883601707639E-014  -8.1239158897167717E-015  -1.4327781705522069E-002  0.78539909798822394     
  -2.0872192862952943E-014   1.5454304502782179E-013  -8.1921866589614553E-015  -1.4975986956996534E-002  0.78539909798822094     
   1.1990408665951691E-014   1.5099033134902129E-014  -1.3791636995508533E-014  -1.5631512632262590E-002  0.78539909798822416     
  -7.6827433304060833E-014  -1.0658141036401503E-014  -1.5533825378229115E-014  -1.6293443142327613E-002  0.78539909798821661     
   1.5099033134902129E-014   3.0198066269804258E-014  -1.3434243284165836E-014  -1.6961044054093932E-002  0.78539909798822116     
  -1.4166445794216997E-013  -1.8207657603852567E-014  -1.1750771036238628E-014  -1.7633752578301243E-002  0.78539909798820906     
  -5.7731597280508140E-015  -8.0380146982861334E-014  -1.5502539159407768E-014  -1.8311150188327963E-002  0.78539909798821506     
  -7.9936057773011271E-014  -2.0428103653102880E-014  -1.7806677828373156E-014  -1.8992922594408546E-002  0.78539909798819729     
  -3.6859404417555197E-014   1.0658141036401503E-014  -9.0357462018642338E-015  -1.9678810495948218E-002  0.78539909798820484     
  -1.9095836023552692E-014   3.1086244689504383E-015  -9.2174394383701560E-015  -2.0368557917805452E-002  0.78539909798818108     
   3.1086244689504383E-015   7.3274719625260332E-014  -1.1978249940379520E-014  -2.1061861879053900E-002  0.78539909798819052     
   1.2878587085651816E-014  -6.3060667798708891E-014  -1.1552048150267543E-014  -2.1758329623709383E-002  0.78539909798816065     
  -3.8635761256955448E-014   5.9507954119908391E-014  -5.5997492984877494E-015  -2.2457445511741447E-002  0.78539909798817154     
   1.7319479184152442E-014  -4.0412118096355698E-014  -8.9912479427441827E-015  -2.3158551602822985E-002  0.78539909798813512     
  -2.3092638912203256E-014   2.2204460492503131E-014  -6.1250822936670421E-015  -2.3860841272514755E-002  0.78539909798814789     
  -1.0214051826551440E-013   6.6169292267659330E-014  -8.1291497026961507E-015  -2.4563367155558957E-002  0.78539909798810492     
  -6.6169292267659330E-014   3.2862601528904634E-014  -1.2570620669759365E-014  -2.5265060056014921E-002  0.78539909798811969     
  -5.9507954119908391E-014   4.4853010194856324E-014  -1.2519456349950319E-014  -2.5964757960365681E-002  0.78539909798806928     
   3.2862601528904634E-014  -8.8817841970012523E-014  -1.6652234596208752E-014  -2.6661240107543449E-002  0.78539909798808694     
   1.1546319456101628E-014   1.5099033134902129E-014  -1.4423021834002422E-014  -2.7353264385967080E-002  0.78539909798802854     
  -4.7517545453956700E-014   1.2168044349891716E-013  -1.8164790858742597E-014  -2.8039602757769178E-002  0.78539909798804786     
  -3.9968028886505635E-014   5.4178883601707639E-014  -2.2339433476394543E-014  -2.8719073513775228E-002  0.78539909798798091     
   2.6645352591003757E-015  -2.1316282072803006E-014  -1.9607274687292201E-014  -2.9390566058558498E-002  0.78539909798800289     
   2.0872192862952943E-014  -4.8849813083506888E-014  -1.6432443928328883E-014  -3.0053058541886113E-002  0.78539909798792640     
   1.9095836023552692E-014   0.0000000000000000       -1.6532296975394052E-014  -3.0705625691930027E-002  0.78539909798795127     
  -4.7517545453956700E-014  -2.7977620220553945E-014  -2.0847315043732326E-014  -3.1347438962909369E-002  0.78539909798786445     
   0.0000000000000000        3.8635761256955448E-014  -1.7878589874124845E-014  -3.1977757951116903E-002  0.78539909798789209     
  -4.0412118096355698E-014   6.2616578588858829E-014  -1.6645701759141089E-014  -3.2595916603438191E-002  0.78539909798779473     
  -2.8865798640254070E-014  -4.3520742565306136E-014  -1.6013916234260659E-014  -3.3201304159073963E-002  0.78539909798782515     
  -8.8817841970012523E-016  -5.1958437552457326E-014  -1.4748592122652969E-014  -3.3793344969939909E-002  0.78539909798771712     
  -6.0396132539608516E-014   9.2814644858663087E-014  -1.9320692352353636E-014  -3.4371477285694230E-002  0.78539909798775065     
  -7.3718808835110394E-014   4.1744385725905886E-014  -1.7653521271189073E-014  -3.4935134931298961E-002  0.78539909798763141     
   2.1760371282653068E-014  -2.5757174171303632E-014  -2.0379459009130134E-014  -3.5483731377174532E-002  0.78539909798766838     
  -3.1086244689504383E-014   2.0872192862952943E-014  -2.2321359377417331E-014  -3.6016649319869920E-002  0.78539909798753815     
   6.2172489379008766E-015   3.1974423109204508E-014  -2.0649045957618265E-014  -3.6533234300996753E-002  0.78539909798757768     
  -6.3504757008558954E-014   5.7287508070658077E-014  -1.8254940073147934E-014  -3.7032794471870911E-002  0.78539909798743668     
  -2.3092638912203256E-014   5.7287508070658077E-014  -2.3134586190819369E-014  -3.7514604077210301E-002  0.78539909798747931     
  -4.4408920985006262E-015  -2.0872192862952943E-014  -1.6860808263207351E-014  -3.7977911927597585E-002  0.78539909798732710     
  -3.5971225997855072E-014  -3.5527136788005009E-015  -1.5827899415142621E-014  -3.8421951811060229E-002  0.78539909798737295     
  -1.9539925233402755E-014   8.5265128291212022E-014  -1.6963635370843846E-014  -3.8845955672500487E-002  0.78539909798724117     
   7.5495165674510645E-015   2.8421709430404007E-014  -1.9565885752240579E-014  -3.9249166453698692E-002  0.78539909798710461     
  -1.6431300764452317E-014  -5.4178883601707639E-014  -1.5414187268357742E-014  -3.9630851032395498E-002  0.78539909798696328     
  -3.6415315207705135E-014  -4.3964831775156199E-014  -1.5632607110283593E-014  -3.9990311305880155E-002  0.78539909798696339     
   3.5527136788005009E-015   7.9491968563161208E-014  -1.6407246288847807E-014  -4.0326893221534377E-002  0.78539909798696339     
  -1.1368683772161603E-013   3.7747582837255322E-014  -1.6807359694015403E-014  -4.0639992867767205E-002  0.78539909798696328     
  -2.2204460492503131E-015   4.4853010194856324E-014  -1.5851305635206665E-014  -4.0929059825876024E-002  0.78539909798696339     
  -6.5725203057809267E-014  -1.8829382497642655E-013  -1.6753046869831140E-014  -4.1193597644113567E-002  0.78539909798696328     
  -2.3536728122053319E-014   1.1368683772161603E-013  -1.8933835446977281E-014  -4.1433161783916095E-002  0.78539909798696339     
  -2.7533531010703882E-014   1.4521717162097048E-013  -1.6801462222553085E-014  -4.1647355516982287E-002  0.78539909798696328     
  -2.9309887850104133E-014  -6.6613381477509392E-015  -1.6618939194704274E-014  -4.1835824369731434E-002  0.78539909798696317     
  -2.4424906541753444E-014  -2.0072832285222830E-013  -1.3760069256121590E-014  -4.1998249765462958E-002  0.78539909798696317     
  -4.1744385725905886E-014  -1.5987211554602254E-014  -1.4101189703406505E-014  -4.2134342506457756E-002  0.78539909798696317     
   3.1086244689504383E-015   4.8849813083506888E-015  -1.0542653054869549E-014  -4.2243836677671176E-002  0.78539909798696328     
  -5.9952043329758453E-014  -8.7485574340462335E-014  -1.4468127823825357E-014  -4.2326484453270474E-002  0.78539909798696350     
   4.8405723873656825E-014  -1.1990408665951691E-014  -1.0042416697738119E-014  -4.2382052153706606E-002  0.78539909798696339     
  -7.3718808835110394E-014  -1.7319479184152442E-014  -1.3297490787479387E-014  -4.2410317757867411E-002  0.78539909798696328     
  -8.5265128291212022E-014   3.8635761256955448E-014  -1.3389255603038151E-014  -4.2411069929525702E-002  0.78539909798696339     
  -8.3044682241961709E-014   4.3520742565306136E-014  -1.0157038662748897E-014  -4.2384108484966543E-002  0.78539909798696284     
  -7.8159700933611020E-014  -3.3750779948604759E-014  -1.2855451666926754E-014  -4.2329246119817032E-002  0.78539909798696306     
  -6.7945649107059580E-014   9.0594198809412774E-014  -1.2034233251637565E-014  -4.2246311130972103E-002  0.78539909798696295     
  -2.0428103653102880E-014  -5.5955240441107890E-014  -7.7348955944596842E-015  -4.2135150822870671E-002  0.78539909798696295     
  -4.9737991503207013E-014   2.3092638912203256E-014  -1.0031162594207442E-014  -4.1995635269756360E-002  0.78539909798696306     
  -8.7041485130612273E-014   1.0746958878371515E-013  -9.5007951949945255E-015  -4.1827661121331516E-002  0.78539909798696306     
  -1.0658141036401503E-014  -1.9362289549462730E-013  -1.0832493765319121E-014  -4.1631155173492917E-002  0.78539909798696295     
  -1.1723955140041653E-013   1.1324274851176597E-013  -1.3288893630160500E-014  -4.1406077483352455E-002  0.78539909798696284     
  -3.5083047578154947E-014   1.1146639167236572E-013  -1.4834187338055053E-014  -4.1152423872705235E-002  0.78539909798696272     
  -6.6613381477509392E-015   3.6415315207705135E-014  -8.0547333511680514E-015  -4.0870227730660069E-002  0.78539909798696261     
   1.8207657603852567E-014   1.4210854715202004E-014  -1.4580101776835630E-014  -4.0559561094361207E-002  0.78539909798696295     
   3.3750779948604759E-014   6.0840221749458578E-014  -1.3000625560649674E-014  -4.0220535053077100E-002  0.78539909798672336     
  -7.0610184366159956E-014  -4.7517545453956700E-014  -1.5277070960145475E-014  -3.9853299501975581E-002  0.78539909798642449     
   3.0198066269804258E-014   2.8865798640254070E-014  -1.2962968372441125E-014  -3.9458042459731502E-002  0.78539909798650775     
  -2.6645352591003757E-014   4.3964831775156199E-014  -9.7376295207902056E-015  -3.9034989061377257E-002  0.78539909798620522     
  -1.3766765505351941E-014   4.3964831775156199E-014  -1.1403474514741461E-014  -3.8584400177927414E-002  0.78539909798628960     
  -3.6859404417555197E-014  -1.3322676295501878E-014  -1.5442405048243020E-014  -3.8106571177668247E-002  0.78539909798598362     
  -1.1191048088221578E-013   4.4853010194856324E-014  -1.5083453130691404E-014  -3.7601830535246350E-002  0.78539909798606833     
   7.1054273576010019E-015  -1.6653345369377348E-013  -1.6910011322509005E-014  -3.7070538761758254E-002  0.78539909798575946     
   6.4837024638109142E-014  -5.6843418860808015E-014  -1.8370774719732372E-014  -3.6513087440919634E-002  0.78539909798584462     
   8.3044682241961709E-014  -1.5543122344752192E-014  -1.2945543852879456E-014  -3.5929898652589110E-002  0.78539909798553464     
  -5.4178883601707639E-014  -5.3290705182007514E-014  -1.3705444851260067E-014  -3.5321424662297929E-002  0.78539909798561980     
  -3.8635761256955448E-014  -8.8817841970012523E-014  -1.5662458610141184E-014  -3.4688147958636506E-002  0.78539909798530894     
  -7.9936057773011271E-014  -2.8421709430404007E-014  -1.5508793810994131E-014  -3.4030581619725275E-002  0.78539909798539442     
  -5.7731597280508140E-015   6.2172489379008766E-014  -1.3326625745842831E-014  -3.3349269900948553E-002  0.78539909798508334     
   4.4853010194856324E-014   4.4408920985006262E-016  -1.4041215323234378E-014  -3.2644789140688246E-002  0.78539909798516860     
  -2.3536728122053319E-014   5.5955240441107890E-014  -1.8079420262304178E-014  -3.1917748705378557E-002  0.78539909798485841     
   5.4178883601707639E-014  -4.6185277824406512E-014  -1.2726048743238537E-014  -3.1168792206218932E-002  0.78539909798494312     
  -2.3536728122053319E-014   4.4408920985006262E-015  -1.0262090702552078E-014  -3.0398598555252399E-002  0.78539909798463481     
  -4.8849813083506888E-014   8.0380146982861334E-014  -1.5143303648684346E-014  -2.9607883250938105E-002  0.78539909798471796     
  -7.9491968563161208E-014  -7.2830630415410269E-014  -2.0538596283683135E-014  -2.8797399323321926E-002  0.78539909798441188     
   8.4376949871511897E-015  -5.5067062021407764E-014  -1.8582702673054626E-014  -2.7967938500680134E-002  0.78539909798449492     
   3.1530333899354446E-014   1.0969003483296547E-013  -1.7825741106551469E-014  -2.7120331902707573E-002  0.78539909798419238     
  -6.1728400169158704E-014   3.7747582837255322E-014  -1.8265157085437954E-014  -2.6255450996600427E-002  0.78539909798427388     
  -1.4654943925052066E-014   1.1013412404281553E-013  -2.0010843929889496E-014  -2.5374207999753207E-002  0.78539909798397500     
  -1.0391687510491465E-013   1.6875389974302379E-014  -1.6441240392508956E-014  -2.4477556634555864E-002  0.78539909798405572     
  -6.5281113847959205E-014   8.3044682241961709E-014  -1.5850877811502390E-014  -2.3566492293018548E-002  0.78539909798376173     
  -6.4392935428259079E-014   4.7961634663806763E-014  -1.7824827018217454E-014  -2.2642052673316648E-002  0.78539909798384033     
   1.6431300764452317E-014  -1.7763568394002505E-015  -1.0076093094096909E-014  -2.1705317812635183E-002  0.78539909798355212     
  -2.7533531010703882E-014  -7.9936057773011271E-015  -1.4314107936641825E-014  -2.0757410721475633E-002  0.78539909798362872     
   3.1974423109204508E-014   1.6697754290362354E-013  -9.9331498748910458E-015  -1.9799497403650168E-002  0.78539909798334728     
   7.9936057773011271E-015   6.8389738316909643E-014  -9.5148807828153156E-015  -1.8832787598838330E-002  0.78539909798342233     
   1.0214051826551440E-014   1.0835776720341528E-013  -1.7405881846221596E-014  -1.7858534889876321E-002  0.78539909798314722     
  -6.5725203057809267E-014   5.5955240441107890E-014  -1.6928435510473048E-014  -1.6878037634836307E-002  0.78539909798322038     
  -1.3766765505351941E-013  -2.4868995751603507E-014  -2.0552613693304487E-014  -1.5892639229062588E-002  0.78539909798295282     
   1.1546319456101628E-014   1.8651746813702630E-014  -2.1445254651573942E-014  -1.4903729272397026E-002  0.78539909798302332     
  -9.2370555648813024E-014  -1.1546319456101628E-014  -2.1478711926511550E-014  -1.3912744019014323E-002  0.78539909798276497     
  -4.4853010194856324E-014  -2.8421709430404007E-014  -2.3868794574630914E-014  -1.2921167794544886E-002  0.78539909798283314     
  -1.0436096431476471E-013   1.2434497875801753E-014  -2.1486092619756023E-014  -1.1930533638679020E-002  0.78539909798258323     
  -4.2188474935755949E-014   3.4638958368304884E-014  -2.0195578370765947E-014  -1.0942424964341058E-002  0.78539909798264862     
   2.2204460492503131E-015  -1.3322676295501878E-014  -1.5125404409177256E-014  -9.9584763813171939E-003  0.78539909798240837     
  -4.4408920985006262E-014   1.2079226507921703E-013  -1.6727421341262142E-014  -8.9803755746133973E-003  0.78539909798247121     
  -9.5923269327613525E-014  -2.6645352591003757E-015  -1.7076662199100641E-014  -8.0098642902890482E-003  0.78539909798224050     
   9.3258734068513149E-015  -1.5987211554602254E-014  -1.7322138292478482E-014  -7.0487404082690830E-003  0.78539909798230045     
   5.3290705182007514E-015   8.7041485130612273E-014  -2.4556613364575244E-014  -6.0988590735027159E-003  0.78539909798208118     
   2.2648549702353193E-014  -5.3290705182007514E-014  -1.3999991673525983E-014  -5.1621349455830412E-003  0.78539909798213758     
  -1.2834178164666810E-013  -7.0166095156309893E-014  -2.0254045584984616E-014  -4.2405434707095679E-003  0.78539909798192897     
  -1.2434497875801753E-014   4.3520742565306136E-014  -1.7110730634061742E-014  -3.3361233065902773E-003  0.78539909798198271     
  -2.2648549702353193E-014   6.3948846218409017E-014  -1.9324052387274398E-014  -2.4509777491945606E-003  0.78539909798178520     
  -6.8389738316909643E-014   2.3092638912203256E-014  -1.8239175744391002E-014  -1.5872773498601944E-003  0.78539909798183571     
  -5.7731597280508140E-015   8.7929663550312398E-014  -1.9509988923932597E-014  -7.4726153073623180E-004  0.78539909798165031     
  -4.8405723873656825E-014  -7.6383344094210770E-014  -1.9641631719164674E-014   6.6758570064440192E-005  0.78539909798169738     
   4.9293902293356950E-014   2.6645352591003757E-015  -2.1235578253798790E-014   8.5239824435623390E-004  0.78539909798152374     
   2.1316282072803006E-014   7.9936057773011271E-014  -2.3925499709002618E-014   1.6071960922672268E-003  0.78539909798156815     
   2.7533531010703882E-014  -1.5099033134902129E-014  -2.2161440680587294E-014   2.3286118672674050E-003  0.78539909798140661     
   2.7755575615628914E-014  -4.4408920985006262E-014  -1.9167898856419018E-014   3.0140230220809805E-003  0.78539909798144769     
   2.7755575615628914E-014   3.5527136788005009E-015  -2.0410864447687078E-014   3.6607221848470317E-003  0.78539909798129914     
  -3.6859404417555197E-014  -1.5099033134902129E-014  -1.9939378719454808E-014   4.2659133111948577E-003  0.78539909798133611     
  -8.2156503822261584E-015   2.0872192862952943E-013  -1.8553558274215173E-014   4.8267087193851754E-003  0.78539909798120033     
  -2.7977620220553945E-014  -7.3718808835110394E-014  -1.2808123438851524E-014   5.3401247840167976E-003  0.78539909798123375     
   7.5495165674510645E-014  -4.4408920985006262E-014  -1.9485428189328811E-014   5.8030784537346225E-003  0.78539909798111129     
   2.5535129566378600E-014   1.0480505352461478E-013  -2.2525680718497543E-014   6.2123824174302733E-003  0.78539909798114160     
  -2.9753977059954195E-014   5.5067062021407764E-014  -2.1958912354613710E-014   6.5647410220008862E-003  0.78539909798103191     
   3.3306690738754696E-014   2.2204460492503131E-014  -2.0480278169870384E-014   6.8567448353058502E-003  0.78539909798105889     
   6.8389738316909643E-014   1.3677947663381929E-013  -2.0067955350949082E-014   7.0848658719449009E-003  0.78539909798096263     
  -4.8849813083506888E-014   2.1316282072803006E-014  -1.6415615051771662E-014   7.2454514669295644E-003  0.78539909798098584     
   3.7081449022480228E-014  -9.3258734068513149E-014  -1.8005600181359186E-014   7.3347187046683970E-003  0.78539909798090246     
   3.3528735343679728E-014   6.4837024638109142E-014  -1.9195957641278404E-014   7.3487475022697701E-003  0.78539909798092244     
  -4.7073456244106637E-014  -3.6415315207705135E-014  -1.7202469488646593E-014   7.2834741180904938E-003  0.78539909798085183     
   1.6431300764452317E-014   4.1744385725905886E-014  -1.4593229824632895E-014   7.1346833228180806E-003  0.78539909798086860     
  -8.6375351315837179E-014   1.4210854715202004E-013  -1.5592556816714032E-014   6.8980008397792059E-003  0.78539909798081187     
  -2.7755575615628914E-014  -8.1712414612411521E-014  -1.6158538302995805E-014   6.5688844544413705E-003  0.78539909798082463     
  -1.8651746813702630E-014   4.7073456244106637E-014  -1.4583280456087848E-014   6.1426152071448747E-003  0.78539909798078023     
   2.6645352591003757E-015  -1.1990408665951691E-013  -1.7917895703518393E-014   5.6142872577473746E-003  0.78539909798079011     
  -5.8397731095283234E-014  -4.2632564145606011E-014  -1.6202966126770114E-014   4.9787976127448341E-003  0.78539909798075858     
  -1.0214051826551440E-014   2.3092638912203256E-014  -1.8919493077724855E-014   4.2308345198793784E-003  0.78539909798076546     
  -4.2188474935755949E-015   8.2600593032111647E-014  -1.7719173235689869E-014   3.3648654652230214E-003  0.78539909798074603     
   5.3512749786932545E-014   3.5527136788005009E-015  -1.6355261230388664E-014   2.3751238221469129E-003  0.78539909798074992     
  -2.4868995751603507E-014   4.2632564145606011E-014  -1.6304741900391791E-014   1.2555947978089982E-003  0.78539909798074270     
  -8.2378548427186615E-014   2.6645352591003757E-015  -9.7308077925886499E-015  -2.1588191834790864E-016  0.78539909798074337     
