 force-1force-2force-3workmass
   2.2204460492503131E-015  -8.8817841970012523E-015  -1.9398089615056813E-014   0.0000000000000000       0.78539816362971659     
  -1.1008790767874643E-008  -2.9153822467549162E-003  -2.9842667875007692E-014  -1.2791257678603993E-006  0.78539816363278359     
  -1.3033431889297731E-007  -8.9158123477623974E-003  -2.6296790019294505E-014  -1.4209184262885602E-005  0.78539816361790837     
  -6.6986192637230602E-007  -1.7691942306237607E-002  -2.6670084974154221E-014  -5.8951964190458173E-005  0.78539816361793735     
  -1.9601076530761929E-006  -2.9108159419884316E-002  -2.4142449283348080E-014  -1.6247176155727294E-004  0.78539816361799675     
  -4.4078035630334966E-006  -4.3073119475863564E-002  -2.7293279882771457E-014  -3.5721829931745219E-004  0.78539816361809689     
  -8.4722905784317959E-006  -5.9512941937354569E-002  -2.7685853980937907E-014  -6.8027084843479135E-004  0.78539816361824810     
  -1.4644928878926322E-005  -7.8355415471946799E-002  -2.6199763754425558E-014  -1.1726112074389172E-003  0.78539816361845927     
  -2.3420583964206543E-005  -9.9518998335033970E-002  -2.6067281589813357E-014  -1.8784045386767145E-003  0.78539816361874004     
  -3.5261213983339701E-005 -0.12290293144555520       -2.8621853860356085E-014  -2.8442024596855853E-003  0.78539816361909909     
  -5.0551371240992182E-005 -0.14837573533999660       -2.8719800209148976E-014  -4.1179793526838482E-003  0.78539816361954529     
  -6.9545273923665718E-005 -0.17576018899316104       -2.9129124859600307E-014  -5.7478865117393529E-003  0.78539816362008663     
  -9.2306965449928668E-005 -0.20481548621488521       -2.7315107771181618E-014  -7.7806127458424634E-003  0.78539816362073167     
  -1.1865029151492124E-004 -0.23522106288080025       -2.9186301180681431E-014  -1.0259328620673913E-002  0.78539816362148829     
  -1.4809219117895012E-004 -0.26656955454411246       -2.7666169172177844E-014  -1.3221379376188003E-002  0.78539816362236448     
  -1.7983614716055030E-004 -0.29837587338910510       -2.5204892055161874E-014  -1.6696107787036563E-002  0.78539816362336801     
  -2.1279783479499770E-004 -0.33010458111646024       -2.7515899198940202E-014  -2.0703296803028959E-002  0.78539816362450698     
  -2.4567249461693308E-004 -0.36121072640212404       -2.8816056837086617E-014  -2.5252619637272433E-002  0.78539816362578807     
  -2.7702973257648367E-004 -0.39118401304264161       -3.2021434698196502E-014  -3.0344194874125208E-002  0.78539816362721981     
  -3.0541428528030323E-004 -0.41958539642142512       -3.0012827595532408E-014  -3.5970010668871621E-002  0.78539816362880943     
  -3.2943431720200422E-004 -0.44606893480009724       -2.4862166231695531E-014  -4.2115772310333366E-002  0.78539816363056403     
  -3.4782913605369004E-004 -0.47038753489906959       -2.9531976182722065E-014  -4.8762724611325248E-002  0.78539816363249226     
  -3.5951932027344924E-004 -0.49238623117177482       -2.9132085843945511E-014  -5.5889170197489513E-002  0.78539816363460080     
  -3.6364836531355138E-004 -0.51198907817328987       -2.9007514143386501E-014  -6.3471638651515283E-002  0.78539816363689718     
  -3.5962405103973083E-004 -0.52918548066523918       -2.8050130751652475E-014  -7.1485850209974888E-002  0.78539816363938986     
  -3.4716140538915141E-004 -0.54401978818556174       -2.6723051216198096E-014  -7.9907699498074081E-002  0.78539816364208570     
  -3.2632106471686129E-004 -0.55658546115185814       -2.5088929833311211E-014  -8.8714454067172710E-002  0.78539816364499315     
  -2.9753076199767747E-004 -0.56702299857115435       -2.0382841802952748E-014  -9.7886251980326300E-002  0.78539816364812010     
  -2.6157608627919160E-004 -0.57551955560916390       -2.3260879839330017E-014 -0.10740783986602453       0.78539816365147452     
  -2.1955051113664581E-004 -0.58230783862437896       -2.3574247672031447E-014 -0.11727036355636788       0.78539816365506465     
  -1.7276265595000950E-004 -0.58766228266155096       -1.9882355534791317E-014 -0.12747294306590407       0.78539816365889870     
  -1.2260849650846950E-004 -0.59189142237702441       -2.0309928950349023E-014 -0.13802375264634392       0.78539816366298587     
  -7.0424334370322583E-005 -0.59532645698148912       -2.4070874709692859E-014 -0.14894038686379796       0.78539816366733417     
  -1.7340166265977786E-005 -0.59830699173496171       -1.8599647266631229E-014 -0.16024940785363828       0.78539816367195314     
   3.5848715828290523E-005 -0.60116558381068508       -2.2509085080882225E-014 -0.17198510494847064       0.78539816367685189     
   8.8780274317912244E-005 -0.60421290826611695       -1.7605598593841802E-014 -0.18418761806642658       0.78539816368203974     
   1.4159106733790949E-004 -0.60772510247947764       -2.2591095465356684E-014 -0.19690064986648492       0.78539816368752646     
   1.9495159123605887E-004 -0.61193427529608257       -2.1367586675818388E-014 -0.21016900449572873       0.78539816369332205     
   2.5007741555205243E-004 -0.61702247967965640       -2.8253651844687306E-014 -0.22403614910869640       0.78539816369943671     
   3.0871961437117790E-004 -0.62311884542366514       -2.2781551388930044E-014 -0.23854192091941506       0.78539816370588145     
   3.7313219575763057E-004 -0.63029919242795707       -1.9714634668682636E-014 -0.25372042705328823       0.78539816371266769     
   4.4600799678540248E-004 -0.63858734553421925       -2.2974649124153635E-014 -0.26959813274158684       0.78539816371980642     
   5.3037084969820292E-004 -0.64795750945643427       -1.4548010963660280E-014 -0.28619211919464727       0.78539816372730953     
   6.2941318342191188E-004 -0.65833733745093248       -1.7271537659470273E-014 -0.30350851466518236       0.78539816373518956     
   7.4627502854185401E-004 -0.66961162101009997       -1.7937071151989525E-014 -0.32154114667311218       0.78539816374345928     
   8.8377114730220363E-004 -0.68162674156503655       -2.4576405530358606E-014 -0.34027051021551680       0.78539816375213234     
   1.0440848891386523E-003 -0.69419610259433462       -2.1335999776493057E-014 -0.35966317601613174       0.78539816376122296     
   1.2284570108698212E-003 -0.70710669867568043       -3.2829427702785338E-014 -0.37967176256306878       0.78539816377074589     
   1.4369025446476780E-003 -0.72012681332279271       -2.1384833744386805E-014 -0.40023556262478710       0.78539816378071603     
   1.6679876368428381E-003 -0.73301463241566012       -3.7172676267673757E-014 -0.42128185686236197       0.78539816379114979     
   1.9186918149052268E-003 -0.74552737664249769       -2.1402522251350020E-014 -0.44272787718507089       0.78539816380206451     
   2.1843712494020728E-003 -0.75743044368923229       -2.8888926014370087E-014 -0.46448331704740919       0.78539816381347716     
   2.4588281976285487E-003 -0.76850602915637367       -3.1531287093428490E-014 -0.48645323735774504       0.78539816382540684     
   2.7344831674640524E-003 -0.77856075983148543       -1.7954138539764924E-014 -0.50854119269605835       0.78539816383787320     
   3.0026409485892636E-003 -0.78743199697205135       -1.3846745182129418E-014 -0.53065240315746021       0.78539816385089645     
   3.2538394759784595E-003 -0.79499261399515042       -2.7124816986662406E-014 -0.55269681608769261       0.78539816386449868     
   3.4782701351141476E-003 -0.80115418832663821       -3.0869177137049936E-014 -0.57459193075511727       0.78539816387870287     
   3.6662579225903436E-003 -0.80586864635682609       -2.9717048687093551E-014 -0.59626528752226182       0.78539816389353279     
   3.8087877136603332E-003 -0.80912845573789305       -2.8806698318761186E-014 -0.61765654561543482       0.78539816390901407     
   3.8980581861025598E-003 -0.81096547599241298       -1.0295495949768014E-014 -0.63871908723295956       0.78539816392517359     
   3.9280376872881106E-003 -0.81144857246528446        7.3992756995640185E-016 -0.65942109285149808       0.78539816394203987     
   3.8949882173060502E-003 -0.81068008880963305        9.4018952750449935E-015 -0.67974603757249419       0.78539816395964235     
   3.7979170113775496E-003 -0.80879127490862501        6.2369635024996340E-015 -0.69969256718255579       0.78539816397801276     
   3.6389116608148697E-003 -0.80593678832975613        4.2512625017079390E-015 -0.71927372894975239       0.78539816399718454     
   3.4233167666020137E-003 -0.80228842716375404       -4.2263441249971325E-015 -0.73851555797060175       0.78539816401719253     
   3.1597173001847167E-003 -0.79802830238695677       -1.1687914657913048E-014 -0.75745505341398900       0.78539816403807383     
   2.8597062119288807E-003 -0.79334170672211890        3.9595825815265049E-015 -0.77613761609516985       0.78539816405986718     
   2.5374291539312921E-003 -0.78840997228678944       -2.2332421153920863E-015 -0.79461405441596078       0.78539816408261331     
   2.2089158163955958E-003 -0.78340362334642677       -1.4411273226642297E-014 -0.81293729496744760       0.78539816410635510     
   1.8912230684042797E-003 -0.77847611926646820       -1.3604570093341111E-014 -0.83115895313307497       0.78539816413113661     
   1.6014285145065088E-003 -0.77375844910445224       -1.1417295195875051E-014 -0.84932592694505082       0.78539816415700570     
   1.3555239555840259E-003 -0.76935478899155285        1.7020735169650609E-014 -0.86747717485507359       0.78539816418401021     
   1.1672658629082733E-003 -0.76533937402589380        6.2353460348109682E-015 -0.88564082651385689       0.78539816421220121     
   1.0470458282760831E-003 -0.76175467535066055       -1.9791309796632322E-016 -0.90383175859546316       0.78539816424163111     
   1.0008472681022340E-003 -0.75861091508528311       -1.9611449560552829E-014 -0.92204974634216530       0.78539816427235487     
   1.0293563054730726E-003 -0.75588689944384768       -2.1189605533993734E-014 -0.94027827790614538       0.78539816430442844     
   1.1272939060917864E-003 -0.75353210346732524       -3.2554580209523999E-014 -0.95848409262460166       0.78539816433791065     
   1.2830320098586867E-003 -0.75146989820698806       -3.4612881646737518E-014 -0.97661747590071180       0.78539816437286014     
   1.4785478448420264E-003 -0.74960177140907014       -3.5966988276389873E-014 -0.99461331185000468       0.78539816440933841     
   1.6897571194913752E-003 -0.74781235555754577       -3.7709254483447069E-014  -1.0123928606330956       0.78539816444740840     
   1.8872480042553264E-003 -0.74597504325488018       -5.9808526776758630E-014  -1.0298661908735518       0.78539816448713395     
   2.0374146919479585E-003 -0.74395794219842060       -7.0715800617406177E-014  -1.0469351615157834       0.78539816452857902     
   2.1039631960952931E-003 -0.74162990323247513       -5.6716195948146318E-014  -1.0634968139172756       0.78539816457180989     
   2.0497350700559025E-003 -0.73886634809507257       -2.8853737928172278E-014  -1.0794470075058520       0.78539816461689216     
   1.8387689104937266E-003 -0.73555463116184150       -6.2008531407046533E-014  -1.0946841138133951       0.78539816466389256     
   1.4384973739574036E-003 -0.73159869138233091       -6.7046131126997163E-014  -1.1091125753433566       0.78539816471287760     
   8.2196074895257709E-004 -0.72692278710424674       -8.7334320909380825E-014  -1.1226461403281291       0.78539816476391378     
  -3.0092239004630983E-005 -0.72147415396177195       -2.9527148841878395E-014  -1.1352105999185351       0.78539816481706692     
  -1.1273481542009023E-003 -0.71522448213058709       -9.9480694880833236E-014  -1.1467458807540645       0.78539816487240299     
  -2.4684443143314638E-003 -0.70817017028377194       -8.3422413953998788E-014  -1.1572073818324533       0.78539816492998638     
  -4.0399699251505439E-003 -0.70033137529803824       -9.1265693815625767E-014  -1.1665664856526696       0.78539816498987935     
  -5.8160474417014996E-003 -0.69174993705280485       -6.8728809508185162E-014  -1.1748102205583049       0.78539816505214410     
  -7.7585612771660095E-003 -0.68248631226053469       -1.7187393943809447E-014  -1.1819400975884768       0.78539816511684069     
  -9.8180683813637870E-003 -0.67261569982104064       -4.7682232524556082E-014  -1.1879701931511022       0.78539816518402550     
  -1.1935387449021562E-002 -0.66222357739388293       -1.1315467099504494E-014  -1.1929245897627290       0.78539816525375339     
  -1.4043822829599151E-002 -0.65140089654615174       -5.6839404434302683E-014  -1.1968343256178660       0.78539816532607598     
  -1.6071937845314466E-002 -0.64023919780065519       -7.5448050487809679E-014  -1.1997340319105501       0.78539816540104146     
  -1.7946752481980965E-002 -0.62882590606256450       -5.2768500855912407E-014  -1.2016584543357585       0.78539816547869312     
  -1.9597206024208447E-002 -0.61724005334965071       -4.1594328233192546E-014  -1.2026390633474451       0.78539816555907171     
  -2.0957700927818124E-002 -0.60554865400103530       -2.5347182810300084E-015  -1.2027009571110279       0.78539816555273756     
  -2.1971503669597325E-002 -0.59380387028651249        2.3864262593034921E-015  -1.2018602039132968       0.78539816554616904     
  -2.2593850957370876E-002 -0.58204116287498486       -3.5723696440362581E-014  -1.2001218284123745       0.78539816553936026     
  -2.2794481556383417E-002 -0.57027843399023403       -2.3854363903880960E-014  -1.1974785110524415       0.78539816553230868     
  -2.2559480334189530E-002 -0.55851617886106020        3.6371268838723244E-014  -1.1939100621222245       0.78539816552500996     
  -2.1892266177301778E-002 -0.54673859234685018        2.1466341148857401E-014  -1.1893836897644903       0.78539816551746022     
  -2.0813632373824831E-002 -0.53491551047078811        3.6622038286291354E-014  -1.1838550146528890       0.78539816550965758     
  -1.9360798065941154E-002 -0.52300502071704802        2.4717219499339294E-014  -1.1772697381049140       0.78539816550159924     
  -1.7585490409897986E-002 -0.51095653735484436        3.4118037681689283E-014  -1.1695658271854574       0.78539816549328290     
  -1.5551138830547373E-002 -0.49871411572682600        5.1086829969719526E-014  -1.1606760483671978       0.78539816548470798     
  -1.3329322981647351E-002 -0.48621977160743857        7.8093085448333159E-014  -1.1505306602189593       0.78539816547587415     
  -1.0995670437097260E-002 -0.47341658091305305        2.2680965346358103E-014  -1.1390600697482016       0.78539816546678087     
  -8.6254433411561138E-003 -0.46025135961494534        1.9953482543937208E-015  -1.1261972657596555       0.78539816545742935     
  -6.2890840361582434E-003 -0.44667676192439831       -7.3819063570990713E-015  -1.1118798656037887       0.78539816544782093     
  -4.0480026921265733E-003 -0.43265268466573747        5.5549208909653431E-014  -1.0960516481009961       0.78539816543795837     
  -1.9508853282736993E-003 -0.41814692290467015       -1.0926521955096528E-014  -1.0786634916054769       0.78539816542784480     
  -3.0776684646127705E-005 -0.40313508237803308        5.4152014203108647E-014  -1.0596736895742183       0.78539816541748486     
   1.6968502931327123E-003 -0.38759981390078213        6.4982673419700844E-014  -1.0390476709584036       0.78539816540688345     
   3.2348849520005274E-003 -0.37152948787092477        9.0467138573230714E-015  -1.0167572048918565       0.78539816539604623     
   4.6041475099016793E-003 -0.35491647090407952       -4.8503456448259775E-014 -0.99277921611621212       0.78539816538498142     
   5.8417335900706746E-003 -0.33775519619057404       -6.8684513785850844E-014 -0.96709437056986491       0.78539816537369600     
   6.9982150504266372E-003 -0.32004023239026358       -4.4224460958544323E-014 -0.93968561064132139       0.78539816536219931     
   8.1338574605354097E-003 -0.30176455355795806        2.7445549317276984E-014 -0.91053682513848333       0.78539816535050122     
   9.3140850498940608E-003 -0.28291819033774779       -1.3825666929427103E-014 -0.87963182270539964       0.78539816533861284     
   1.0604481792125142E-002 -0.26348740784226399       -4.1332380702604443E-014 -0.84695375137072415       0.78539816532654627     
   1.2065654966683326E-002 -0.24345450581504302       -1.0516552132771654E-013 -0.81248506247752084       0.78539816531431395     
   1.3748304695557323E-002 -0.22279827977151445       -1.2774767324043266E-013 -0.77620806579934176       0.78539816530193018     
   1.5688835470086815E-002 -0.20149511992371294       -1.7870796068316527E-013 -0.73810606476196094       0.78539816528940909     
   1.7905814613559556E-002 -0.17952066458762994       -1.4875871926455767E-013 -0.69816500307475970       0.78539816527676676     
   2.0397529548947801E-002 -0.15685187140764834       -8.0008846439036811E-014 -0.65637550219250218       0.78539816526401940     
   2.3140823367249652E-002 -0.13346932670263145       -1.1408099313895271E-013 -0.61273512529379626       0.78539816525118344     
   2.6091302590359078E-002 -0.10935958664900447       -1.3341214216096010E-013 -0.56725067721885436       0.78539816523827632     
   2.9184916588391729E-002  -8.4517333919006177E-002  -9.2703082627324633E-014 -0.51994033639199166       0.78539816522531691     
   3.2340813841365446E-002  -5.8947143664534352E-002  -1.0164753126414918E-013 -0.47083542392819844       0.78539816521232397     
   3.5465291323397707E-002  -3.2664680091555098E-002  -7.1524484588551926E-014 -0.41998163878667771       0.78539816519931582     
   3.8456577304852857E-002  -5.6971902339721936E-003  -1.0137444132177730E-013 -0.36743963098489596       0.78539816518631178     
   4.1210056594898958E-002   2.1916620727285618E-002  -9.2088862124054832E-014 -0.31328490274917709       0.78539816518632344     
   4.3624035541196093E-002   5.0128303783369077E-002  -1.6807208072761409E-013 -0.25760664666200306       0.78539816518633410     
   4.5604555304002758E-002   7.8880528758578095E-002  -1.9581403706900776E-013 -0.20050650103838219       0.78539816518634475     
   4.7070433602311113E-002  0.10811013057784891       -2.0657516241868232E-013 -0.14209613447703617       0.78539816518635563     
   4.7957084996433252E-002  0.13775081403536404       -2.1228978825948484E-013  -8.2494706873557533E-002  0.78539816518636585     
   4.8219348785330851E-002  0.16773623308084140       -2.1970745593698582E-013  -2.1826072590303447E-002  0.78539816518637573     
   4.7833092997880300E-002  0.19800305148711139       -2.0145695214717744E-013   3.9783991470395463E-002  0.78539816518638539     
   4.6795531556334424E-002  0.22849374493529950       -1.6879773593815154E-013  0.10221030528055408       0.78539816518639516     
   4.5124285593928448E-002  0.25915892301122945       -1.9120472295605901E-013  0.16533034528340718       0.78539816518640437     
   4.2855309188638557E-002  0.28995898898220318       -2.0476065983928405E-013  0.22902567697790399       0.78539816518641314     
   4.0039877342106678E-002  0.32086501064706674       -2.1140650083052725E-013  0.29318265017606393       0.78539816518642169     
   3.6740894520312040E-002  0.35185874171338227       -2.4791066751577350E-013  0.35769231037565774       0.78539816518642991     
   3.3028820398767422E-002  0.38293180701677088       -2.2298125131389506E-013  0.42244955333206136       0.78539816518643812     
   2.8977523449679410E-002  0.41408413680151668       -2.1479200542469724E-013  0.48735161745369737       0.78539816518644590     
   2.4660362684141290E-002  0.44532180038881997       -2.2763602579590835E-013  0.55229606816126520       0.78539816518645333     
   2.0146763491377229E-002  0.47665444274764468       -2.1639327447926670E-013  0.61717847557900285       0.78539816518646055     
   1.5499500101098462E-002  0.50809256195764974       -2.6536966570347050E-013  0.68189001308221187       0.78539816518646788     
   1.0772829272017503E-002  0.53964487946425699       -3.4165303889001300E-013  0.74631520851263389       0.78539816518647443     
   6.0115430283165239E-003  0.57131604768256139       -4.8281963165528108E-013  0.81033006627334103       0.78539816518648053     
   1.2509300904977039E-003  0.60310490882509882       -5.1884278879372121E-013  0.87380073838584948       0.78539816518648675     
  -3.4824371363111339E-003  0.63500347128031898       -5.4480038649954169E-013  0.93658287206502422       0.78539816518649286     
  -8.1692361408425285E-003  0.66699670546289980       -5.6075036782543707E-013  0.99852169368781851       0.78539816518649885     
  -1.2795440114846457E-002  0.69906318982482674       -5.9872287421058368E-013   1.0594528210267651       0.78539816518650429     
  -1.7350096464458176E-002  0.73117656176102486       -4.7608962295309516E-013   1.1192037243932393       0.78539816518650962     
  -2.1823064655917435E-002  0.76330765763811925       -4.8789068085098769E-013   1.1775956977387168       0.78539816518651451     
  -2.6202928047103669E-002  0.79542716542452041       -5.0855868887904645E-013   1.2344461528536907       0.78539816518651939     
  -3.0475263835491262E-002  0.82750856747035328       -3.9324108716170824E-013   1.2895710193570089       0.78539816518652417     
  -3.4621410573361544E-002  0.85953112588286018       -5.5166020645946008E-013   1.3427870255616146       0.78539816518652905     
  -3.8617766985641566E-002  0.89148278112562451       -4.0347136146137889E-013   1.3939139006975854       0.78539816517939554     
  -4.2435957756644882E-002  0.92336199103104377       -5.2107144981025025E-013   1.4427747987119446       0.78539816517247918     
  -4.6043084561368630E-002  0.95518014697031361       -5.4766858290368542E-013   1.4891985764109297       0.78539816516577110     
  -4.9402967039565482E-002  0.98696198437735916       -4.9469725149714766E-013   1.5330188650770538       0.78539816515925809     
  -5.2477534324740560E-002   1.0187457279407148       -4.3123565750551871E-013   1.5740736377259132       0.78539816515292893     
  -5.5228504661803512E-002   1.0505822351520280       -3.1239545289159008E-013   1.6122038537418550       0.78539816514676963     
  -5.7619150848458922E-002   1.0825333183196229       -2.4050999955162080E-013   1.6472515386989617       0.78539816514076910     
  -5.9615998557969618E-002   1.1146693681408557       -3.5043862445846234E-013   1.6790574596872148       0.78539816513491423     
  -6.1190320706089096E-002   1.1470664538921156       -3.4571360874157944E-013   1.7074585881834636       0.78539816512919347     
  -6.2319318883535146E-002   1.1798031117814816       -3.0533119974460471E-013   1.7322855558053725       0.78539816512359339     
  -6.2986917390157160E-002   1.2129570508605987       -4.0597703422786773E-013   1.7533603024452127       0.78539816511810423     
  -6.3184134194516517E-002   1.2466020048725426       -3.8539774194762809E-013   1.7704940938203730       0.78539816511271443     
  -6.2909031593457065E-002   1.2808049392231240       -3.6124247218711891E-013   1.7834860481449404       0.78539816510741445     
  -6.2166284024638863E-002   1.3156237863278619       -2.6987573111760013E-013   1.7921222635449325       0.78539816510219440     
  -6.0966428500902836E-002   1.3511058347847893       -2.6927518045394871E-013   1.7961755841568152       0.78539816509704719     
  -5.9324882555584324E-002   1.3872868419336655       -3.0607478735275061E-013   1.7954059894306322       0.78539816509196547     
  -5.7260824455321657E-002   1.4241908800647032       -3.9727180216130360E-013   1.7895615411324091       0.78539816508694460     
  -5.4796030059154788E-002   1.4618308696673665       -3.7088531011088016E-013   1.7783797824470735       0.78539816508197902     
  -5.1953752552900134E-002   1.5002097028910484       -3.7204905902093043E-013   1.7615894554892275       0.78539816507706561     
  -4.8757715300081550E-002   1.5393218200375074       -2.9516759418511828E-013   1.7389123889068712       0.78539816507220217     
  -4.5231267883954374E-002   1.5791550749356240       -1.8881673562827645E-013   1.7100654077888837       0.78539816506738880     
  -4.1396733108216122E-002   1.6196927128984200       -2.9194189974491303E-013   1.6747621323178112       0.78539816506262583     
  -3.7274950542375063E-002   1.6609152868498640       -2.6886946374090515E-013   1.6327145565724566       0.78539816505791471     
  -3.2885002903628724E-002   1.7028023535744623       -1.6947026925600425E-013   1.5836343332794929       0.78539816505325866     
  -2.8244096537786367E-002   1.7453338191323375       -1.2747447062083346E-013   1.5272337280876727       0.78539816504866078     
  -2.3367557753164458E-002   1.7884908389859540       -1.1261974307089543E-013   1.4632262467569719       0.78539816504412685     
  -1.8268903262010916E-002   1.8322562194354717       -1.5805134960242535E-013   1.3913269741646479       0.78539816503966120     
  -1.2959945086286506E-002   1.8766143099200114       -1.3252323785064890E-013   1.3112526943022242       0.78539816503526994     
  -7.4508974994689225E-003   1.9215504165143251       -8.8892343480972761E-014   1.2227218814077312       0.78539816503095872     
  -1.7504642098971068E-003   1.9670498029351648       -6.3854363739196170E-014   1.1254546636781186       0.78539816502673521     
   4.1341031042350096E-003   2.0130963734283362        3.8969976413212513E-014   1.0191728614550177       0.78539816502260473     
   1.0196970578740361E-002   2.0596711511604795        5.0136042999242530E-014  0.90360019284548576       0.78539816501857351     
   1.6433695643184976E-002   2.1067506747271025        5.9502192504359250E-014  0.77846272214784573       0.78539816501464710     
   2.2841181734867044E-002   2.1543054345608077        4.1559251516341513E-014  0.64348960302362324       0.78539816501083060     
   2.9417581150466443E-002   2.2022984611640126        4.7450101033596175E-014  0.49841414143613694       0.78539816500712833     
   3.6162110023470584E-002   2.2506841594071822        4.8358241176908946E-014  0.34297517571171665       0.78539816500354376     
   4.3074740219304353E-002   2.2994074603120076        6.8738857922171447E-014  0.17691874551432535       0.78539816500007842     
   5.0155737069294215E-002   2.3484033354313887        1.0771089418862269E-013  -2.9705380889490734E-014  0.78539816499673754     
