 force-1force-2force-3workmass
  -8.8817841970012523E-015  -8.8817841970012523E-016  -2.1618456724884375E-014   0.0000000000000000       0.78539909798813157     
   5.1958437552457326E-014  -1.1102230246251565E-014  -1.5756303494120279E-014   2.9269620539066374E-019  0.78539909798813146     
  -8.4821039081361960E-014   5.8308913253313222E-013  -1.4236615981751250E-014  -6.1450678192712683E-017  0.78539909798813135     
   2.2737367544323206E-013   5.1514348342607263E-014  -1.9442893039718153E-014  -2.7461703324843322E-016  0.78539909798813223     
  -4.3076653355456074E-014  -5.8753002463163284E-013  -1.9151538895424458E-014  -8.1207482880376395E-016  0.78539909798813179     
  -2.7666757773658901E-013  -8.5265128291212022E-014  -2.2024321057551438E-014  -1.8318279087677464E-015  0.78539909798813146     
  -5.5511151231257827E-014   8.6153306710912148E-014  -1.8839640348814763E-014  -3.4642186973349687E-015  0.78539909798813157     
   1.3766765505351941E-014   9.1038288019262836E-014  -1.6483322167484742E-014  -5.7102695037157625E-015  0.78539909798813123     
  -1.1235457009206584E-013   1.0702549957386509E-013  -1.5975307916970885E-014  -9.1202149917806080E-015  0.78539909798813123     
  -1.0480505352461478E-013  -6.7945649107059580E-014  -2.1744900022828087E-014  -1.3394753207572279E-014  0.78539909798813179     
   2.7755575615628914E-013   8.7041485130612273E-014  -1.7051941868919595E-014  -1.9526843365397784E-014  0.78539909798813168     
  -2.2648549702353193E-014   3.6903813338540203E-013  -1.4142628950967567E-014  -2.6008321359223553E-014  0.78539909798813123     
  -3.1086244689504383E-015   7.6827433304060833E-014  -1.7579241038920621E-014  -3.5113673933717278E-014  0.78539909798813157     
   3.0198066269804258E-013  -3.2152058793144533E-013  -1.6239426020384309E-014  -4.5753765015650146E-014  0.78539909798813168     
  -3.9079850466805510E-014  -2.1893598045608087E-013  -2.2575368097669340E-014  -5.8194572545755115E-014  0.78539909798813168     
   9.3258734068513149E-014   9.6367358537463588E-014  -1.6919355863342957E-014  -7.2410039328885139E-014  0.78539909798813146     
   1.4210854715202004E-014   1.4876988529977098E-013  -1.9842176861798451E-014  -8.9838644335200974E-014  0.78539909798813201     
  -7.6383344094210770E-014   7.1054273576010019E-014  -1.8152705398549590E-014  -1.1006048683649928E-013  0.78539909798813168     
  -5.5511151231257827E-014  -1.1102230246251565E-013  -2.1838886931517170E-014  -1.3328186663046285E-013  0.78539909798813168     
  -3.2462921240039577E-013   4.0767389464235748E-013  -2.0190365097327012E-014  -1.5857879065326906E-013  0.78539909798813201     
   5.9063864910058328E-014   4.1300296516055823E-014  -2.1695523970009834E-014  -1.8899038696752410E-013  0.78539909798813257     
   8.8817841970012523E-014   4.5297099404706387E-014  -2.3057868006142665E-014  -2.1956685821849240E-013  0.78539909798813257     
  -1.6431300764452317E-013  -3.4194869158454821E-013  -2.2989405522348071E-014  -2.5930709178163586E-013  0.78539909798813268     
   2.7711166694643907E-013   1.8340884366807586E-013  -1.8361269508423298E-014  -2.9819233865227118E-013  0.78539909798813301     
  -8.4376949871511897E-014  -2.7267077484793845E-013  -1.7393347887624207E-014  -3.4529044244341217E-013  0.78539909798813334     
  -1.3855583347321954E-013   3.5571545708990016E-013  -2.3056242498075592E-014  -3.9542245191552305E-013  0.78539909798813357     
   8.3488771451811772E-014  -1.9007018181582680E-013  -1.6996549519726322E-014  -4.4967475580370310E-013  0.78539909798813379     
   3.9968028886505635E-014   4.3520742565306136E-014  -2.1998187108763199E-014  -5.1151227986273129E-013  0.78539909798813401     
   1.6342482922482304E-013  -3.1086244689504383E-015  -2.3446833168949223E-014  -5.7860298018200712E-013  0.78539909798813523     
   1.5232259897857148E-013   2.9398705692074145E-013  -2.2743467063301493E-014  -6.5351305573061949E-013  0.78539909798813556     
  -5.1958437552457326E-014  -3.4772185131259903E-013  -2.1090536167156315E-014  -7.2881717630025048E-013  0.78539909798813579     
  -6.5725203057809267E-014  -1.1901590823981678E-013  -2.6021564654101875E-014  -8.1878871864903777E-013  0.78539909798813556     
  -1.9984014443252818E-013   5.3157478419052495E-013  -1.9967564207743066E-014  -9.1138191701391571E-013  0.78539909798813601     
   4.3609560407276149E-013  -3.5349501104064984E-013  -2.1377612712748620E-014  -1.0131275737186503E-012  0.78539909798813712     
   2.7577939931688888E-013  -2.2959412149248237E-013  -2.8385331555351581E-014  -1.1224884988762787E-012  0.78539909798813734     
  -6.9722005946459831E-014   1.7763568394002505E-013  -1.3808202104019644E-014  -1.2393659507856450E-012  0.78539909798813734     
   2.5623947408348613E-013  -2.3225865675158275E-013  -1.4199226926766936E-014  -1.3687950458626929E-012  0.78539909798813745     
  -4.3076653355456074E-013   1.7719159473017498E-013  -1.5707463855809106E-014  -1.5112106318701808E-012  0.78539909798813823     
   1.6608936448392342E-013  -2.5357493882438575E-013  -2.2109554642930875E-014  -1.6588862229175371E-012  0.78539909798813945     
  -1.2345680033831741E-013  -1.2212453270876722E-013  -1.3010959817639572E-014  -1.8213834913492939E-012  0.78539909798814000     
   4.4408920985006262E-016  -4.6629367034256575E-014  -1.8259156494385241E-014  -1.9901667813356424E-012  0.78539909798814156     
   2.0250467969162855E-013  -4.4408920985006262E-016  -1.7924443294457425E-014  -2.1734340835747706E-012  0.78539909798814234     
  -9.9031893796563963E-014  -2.9976021664879227E-013  -1.7992536897873113E-014  -2.3686238585199533E-012  0.78539909798814378     
   1.0036416142611415E-013  -1.3722356584366935E-013  -1.3954170090240978E-014  -2.5778318155016502E-012  0.78539909798814600     
   3.1086244689504383E-014   1.5676349107707210E-013  -1.3231886171363745E-014  -2.7999108836562064E-012  0.78539909798814578     
  -2.2248869413488137E-013   6.0840221749458578E-014  -1.4716640232071820E-014  -3.0400042209930870E-012  0.78539909798814622     
   7.1054273576010019E-015  -2.2870594307278225E-013  -1.5352576846591257E-014  -3.2882649610802434E-012  0.78539909798814622     
  -3.2418512319054571E-014  -1.1990408665951691E-014  -2.0485223607458571E-014  -3.5550934680525140E-012  0.78539909798814800     
   1.3278267374516872E-013  -3.5527136788005009E-015  -2.1792130220093719E-014  -3.8393620528541430E-012  0.78539909798814822     
  -5.2402526762307389E-014  -1.5809575870662229E-013  -1.7543650843405928E-014  -4.1362194242769819E-012  0.78539909798814933     
   2.7977620220553945E-013  -4.4320103143036249E-013  -1.6151169242552773E-014  -4.4579223371091149E-012  0.78539909798815266     
   1.8385293287792592E-013   4.0856207306205761E-014  -1.6085118092161212E-014  -4.7899791960353020E-012  0.78539909798815377     
  -1.2922996006636822E-013  -1.1457501614131615E-013  -9.6752460849390426E-015  -5.1532522044354327E-012  0.78539909798815588     
   1.0480505352461478E-013  -3.2418512319054571E-013  -1.3317140159307785E-014  -5.5297441809581022E-012  0.78539909798816032     
  -5.7731597280508140E-014   1.8740564655672642E-013  -1.5539436210351190E-014  -5.9285477246541805E-012  0.78539909798815966     
   3.5083047578154947E-014  -2.7355895326763857E-013  -1.2004382345195980E-014  -6.3396688386216479E-012  0.78539909798816065     
   2.8066438062523957E-013   4.5297099404706387E-013  -1.5255252024344275E-014  -6.7709755598150236E-012  0.78539909798816132     
   1.5543122344752192E-013  -3.5882408155885059E-013  -1.6775309171095225E-014  -7.2352663851784228E-012  0.78539909798816288     
  -1.0125233984581428E-013   1.1013412404281553E-013  -1.8972691691306710E-014  -7.7144905792788342E-012  0.78539909798816354     
   3.4372504842394846E-013   1.6076029396572267E-013  -1.9891417273002259E-014  -8.2205386169880595E-012  0.78539909798816632     
   1.9451107391432743E-013   1.8296475445822580E-013  -1.4523787138775647E-014  -8.7391174725011671E-012  0.78539909798816909     
  -4.7073456244106637E-014  -2.6378899065093719E-013  -1.6370268462833298E-014  -9.3054610099419112E-012  0.78539909798817098     
  -5.0270898555027088E-013  -1.4210854715202004E-013  -1.5145952410801071E-014  -9.8676155290013503E-012  0.78539909798817398     
   3.1974423109204508E-013   4.0856207306205761E-013  -9.1134622493649370E-015  -1.0466117129470637E-011  0.78539909798817409     
  -6.1106675275368616E-013  -1.8829382497642655E-013  -1.6030542063949387E-014  -1.1088005153759553E-011  0.78539909798817509     
  -3.2063240951174521E-013  -5.4445337127617677E-013  -2.4731234130760263E-014  -1.1733442550466601E-011  0.78539909798817575     
   3.4994229736184934E-013   6.9455552420549793E-013  -1.6011789808855537E-014  -1.2401289552269713E-011  0.78539909798817809     
   2.6023627697213669E-013  -8.5265128291212022E-014  -1.7556655002302927E-014  -1.3096406829572863E-011  0.78539909798817920     
   3.8191672047105385E-014  -2.9221070008134120E-013  -1.5164307533563106E-014  -1.3825936292501481E-011  0.78539909798818197     
   2.3625545964023331E-013   1.0480505352461478E-013  -1.4839605118047631E-014  -1.4579463769648414E-011  0.78539909798818264     
   1.8740564655672642E-013  -4.8405723873656825E-013  -1.9676390336124419E-014  -1.5352006179313976E-011  0.78539909798818530     
   2.1049828546892968E-013   1.3145040611561853E-013  -1.4625553729511614E-014  -1.6152982870072945E-011  0.78539909798818963     
  -4.0056846728475648E-013   3.7658764995285310E-013  -7.8278241327076549E-015  -1.6981095727934754E-011  0.78539909798818919     
   9.0594198809412774E-014   7.2830630415410269E-014  -1.6534805220098039E-014  -1.7831933060144176E-011  0.78539909798819052     
  -7.9936057773011271E-015  -8.9706020389712648E-014  -1.9395954847529634E-014  -1.8707704017989626E-011  0.78539909798819108     
  -5.1514348342607263E-014  -7.0166095156309893E-014  -1.6981181682527510E-014  -1.9624369826054885E-011  0.78539909798819307     
   2.6201263381153694E-013  -1.3944401189291966E-013  -2.0598835292001083E-014  -2.0559208512551183E-011  0.78539909798819429     
  -2.8421709430404007E-014  -3.9968028886505635E-013  -1.4542545724347623E-014  -2.1523671835870455E-011  0.78539909798819740     
   1.6964207816272392E-013   3.8191672047105385E-013  -1.0890038509250856E-014  -2.2498994146137483E-011  0.78539909798819862     
  -5.8619775700208265E-014  -2.8688162956314045E-013  -1.5890712509523325E-014  -2.3498846012596347E-011  0.78539909798820107     
  -2.9309887850104133E-014  -4.5918824298496475E-013  -9.8300705005997117E-015  -2.4534127089093636E-011  0.78539909798820040     
   1.6520118606422329E-013   1.4566126083082054E-013  -1.4674706112941387E-014  -2.5596101811765416E-011  0.78539909798820062     
   1.6875389974302379E-013   1.5898393712632242E-013  -1.4667189425429269E-014  -2.6649093295174871E-011  0.78539909798820151     
   3.1974423109204508E-013   3.8991032624835498E-013  -1.3960851412694139E-014  -2.7757697901147489E-011  0.78539909798820373     
   5.7731597280508140E-015   4.7695181137896725E-013  -1.0309701681427960E-014  -2.8864910618958982E-011  0.78539909798820462     
  -6.9722005946459831E-013  -5.4445337127617677E-013  -5.3736344339563849E-015  -3.0020318404397182E-011  0.78539909798820762     
  -2.0872192862952943E-014  -1.4033219031261979E-013  -1.1485671595568646E-014  -3.1187445594968541E-011  0.78539909798820895     
   2.9798385980939202E-013   1.7585932710062480E-013  -9.3678688303266002E-015  -3.2360084200228789E-011  0.78539909798821117     
   2.6645352591003757E-013   3.8280489889075398E-013  -1.2196538495654790E-014  -3.3565184600344662E-011  0.78539909798821039     
  -5.3912430075797602E-013  -2.6822988274943782E-013  -1.5502403272175330E-014  -3.4781740046187340E-011  0.78539909798821106     
   2.2204460492503131E-015   4.8316906031686813E-013  -2.0065478462515406E-014  -3.6000010175129979E-011  0.78539909798821195     
  -1.0080825063596421E-013  -2.5757174171303632E-014  -1.3235193160690887E-014  -3.7255644117033780E-011  0.78539909798821250     
   3.3972824553529790E-013  -3.5527136788005009E-013  -1.7235572901703611E-014  -3.8515349533709762E-011  0.78539909798821350     
   1.5543122344752192E-013   6.1373128801278654E-013  -1.5093356801123963E-014  -3.9776130551362167E-011  0.78539909798821506     
  -5.6310511808987940E-013  -6.4837024638109142E-014  -9.9022420687970433E-015  -4.1037334402356128E-011  0.78539909798821617     
   8.4376949871511897E-015   6.5725203057809267E-014  -1.8568951666548378E-014  -4.2323435294786091E-011  0.78539909798821772     
   2.9753977059954195E-014  -1.6964207816272392E-013  -1.5602631075522682E-014  -4.3625196381796096E-011  0.78539909798821783     
   3.1974423109204508E-013  -1.5809575870662229E-013  -1.9917083710580553E-014  -4.4890723606266905E-011  0.78539909798821772     
  -2.5823787552781141E-013  -3.2418512319054571E-013  -2.0170492263408993E-014  -4.6177189997225257E-011  0.78539909798821861     
  -9.7033492352238682E-014   3.5438318946034997E-013  -1.9045749962803447E-014  -4.7514347187143909E-011  0.78539909798821916     
   5.1869619710487314E-013  -1.8118839761882555E-013  -1.4358477456653861E-014  -4.8806671466959542E-011  0.78539909798821983     
  -1.2834178164666810E-013   7.1942451995710144E-014  -1.6134160662700919E-014  -5.0102468675456059E-011  0.78539909798821983     
  -4.7628567756419216E-013   1.9806378759312793E-013  -1.4290391233808591E-014  -5.1390875763315688E-011  0.78539909798822016     
  -2.7200464103316335E-014  -7.1942451995710144E-014  -1.4684778572818082E-014  -5.2676011656943350E-011  0.78539909798822027     
   3.3295588508508445E-013   1.2523315717771766E-013  -1.3691774705428387E-014  -5.3957351923936565E-011  0.78539909798822061     
   4.0711878313004490E-013  -2.2648549702353193E-013  -1.5262570032098562E-014  -5.5213857225997381E-011  0.78539909798822127     
   3.7808645103609706E-013  -2.2115642650533118E-013  -2.0388242326631212E-014  -5.6471949662819379E-011  0.78539909798822172     
  -2.0899948438568572E-014  -5.2757798130187439E-013  -1.0191798129635923E-014  -5.7699901452888035E-011  0.78539909798822127     
  -2.8377473981766599E-013  -1.3677947663381929E-013  -1.8922280972380303E-014  -5.8917685646228614E-011  0.78539909798822127     
   1.7341683644644945E-013   5.5067062021407764E-014  -1.3849390612763007E-014  -6.0119952630079880E-011  0.78539909798822127     
   2.1277424266941125E-013  -7.9047879353311146E-014  -1.3429544992368739E-014  -6.1284577833132299E-011  0.78539909798822050     
   7.6494366396673286E-014   1.9273471707492718E-013  -8.6952389002569958E-015  -6.2431942622725561E-011  0.78539909798822072     
  -5.9552363040893397E-013  -2.4158453015843406E-013  -1.6549510417172851E-014  -6.3568623764155764E-011  0.78539909798822050     
   2.5135449277513544E-013   2.3137047833188262E-013  -1.6770342206851919E-014  -6.4667213412125533E-011  0.78539909798821983     
  -9.8365759981788869E-014  -1.9984014443252818E-013  -1.9556395278326599E-014  -6.5720635171331534E-011  0.78539909798822016     
  -3.7636560534792807E-013  -1.8562928971732617E-013  -1.7429922487019804E-014  -6.6729715045010525E-011  0.78539909798821861     
   7.4407147110377991E-013  -2.4469315462738450E-013  -8.3272515989567317E-015  -6.7723239520719775E-011  0.78539909798821816     
  -1.5165646516379638E-013  -4.9915627187147038E-013  -1.5608511277398879E-014  -6.8653461513852886E-011  0.78539909798821639     
  -7.3940853440035426E-013   5.8308913253313222E-013  -1.5779003079844746E-014  -6.9556498091693538E-011  0.78539909798821639     
   6.4392935428259079E-014   7.9936057773011271E-015  -8.2075318040673273E-015  -7.0390434063474978E-011  0.78539909798821528     
   4.8805404162521882E-013  -2.7977620220553945E-013  -1.2873829406012952E-014  -7.1192373268688615E-011  0.78539909798821472     
   1.3278267374516872E-013   9.9031893796563963E-014  -9.7743466032978793E-015  -7.1975969804328804E-011  0.78539909798821395     
  -2.2826185386293218E-013   1.1990408665951691E-013  -1.6476809164664903E-014  -7.2663770487266537E-011  0.78539909798821195     
   5.0892623448817176E-013   3.3395508580724709E-013  -1.8335693648736000E-014  -7.3314117278253782E-011  0.78539909798821084     
   2.7178259642823832E-013  -8.9261931179862586E-014  -1.9543261512839331E-014  -7.3886141751534071E-011  0.78539909798820751     
  -4.8849813083506888E-014   1.3411494137471891E-013  -2.3010146183309445E-014  -7.4403949461052219E-011  0.78539909798820706     
   2.9753977059954195E-014  -2.6156854460168688E-013  -1.8596191596734162E-014  -7.4870687477255617E-011  0.78539909798820684     
  -4.9160675530401932E-013  -3.7525538232330291E-013  -1.2219940309500673E-014  -7.5272174830445511E-011  0.78539909798820551     
  -1.6875389974302379E-014   8.8817841970012523E-016  -1.2907833678022375E-014  -7.5625235007805325E-011  0.78539909798820451     
  -4.1122660832115798E-013   2.6467716907063732E-013  -1.5556031630604743E-014  -7.5856237047980976E-011  0.78539909798820107     
  -4.8494541715626838E-013   5.1070259132757201E-014  -1.6151973735462410E-014  -7.6078997645621157E-011  0.78539909798819896     
   4.0945025148175773E-013  -2.2115642650533118E-013  -1.8944169117629542E-014  -7.6190564940940397E-011  0.78539909798819441     
  -4.6007642140466487E-013   3.8280489889075398E-013  -1.2854202433526406E-014  -7.6238034556188000E-011  0.78539909798819441     
   3.8991032624835498E-013   2.9398705692074145E-013  -1.7754819002590449E-014  -7.6229119639450234E-011  0.78539909798819396     
   2.1227464230832993E-013  -5.9507954119908391E-013  -1.5200897537910068E-014  -7.6100320449000620E-011  0.78539909798819163     
  -5.8975047068088315E-013  -2.1760371282653068E-013  -1.0865095755084603E-014  -7.5938605938538498E-011  0.78539909798819030     
   1.3944401189291966E-013  -7.6116890568300732E-013  -1.2759335355061302E-014  -7.5681023914692515E-011  0.78539909798818486     
   3.0198066269804258E-013  -2.8066438062523957E-013  -1.9324768465677223E-014  -7.5347014678915983E-011  0.78539909798818253     
  -2.7977620220553945E-013   5.3290705182007514E-014  -1.0908435392060596E-014  -7.4932420929129274E-011  0.78539909798817609     
   5.2580162446247414E-013  -3.7747582837255322E-013  -1.9393597729980582E-014  -7.4468703689066767E-011  0.78539909798817564     
   8.8817841970012523E-014   3.4372504842394846E-013  -1.4707599323028037E-014  -7.3901322117619602E-011  0.78539909798817575     
   2.8510527272374020E-013  -3.0553337637684308E-013  -2.3569059439127602E-014  -7.3243462311255701E-011  0.78539909798817220     
   1.7053025658242404E-013   7.4606987254810520E-014  -1.3811319349519889E-014  -7.2505723571867785E-011  0.78539909798817042     
  -3.2152058793144533E-013  -5.3290705182007514E-015  -1.5066135283086675E-014  -7.1726377123143299E-011  0.78539909798816332     
   1.4299672557172016E-013  -1.7763568394002505E-014  -1.3943763413174851E-014  -7.0851476701291806E-011  0.78539909798816054     
   2.5934809855243657E-013  -1.9362289549462730E-013  -3.8494850134284884E-015  -6.9869733418804602E-011  0.78539909798815244     
  -2.0961010704922955E-013   2.1183055309847987E-013  -9.4065579586623372E-015  -6.8835370484941039E-011  0.78539909798815222     
  -4.5563552930616424E-013  -3.3972824553529790E-013  -3.8907817395254909E-015  -6.7696091519296113E-011  0.78539909798814644     
  -1.1990408665951691E-013   3.3217872896784684E-013  -8.9621598402353642E-015  -6.6542217032051999E-011  0.78539909798814267     
   5.5955240441107890E-014   9.1926466438962962E-014  -6.5297425689406685E-015  -6.5277571633253785E-011  0.78539909798814000     
   2.5135449277513544E-013  -6.1861626932113722E-013  -3.3731046979285458E-015  -6.3954927575733607E-011  0.78539909798813223     
   2.9665159217984183E-013   5.1958437552457326E-014  -2.5262489314975465E-014  -6.2552351955644269E-011  0.78539909798812846     
   1.7852386235972517E-013   3.7569947153315297E-013  -1.6092145067772062E-014  -6.1098425401467189E-011  0.78539909798811913     
  -6.5281113847959205E-013   5.9019455989073322E-013  -1.8227382153422809E-014  -5.9559632953155509E-011  0.78539909798811869     
   3.4816594052244909E-013  -2.4069635173873394E-013  -4.8075788560590901E-015  -5.7969382487580345E-011  0.78539909798811214     
   1.1546319456101628E-013  -2.7533531010703882E-014  -6.8259046847327985E-015  -5.6315147956580343E-011  0.78539909798810714     
  -4.6185277824406512E-013  -3.2640556923979602E-013  -1.2193906974143544E-014  -5.4613718988467410E-011  0.78539909798810470     
   5.5866422599137877E-013   1.8873791418627661E-014  -1.5851795690670942E-014  -5.2853856695664201E-011  0.78539909798809548     
   2.0783375020982930E-013   2.1715962361668062E-013  -1.2168455921343969E-014  -5.1071909749673164E-011  0.78539909798809160     
  -4.8760995241536875E-013   4.1211478674085811E-013  -1.6100369703274765E-014  -4.9231198047281567E-011  0.78539909798808116     
  -2.1227464230832993E-013   2.5623947408348613E-013  -1.8574423340859677E-014  -4.7364196615693740E-011  0.78539909798808061     
   1.2345680033831741E-013  -4.8561155097104347E-013  -2.1478425350614382E-014  -4.5463674901304014E-011  0.78539909798807317     
  -3.6948222259525210E-013   7.6638695389874556E-013  -2.0274377722242926E-014  -4.3526883933220974E-011  0.78539909798806773     
   2.7267077484793845E-013   3.2096547641913276E-013  -1.5390649590676782E-014  -4.1550818373326225E-011  0.78539909798806518     
   4.6185277824406512E-014  -9.3247631838266898E-013  -1.4487551718094209E-014  -3.9563139521621335E-011  0.78539909798805496     
   2.7444713168733870E-013  -6.4892535789340400E-014  -1.5701129460883455E-014  -3.7549902859772353E-011  0.78539909798806107     
   1.1546319456101628E-013  -2.2981616609740740E-013  -1.4170476565846425E-014  -3.5565804255822763E-011  0.78539909798804997     
   3.7303493627405260E-014   7.2591932465115860E-013  -1.8776601885657568E-014  -3.3563008136904714E-011  0.78539909798804963     
  -4.4941828036826337E-013  -3.0959956820453272E-013  -1.7605094178061021E-014  -3.1546544610293060E-011  0.78539909798804763     
   2.8155255904493970E-013   6.5106253721580742E-013  -8.8119420916144494E-015  -2.9550035512110844E-011  0.78539909798804186     
  -5.5955240441107890E-014  -3.7159164634203989E-013  -1.1964601538785718E-014  -2.7554926517885824E-011  0.78539909798805008     
  -7.8514972301491071E-013   1.4932499681208355E-013  -1.1619778251096710E-014  -2.5594421495333223E-011  0.78539909798804008     
   7.1853634153740131E-013  -5.6499249723174216E-013  -1.1172204311708885E-014  -2.3664618873902167E-011  0.78539909798802265     
   3.7836400679225335E-013  -2.3514523661560816E-013  -1.0558613048223430E-014  -2.1763727989096226E-011  0.78539909798801200     
  -5.2624571367232420E-013  -6.9289018966856020E-013  -1.6915568040883223E-014  -1.9849137587271714E-011  0.78539909798798924     
   1.8385293287792592E-013   3.7569947153315297E-013  -1.6025764681034703E-014  -1.8034087027114543E-011  0.78539909798799179     
   2.0472512574087887E-013   8.4154905266586866E-014  -2.2008712154564803E-014  -1.6264460935976906E-011  0.78539909798799012     
  -2.5091040356528538E-013   2.4646951146678475E-013  -2.3410299348557078E-014  -1.4531784041525497E-011  0.78539909798798480     
  -3.1974423109204508E-013  -3.6282088444750116E-013  -1.0432351740149319E-014  -1.2866081303177239E-011  0.78539909798797236     
   3.3884006711559778E-013  -5.2624571367232420E-014  -1.2957540854266423E-014  -1.1258759039322030E-011  0.78539909798796326     
  -1.1546319456101628E-013   1.2034817586936697E-013  -9.4369248233859127E-015  -9.7232962919255664E-012  0.78539909798794039     
   1.5010215292932116E-013  -3.7525538232330291E-013  -1.5437954190012665E-014  -8.2763814375223419E-012  0.78539909798793062     
  -1.3322676295501878E-015   3.7481129311345285E-013  -1.0687853380878360E-014  -6.9010837757336313E-012  0.78539909798791108     
   1.1546319456101628E-013   4.5163872641751368E-013  -7.7114008888608072E-015  -5.6175923309280103E-012  0.78539909798791330     
  -1.3233858453531866E-013  -7.2963857178365288E-013  -8.2368350512198425E-015  -4.4292987011650744E-012  0.78539909798791174     
   9.9475983006414026E-014   7.9047879353311146E-014  -1.1464464522304288E-014  -3.3371362659307210E-012  0.78539909798790764     
   3.3439917501709715E-013  -5.2402526762307389E-014  -1.8818503452768579E-014  -2.3369526166664166E-012  0.78539909798791285     
  -3.0420110874729289E-013   6.0662586065518553E-013  -1.0235429529978860E-014  -1.4517269222684426E-012  0.78539909798790564     
   2.1493917756743031E-013   5.2846615972157451E-014  -9.0066331889899263E-015  -6.6545490770347424E-013  0.78539909798789409     
   5.5022653100422758E-013  -4.9737991503207013E-013  -1.6280274125858727E-014   1.3277147851070486E-014  0.78539909798788743     
  -2.4114044094858400E-013   6.3060667798708891E-013  -1.4655838995483742E-014   5.6912892841954991E-013  0.78539909798787300     
  -4.4408920985006262E-015   1.1857181902996672E-013  -1.7841494620551106E-014   1.0126366880560468E-012  0.78539909798787466     
   1.5543122344752192E-013  -4.6362913508346537E-013  -9.7732572928081108E-015   1.3450754627032061E-012  0.78539909798787366     
  -6.0129679013698478E-013  -5.5466742310272821E-013  -1.1557864823768494E-014   1.5664025625357608E-012  0.78539909798787078     
   2.5179858198498550E-013   3.5482727867020003E-013  -1.3436136715457814E-014   1.6623767061444940E-012  0.78539909798786978     
   1.8651746813702630E-013   2.1760371282653068E-013  -2.2219700261315343E-014   1.6556265530982126E-012  0.78539909798786600     
  -4.1078251911130792E-013  -2.2648549702353193E-014  -2.4293804209648409E-014   1.5283542878726696E-012  0.78539909798786467     
   4.3032244434471068E-013  -2.9176661087149114E-013  -1.0378920101813553E-014   1.2972339863333518E-012  0.78539909798786178     
  -4.8938630925476900E-013   2.7444713168733870E-013  -2.0362407196776667E-014   9.5999820274328767E-013  0.78539909798786200     
   1.8607337892717624E-013   2.4158453015843406E-013  -2.1128464408524159E-014   5.2551752106222623E-013  0.78539909798786156     
   4.7695181137896725E-013  -7.9447559642176202E-013  -2.0508389295249816E-014  -9.2641339931517423E-026  0.78539909798786112     
