 force-1force-2force-3workmass
   2.6645352591003757E-015   7.1054273576010019E-015  -1.9398089615056806E-014   0.0000000000000000       0.78539816362971748     
   1.1546319456101628E-014  -8.3488771451811772E-014  -3.2708767108708978E-014  -8.6254314527145264E-008  0.78539816362989490     
  -7.9936057773011271E-015  -1.9539925233402755E-014  -3.2153519447912683E-014  -9.3068235189437687E-007  0.78539816362990433     
  -2.0428103653102880E-014  -3.1974423109204508E-014  -2.7773667721334482E-014  -3.7593762330728656E-006  0.78539816362990622     
  -1.2434497875801753E-014  -4.4408920985006262E-014  -3.1352287351840697E-014  -1.0113767646327180E-005  0.78539816362991033     
   2.7977620220553945E-014  -9.0594198809412774E-014  -2.9091301904468463E-014  -2.1753295604913482E-005  0.78539816362991688     
   0.0000000000000000       -1.9539925233402755E-014  -2.2884270912408833E-014  -4.0598985410750889E-005  0.78539816362992720     
   2.7977620220553945E-014  -9.9475983006414026E-014  -2.9997401856653686E-014  -6.8693085730740420E-005  0.78539816362994119     
  -1.9984014443252818E-014  -1.2079226507921703E-013  -2.7256956848642234E-014  -1.0816818844336479E-004  0.78539816362996029     
   2.7533531010703882E-014  -9.9475983006414026E-014  -2.7103091571884396E-014  -1.6122235610951154E-004  0.78539816362998416     
  -1.5099033134902129E-014   2.3092638912203256E-014  -3.3542889662561761E-014  -2.3009849052263161E-004  0.78539816363001458     
   3.5527136788005009E-014  -1.2434497875801753E-014  -2.7068726210742033E-014  -3.1706683199568368E-004  0.78539816363005088     
   1.1590728377086634E-013  -4.7961634663806763E-014  -2.9867885195193924E-014  -4.2440985935987855E-004  0.78539816363009418     
   5.4622972811557702E-014  -1.2789769243681803E-013  -2.9155957805667859E-014  -5.5440908327608097E-004  0.78539816363014459     
   6.3060667798708891E-014  -1.0480505352461478E-013  -3.1418955136479360E-014  -7.0933336984818033E-004  0.78539816363020309     
   6.8389738316909643E-014   1.5987211554602254E-014  -2.2021020680922115E-014  -8.9142852811798391E-004  0.78539816363027026     
   2.4868995751603507E-014   5.1514348342607263E-014  -2.8688406285481093E-014  -1.1029079615930142E-003  0.78539816363034598     
   4.3964831775156199E-014  -8.8817841970012523E-014  -2.5943141709274449E-014  -1.3459442306127248E-003  0.78539816363043125     
   5.2402526762307389E-014  -1.4743761767022079E-013  -2.6066593061050533E-014  -1.6226614058122107E-003  0.78539816363052606     
   8.5265128291212022E-014  -5.3290705182007514E-015  -2.9262691136663180E-014  -1.9351281173016343E-003  0.78539816363063131     
   7.6827433304060833E-014  -4.4408920985006262E-014  -3.1413108738239087E-014  -2.2853512222246967E-003  0.78539816363074622     
   2.2648549702353193E-014  -1.2789769243681803E-013  -3.0221871593598678E-014  -2.6752700269694688E-003  0.78539816363087289     
   2.0428103653102880E-014   2.8421709430404007E-014  -2.7228163941048232E-014  -3.1067510108348587E-003  0.78539816363101034     
   1.6875389974302379E-014  -3.0198066269804258E-014  -3.4965155088328449E-014  -3.5815830065135112E-003  0.78539816363115977     
   4.2632564145606011E-014  -8.5265128291212022E-014  -2.3079226530606618E-014  -4.1014727995341109E-003  0.78539816363132076     
   2.0872192862952943E-014  -1.2079226507921703E-013  -2.7267723429236308E-014  -4.6680411140050558E-003  0.78539816363149451     
  -1.4210854715202004E-014  -1.2434497875801753E-014  -3.0142231374462661E-014  -5.2828189561809277E-003  0.78539816363168113     
  -5.2846615972157451E-014  -1.0302869668521453E-013  -2.9527990375535704E-014  -5.9472442907766935E-003  0.78539816363188086     
  -1.9095836023552692E-014  -4.9737991503207013E-014  -3.4953742715646157E-014  -6.6626590282169865E-003  0.78539816363209369     
  -2.3092638912203256E-014  -7.2830630415410269E-014  -2.8771055488817022E-014  -7.4303063034367126E-003  0.78539816363232018     
  -7.6383344094210770E-014  -8.8817841970012523E-015  -3.0314746818758156E-014  -8.2513280288557707E-003  0.78539816363256065     
  -1.0480505352461478E-013   5.3290705182007514E-014  -3.2809592501137785E-014  -9.1267627060285308E-003  0.78539816363281612     
  -2.6645352591003757E-014   6.3948846218409017E-014  -3.1113209357073070E-014  -1.0057543481898875E-002  0.78539816363308601     
   3.9968028886505635E-015  -7.2830630415410269E-014  -2.9954637768178215E-014  -1.1044496437073170E-002  0.78539816363337078     
   4.4408920985006262E-015  -4.2632564145606011E-014  -3.0918014163719391E-014  -1.2088339094516568E-002  0.78539816363367154     
  -1.4654943925052066E-014  -4.2632564145606011E-014  -2.9066760185276857E-014  -1.3189679138194873E-002  0.78539816363398729     
  -2.2648549702353193E-014   4.7961634663806763E-014  -2.7888214391288525E-014  -1.4349013331926889E-002  0.78539816363431925     
   6.6613381477509392E-015  -7.4606987254810520E-014  -2.8906184999377102E-014  -1.5566726629234921E-002  0.78539816363466786     
  -3.5527136788005009E-014  -6.9277916736609768E-014  -2.8732637683861777E-014  -1.6843091465740916E-002  0.78539816363503290     
   2.7977620220553945E-014  -3.9079850466805510E-014  -2.8129230653197872E-014  -1.8178267226143602E-002  0.78539816363541515     
   4.1300296516055823E-014  -5.8619775700208265E-014  -2.7035234661541810E-014  -1.9572299879083203E-002  0.78539816363581483     
   2.5757174171303632E-014  -9.2370555648813024E-014  -2.5514391212741329E-014  -2.1025121774073525E-002  0.78539816363623238     
   2.7977620220553945E-014  -1.3322676295501878E-013  -2.5830641283676442E-014  -2.2536551595430079E-002  0.78539816363666815     
   1.5099033134902129E-014  -5.5067062021407764E-014  -2.8595396742986203E-014  -2.4106294467721348E-002  0.78539816363712256     
   1.7319479184152442E-014  -5.5067062021407764E-014  -2.9104702168369242E-014  -2.5733942206721670E-002  0.78539816363759640     
   7.6827433304060833E-014  -3.5527136788005009E-015  -3.1428727941003403E-014  -2.7418973710309442E-002  0.78539816363809023     
   3.9079850466805510E-014  -1.4210854715202004E-014  -3.4503884789423217E-014  -2.9160755484453651E-002  0.78539816363860371     
   2.2204460492503131E-014  -7.2830630415410269E-014  -3.7411108086027577E-014  -3.0958542300415094E-002  0.78539816363913850     
   8.6597395920762210E-015  -4.9737991503207013E-014  -3.1992566055318527E-014  -3.2811477979315572E-002  0.78539816363969495     
   5.9507954119908391E-014  -1.7941204077942530E-013  -3.7728803772216850E-014  -3.4718596300333512E-002  0.78539816364027371     
   4.6185277824406512E-014   4.2632564145606011E-014  -3.5640792807664171E-014  -3.6678822028745159E-002  0.78539816364087511     
   4.5297099404706387E-014  -4.6185277824406512E-014  -3.1855934187920125E-014  -3.8690972060115791E-002  0.78539816364150028     
  -3.3750779948604759E-014  -7.1054273576010019E-014  -3.0653205573449836E-014  -4.0753756677893542E-002  0.78539816364215054     
   1.0214051826551440E-013   1.0480505352461478E-013  -3.0304355871544041E-014  -4.2865780920388244E-002  0.78539816364282544     
   4.2632564145606011E-014  -8.3488771451811772E-014  -2.4160237474872536E-014  -4.5025546054331116E-002  0.78539816364352766     
   5.3290705182007514E-014   1.7763568394002505E-015  -2.9422251524019014E-014  -4.7231451151827128E-002  0.78539816364425719     
   3.5527136788005009E-015  -1.3145040611561853E-013  -3.0299050275085909E-014  -4.9481794767458231E-002  0.78539816364501569     
  -1.7763568394002505E-014  -1.7763568394002505E-014  -3.1374957719616115E-014  -5.1774776714879372E-002  0.78539816364580439     
  -7.4606987254810520E-014  -5.6843418860808015E-014  -3.1663963007410604E-014  -5.4108499940792462E-002  0.78539816364662407     
  -4.0856207306205761E-014  -2.3092638912203256E-014  -2.7001712159853335E-014  -5.6480972495878953E-002  0.78539816364747739     
  -5.1070259132757201E-014  -3.3750779948604759E-014  -2.7956973143385337E-014  -5.8890109601261037E-002  0.78539816364836501     
  -2.7533531010703882E-014  -1.0302869668521453E-013  -2.4520427741917151E-014  -6.1333735806662362E-002  0.78539816364928872     
  -6.9722005946459831E-014   7.1054273576010019E-015  -3.0051304425697025E-014  -6.3809587236611648E-002  0.78539816365025072     
  -2.3092638912203256E-014  -1.1723955140041653E-013  -2.4638434362466213E-014  -6.6315313921365929E-002  0.78539816365125292     
  -4.6185277824406512E-014   4.7961634663806763E-014  -3.6397579088113051E-014  -6.8848482210439377E-002  0.78539816365229664     
  -7.9936057773011271E-015  -7.1054273576010019E-015  -3.5047381240157334E-014  -7.1406577268182420E-002  0.78539816365338488     
  -6.0396132539608516E-014  -5.6843418860808015E-014  -3.5056325334315620E-014  -7.3987005650723150E-002  0.78539816365452031     
  -1.0658141036401503E-014  -2.1316282072803006E-014  -3.6819431082678488E-014  -7.6587097962703798E-002  0.78539816365570447     
  -7.1054273576010019E-015   1.4210854715202004E-014  -2.9837097158138573E-014  -7.9204111591794427E-002  0.78539816365694071     
   5.4178883601707639E-014  -4.2632564145606011E-014  -2.8433727675185591E-014  -8.1835233518855383E-002  0.78539816365823145     
  -4.6185277824406512E-014  -5.1514348342607263E-014  -2.8729240960395319E-014  -8.4477583202264769E-002  0.78539816365958015     
  -3.9079850466805510E-014  -4.7961634663806763E-014  -2.7434973745673980E-014  -8.7128215534729964E-002  0.78539816366098980     
  -6.0396132539608516E-014  -1.1368683772161603E-013  -3.4972762959314217E-014  -8.9784123871327698E-002  0.78539816366246340     
   7.9936057773011271E-015  -4.2632564145606011E-014  -3.0653783254394068E-014  -9.2442243128294271E-002  0.78539816366400428     
  -3.1086244689504383E-014  -7.8159700933611020E-014  -3.0801130665690149E-014  -9.5099452951688535E-002  0.78539816366561699     
   2.1316282072803006E-014  -6.2172489379008766E-014  -2.6750733369332887E-014  -9.7752580956474072E-002  0.78539816366730431     
   7.7271522513910895E-014  -6.0396132539608516E-014  -2.6103795691547332E-014 -0.10039840603635082       0.78539816366907056     
   4.5297099404706387E-014  -3.1974423109204508E-014  -3.0305152059416272E-014 -0.10303366174245035       0.78539816367091997     
   8.1712414612411521E-014  -3.5527136788005009E-015  -3.0315703905224201E-014 -0.10565503972833504       0.78539816367285642     
   2.1316282072803006E-014   2.1316282072803006E-014  -3.8283901138018978E-014 -0.10825919325757576       0.78539816367488469     
   4.6185277824406512E-014  -1.7763568394002505E-015  -3.7502867795609673E-014 -0.11084274077016791       0.78539816367700910     
   8.5265128291212022E-014  -1.7763568394002505E-014  -3.1684097192082069E-014 -0.11340226950647075       0.78539816367923432     
  -1.6875389974302379E-014  -1.1546319456101628E-013  -2.9294217155317137E-014 -0.11593433918905548       0.78539816368156523     
   4.4408920985006262E-014  -3.0198066269804258E-014  -3.1134795978564273E-014 -0.11843548576387664       0.78539816368400683     
  -5.3290705182007514E-015  -7.6383344094210770E-014  -3.2866399819574562E-014 -0.12090222520172612       0.78539816368656323     
  -3.1974423109204508E-014  -1.4566126083082054E-013  -2.9249239131459094E-014 -0.12333105735873562       0.78539816368924109     
  -7.1054273576010019E-015  -8.3488771451811772E-014  -2.1952174178035838E-014 -0.12571846989435323       0.78539816369204396     
  -4.7961634663806763E-014  -3.9079850466805510E-014  -2.1119641865221367E-014 -0.12806094224504230       0.78539816369497828     
   7.8159700933611020E-014   1.7763568394002505E-014  -3.2118583476210201E-014 -0.13035494965285738       0.78539816369804838     
  -6.0396132539608516E-014  -6.2172489379008766E-014  -3.2121990521621527E-014 -0.13259696724867695       0.78539816370126003     
   6.2172489379008766E-014  -3.9079850466805510E-014  -3.5840144955420007E-014 -0.13478347419047554       0.78539816370461846     
  -5.1514348342607263E-014  -5.8619775700208265E-014  -2.8401550034461442E-014 -0.13691095785705304       0.78539816370812865     
  -2.1316282072803006E-014  -8.8817841970012523E-014  -3.1660587227390698E-014 -0.13897591809686055       0.78539816371179638     
  -1.1723955140041653E-013  -1.7763568394002505E-015  -3.3669766286996446E-014 -0.14097487153144786       0.78539816371562632     
  -3.1974423109204508E-014   1.7763568394002505E-015  -3.0117639205951183E-014 -0.14290435591342787       0.78539816371962357     
  -6.2172489379008766E-014  -4.6185277824406512E-014  -3.0355601514012230E-014 -0.14476093453365085       0.78539816372379356     
  -8.3488771451811772E-014  -5.1514348342607263E-014  -2.2805872127405562E-014 -0.14654120067646115       0.78539816372814042     
   6.0396132539608516E-014  -1.7763568394002505E-014  -3.5743260448631521E-014 -0.14824178211913602       0.78539816373266891     
  -1.0125233984581428E-013  -6.0396132539608516E-014  -3.0355455325705547E-014 -0.14985934567418840       0.78539816373738369     
  -4.2632564145606011E-014  -5.1514348342607263E-014  -3.3217726500206484E-014 -0.15139060177818203       0.78539816374228888     
  -5.8619775700208265E-014  -8.8817841970012523E-015  -3.1827089143531148E-014 -0.15283230912780688       0.78539816374738858     
  -6.7501559897209518E-014  -5.7731597280508140E-014  -3.4792354813811321E-014 -0.15418127936702103       0.78539816375268612     
  -4.2632564145606011E-014  -4.4408920985006262E-014  -3.5124801832166775E-014 -0.15543438182535341       0.78539816375818494     
  -4.4408920985006262E-014  -1.5987211554602254E-014  -3.7601573525334290E-014 -0.15658854830539026       0.78539816376388816     
  -2.4868995751603507E-014  -1.8651746813702630E-014  -2.5671785492868006E-014 -0.15764077791804454       0.78539816376979799     
   4.2632564145606011E-014  -5.3290705182007514E-014  -3.2793780684132330E-014 -0.15858814196316423       0.78539816377591731     
  -1.3855583347321954E-013  -6.1284310959308641E-014  -3.7832103961831989E-014 -0.15942778885704983       0.78539816378224714     
   7.8159700933611020E-014  -4.7961634663806763E-014  -3.6957347912846911E-014 -0.16015694910505018       0.78539816378878913     
  -6.9277916736609768E-014  -2.3980817331903381E-014  -3.8773895667360493E-014 -0.16077294032228573       0.78539816379554439     
  -4.0856207306205761E-014  -2.3092638912203256E-014  -3.8471016727038203E-014 -0.16127317230126995       0.78539816380251271     
   2.1316282072803006E-014  -8.8817841970012523E-015  -3.6351717582845081E-014 -0.16165515212528622       0.78539816380969374     
  -2.8421709430404007E-014  -4.4408920985006262E-014  -3.0940621929242629E-014 -0.16191648932680769       0.78539816381708660     
   8.1712414612411521E-014  -1.7763568394002505E-014  -3.1177934211281909E-014 -0.16205490108784770       0.78539816382469052     
  -7.2830630415410269E-014  -4.4408920985006262E-016  -3.5587797179982480E-014 -0.16206821748021893       0.78539816383250249     
  -8.8817841970012523E-015  -1.4654943925052066E-014  -3.5303407380645699E-014 -0.16195438674529705       0.78539816384052041     
  -8.8817841970012523E-015  -1.2345680033831741E-013  -2.7794235279606310E-014 -0.16171148061248156       0.78539816384874050     
  -6.7501559897209518E-014  -5.3290705182007514E-015  -2.9287309168059084E-014 -0.16133769966062145       0.78539816385715944     
   1.7763568394002505E-014  -6.7501559897209518E-014  -2.8853337571286438E-014 -0.16083137872370917       0.78539816386577177     
   4.4408920985006262E-014  -5.3734794391857577E-014  -3.0272518999257607E-014 -0.16019099234548559       0.78539816387457240     
  -3.5527136788005009E-015  -8.9261931179862586E-014  -2.6507317216990113E-014 -0.15941516028264674       0.78539816388355554     
  -2.4868995751603507E-014  -8.2600593032111647E-014  -3.0787742466555327E-014 -0.15850265305500308       0.78539816389271366     
  -4.9737991503207013E-014   4.4853010194856324E-014  -3.4080092334062185E-014 -0.15745239754096901       0.78539816390203998     
  -6.7501559897209518E-014   8.4376949871511897E-015  -3.7193046405741403E-014 -0.15626348261522796       0.78539816391152661     
  -4.9737991503207013E-014  -2.7977620220553945E-014  -3.1911041803098426E-014 -0.15493516482876946       0.78539816392116379     
   3.1974423109204508E-014  -2.6645352591003757E-014  -3.2833856020474825E-014 -0.15346687413000568       0.78539816393094308     
  -1.2256862191861728E-013  -7.7271522513910895E-014  -3.5057878657790020E-014 -0.15185821963002022       0.78539816394085427     
  -9.5923269327613525E-014  -1.4210854715202004E-014  -2.7387802631180613E-014 -0.15010899541045741       0.78539816395088591     
  -8.5265128291212022E-014  -4.2632564145606011E-014  -3.5072232559958901E-014 -0.14821918637352871       0.78539816396102735     
  -1.1368683772161603E-013  -1.4654943925052066E-014  -3.1594565087310430E-014 -0.14618897413421722       0.78539816397126683     
  -1.5099033134902129E-013   3.6859404417555197E-014  -2.7849171978091263E-014 -0.14401874295192574       0.78539816398159212     
  -1.3500311979441904E-013  -8.4376949871511897E-015  -3.0520584101650213E-014 -0.14170908570187069       0.78539816399199003     
   1.0658141036401503E-014   1.8207657603852567E-014  -3.3074338607793907E-014 -0.13926080988568212       0.78539816400244722     
  -1.4033219031261979E-013   3.4638958368304884E-014  -3.8833942164094119E-014 -0.13667494368351629       0.78539816401295037     
   1.5276668818842154E-013  -2.7089441800853820E-014  -3.2467420917538360E-014 -0.13395274204883550       0.78539816402348550     
  -2.1316282072803006E-014   1.3322676295501878E-014  -2.9384357726706682E-014 -0.13109569284907635       0.78539816403403839     
   3.5527136788005009E-014   7.9047879353311146E-014  -3.9226217276367731E-014 -0.12810552305278006       0.78539816404459462     
  -1.4210854715202004E-013   2.2204460492503131E-014  -3.5040629832382029E-014 -0.12498420496423907       0.78539816405513951     
  -9.0594198809412774E-014   4.7073456244106637E-014  -3.7318530696864286E-014 -0.12173396250152162       0.78539816406565821     
  -9.7699626167013776E-014   5.0626169922907138E-014  -3.7236356635844332E-014 -0.11835727751717789       0.78539816407613594     
   1.9539925233402755E-014  -5.1514348342607263E-014  -3.5256390148696115E-014 -0.11485689615808573       0.78539816408655805     
  -7.2830630415410269E-014  -7.3718808835110394E-014  -3.2174442103336612E-014 -0.11123583526425468       0.78539816409691054     
  -3.3750779948604759E-014  -8.8817841970012523E-015  -3.6699540957585308E-014 -0.10749738880501157       0.78539816410717767     
  -7.4606987254810520E-014   8.2600593032111647E-014  -3.9003380930636314E-014 -0.10364513435545150       0.78539816411734664     
   1.2434497875801753E-014  -1.5099033134902129E-014  -3.3342891833584336E-014  -9.9682939610531762E-002  0.78539816412740315     
   6.0396132539608516E-014   6.4837024638109142E-014  -3.5270257129017540E-014  -9.5614968939861017E-002  0.78539816413733354     
   2.1316282072803006E-014  -3.0198066269804258E-014  -3.4681502958338146E-014  -9.1445689978983669E-002  0.78539816414712560     
  -4.9737991503207013E-014   4.9737991503207013E-014  -3.4638638163318489E-014  -8.7179880259771303E-002  0.78539816415676611     
   3.5527136788005009E-014  -5.1514348342607263E-014  -2.8615228257309593E-014  -8.2822633875605067E-002  0.78539816416624408     
  -1.4210854715202004E-013   4.6185277824406512E-014  -3.4030763699240055E-014  -7.8379368185709813E-002  0.78539816417554842     
  -3.7303493627405260E-014  -3.5527136788005009E-015  -3.4680587491641983E-014  -7.3855830554052274E-002  0.78539816418466857     
   0.0000000000000000       -5.5067062021407764E-014  -4.2954068743653207E-014  -6.9258105128386496E-002  0.78539816419359565     
  -8.8817841970012523E-014   2.1316282072803006E-014  -4.0195154743917426E-014  -6.4592619655065797E-002  0.78539816420232111     
  -6.9277916736609768E-014  -1.2434497875801753E-014  -3.1674883107439981E-014  -5.9866152331352313E-002  0.78539816421083719     
  -3.0198066269804258E-014  -7.1054273576010019E-015  -3.1927127414286873E-014  -5.5085838692132315E-002  0.78539816421913711     
  -2.6645352591003757E-014   6.5725203057809267E-014  -3.7507406343407033E-014  -5.0259178528702875E-002  0.78539816422721631     
  -8.7041485130612273E-014   6.3948846218409017E-014  -2.6779694283612139E-014  -4.5394042837323262E-002  0.78539816423507003     
  -1.5099033134902129E-013   6.2172489379008766E-014  -3.1784921821841699E-014  -4.0498680794417929E-002  0.78539816424269504     
  -1.2434497875801753E-014   3.5527136788005009E-014  -3.3842289716994644E-014  -3.5581726758217504E-002  0.78539816425008979     
   7.1054273576010019E-015   3.0198066269804258E-014  -3.2696419255186326E-014  -3.0652207294567069E-002  0.78539816425725295     
  -2.2204460492503131E-014   3.5527136788005009E-015  -3.1737475672457422E-014  -2.5719548227410377E-002  0.78539816426418474     
  -1.1013412404281553E-013   1.7763568394002505E-015  -3.3882769863584401E-014  -2.0793581712787584E-002  0.78539816427088727     
   3.6415315207705135E-014  -8.3488771451811772E-014  -2.8183752409563013E-014  -1.5884553334696006E-002  0.78539816427736264     
  -1.1901590823981678E-013   9.4146912488213275E-014  -3.3178494721057897E-014  -1.1003129220917948E-002  0.78539816428361531     
  -1.0214051826551440E-013   1.5276668818842154E-013  -3.2148332558332314E-014  -6.1604031769637293E-003  0.78539816428964959     
  -6.9277916736609768E-014   1.4743761767022079E-013  -3.7811278836465173E-014  -1.3679038357956147E-003  0.78539816429547216     
  -7.1054273576010019E-014   1.1191048088221578E-013  -3.8378412713147397E-014   3.3623981791622674E-003  0.78539816430109011     
  -1.5987211554602254E-014  -7.1054273576010019E-015  -4.0124915828465410E-014   8.0180830798164265E-003  0.78539816430651155     
  -1.5987211554602254E-014   3.3750779948604759E-014  -3.6312427369985430E-014   1.2586274730361408E-002  0.78539816431174525     
  -3.0198066269804258E-014   4.9737991503207013E-014  -3.2797231361041930E-014   1.7053633459311122E-002  0.78539816431680198     
   1.3322676295501878E-014   6.5725203057809267E-014  -3.7279333839318752E-014   2.1406348869376191E-002  0.78539816432169141     
  -1.9539925233402755E-014   3.9079850466805510E-014  -3.4542916561895919E-014   2.5630132649156319E-002  0.78539816432642506     
  -5.0626169922907138E-014   1.2612133559741778E-013  -3.0186946230221182E-014   2.9710211390615457E-002  0.78539816433101572     
  -4.4408920985006262E-015   7.6383344094210770E-014  -2.9285511915184030E-014   3.3631319414754002E-002  0.78539816433547505     
   0.0000000000000000       -7.2830630415410269E-014  -2.5859115551058648E-014   3.7377691609776650E-002  0.78539816433981602     
  -4.3520742565306136E-014   5.8619775700208265E-014  -3.9544580889219787E-014   4.0933056285054670E-002  0.78539816434405241     
  -1.7763568394002505E-014  -5.3290705182007514E-015  -3.6771946011468574E-014   4.4280628044963091E-002  0.78539816434819620     
  -3.2862601528904634E-014   5.3290705182007514E-014  -3.9966210118224709E-014   4.7403100684180813E-002  0.78539816435226151     
  -1.9984014443252818E-014   5.3290705182007514E-014  -3.4028349265858364E-014   5.0282640109525358E-002  0.78539816435626109     
   2.3536728122053319E-014   8.5265128291212022E-014  -3.6112220579348058E-014   5.2900877299493713E-002  0.78539816436020793     
   2.3092638912203256E-014   7.1054273576010019E-014  -3.7933016313077224E-014   5.5238901298844630E-002  0.78539816436411414     
  -1.7763568394002505E-015   5.5067062021407764E-014  -3.8156886477868022E-014   5.7277252256500107E-002  0.78539816436799192     
   1.8651746813702630E-014  -8.1712414612411521E-014  -3.5688537561991869E-014   5.8995914511488001E-002  0.78539816437185284     
  -3.9968028886505635E-015  -1.6875389974302379E-013  -3.5778926522238495E-014   6.0374309735093730E-002  0.78539816437570731     
  -2.2870594307278225E-014  -3.5527136788005009E-015  -3.1288197632656375E-014   6.1391290134765193E-002  0.78539816437956511     
  -3.0420110874729289E-014   9.4146912488213275E-014  -2.6671541071254321E-014   6.2025131724180449E-002  0.78539816438343601     
  -4.4630965589931293E-014   6.0396132539608516E-014  -2.7849897897839422E-014   6.2253527664691402E-002  0.78539816438732712     
  -5.0182080713057076E-014  -7.8159700933611020E-014  -3.2462158200770525E-014   6.2053581681683220E-002  0.78539816439124599     
  -7.1942451995710144E-014   6.9277916736609768E-014  -3.2472993910840937E-014   6.1401801576759757E-002  0.78539816439519849     
  -1.0125233984581428E-013  -1.0658141036401503E-013  -3.4691708566754981E-014   6.0274092839381344E-002  0.78539816439918875     
  -5.7731597280508140E-014   1.3855583347321954E-013  -2.8472391902947985E-014   5.8645752336324949E-002  0.78539816440322108     
  -5.3290705182007514E-014   1.1368683772161603E-013  -3.6427881706582863E-014   5.6491462107836385E-002  0.78539816440729771     
  -4.4853010194856324E-014   3.1974423109204508E-014  -3.5730832490711978E-014   5.3785283279285077E-002  0.78539816441141963     
  -3.0198066269804258E-014   7.9936057773011271E-014  -3.4427443457079486E-014   5.0500650103024819E-002  0.78539816441558719     
  -5.9952043329758453E-014   1.8474111129762605E-013  -3.8624064132588716E-014   4.6610364138827631E-002  0.78539816441979915     
  -3.3306690738754696E-014   4.0856207306205761E-014  -3.9248686191852285E-014   4.2086588578442510E-002  0.78539816442405319     
  -6.3060667798708891E-014   6.5725203057809267E-014  -4.3625121517478530E-014   3.6900842717324488E-002  0.78539816442834631     
  -4.5297099404706387E-014  -2.4868995751603507E-014  -3.2947503035550309E-014   3.1023996583225237E-002  0.78539816443267463     
  -4.5741188614556449E-014  -7.6383344094210770E-014  -3.4613476393504881E-014   2.4426265741205849E-002  0.78539816443703292     
  -5.5955240441107890E-014   7.4606987254810520E-014  -3.2069366326425767E-014   1.7077206292250170E-002  0.78539816444141597     
   1.2878587085651816E-014   1.4566126083082054E-013  -3.1139848137484189E-014   8.9457100657450127E-003  0.78539816444581767     
  -5.6399329650957952E-014   4.7961634663806763E-014  -2.5513919909413100E-014  -1.5246966946253486E-015  0.78539816445023169     
