 force-1force-2force-3workmass
  -3.9968028886505635E-015   1.0658141036401503E-014  -2.1490512560269842E-014   0.0000000000000000       0.78539817820995317     
  -2.2204460492503131E-015  -4.9737991503207013E-014  -1.6733289347293441E-014  -1.2773962886807391E-008  0.78539817820995295     
   2.2648549702353193E-014  -3.9079850466805510E-014  -1.6799201885110068E-014  -1.9736531670891573E-007  0.78539817820995306     
   3.5527136788005009E-015  -3.1974423109204508E-014  -2.1020645649904444E-014  -9.8123958916290430E-007  0.78539817820995306     
  -6.0396132539608516E-014  -7.1054273576010019E-014  -1.7445830552354515E-014  -3.0516812855596598E-006  0.78539817820995295     
   3.8635761256955448E-014   0.0000000000000000       -1.9368948869114606E-014  -7.3203662250553858E-006  0.78539817820995306     
  -1.1102230246251565E-014  -5.6843418860808015E-014  -1.7117194793236951E-014  -1.4867025097073730E-005  0.78539817820995295     
   1.2434497875801753E-014  -1.7763568394002505E-014  -1.8994267269296948E-014  -2.6861590031995036E-005  0.78539817820995328     
   3.4638958368304884E-014   2.8421709430404007E-014  -2.2463026045188819E-014  -4.4466929028531138E-005  0.78539817820995295     
   2.0428103653102880E-014  -2.8421709430404007E-014  -1.5720548966266323E-014  -6.8717135085199360E-005  0.78539817820995284     
   2.6645352591003757E-015   1.3855583347321954E-013  -2.1131803131295322E-014  -1.0038247697680136E-004  0.78539817820995317     
  -6.6613381477509392E-015  -1.7763568394002505E-014  -1.8290938051979659E-014  -1.3982983565444945E-004  0.78539817820995306     
   3.1974423109204508E-014  -7.1054273576010019E-014  -2.3517203375247027E-014  -1.8688836191153857E-004  0.78539817820995295     
   5.7731597280508140E-015  -1.4210854715202004E-014  -1.8262949530330318E-014  -2.4074133852754198E-004  0.78539817820995306     
   2.1316282072803006E-014   8.8817841970012523E-014  -1.7124154027990038E-014  -2.9984253811549122E-004  0.78539817820995328     
  -2.3092638912203256E-014  -4.2632564145606011E-014  -2.1176409930114535E-014  -3.6187190123206092E-004  0.78539817820995317     
   1.7763568394002505E-014   8.1712414612411521E-014  -2.0851222872509215E-014  -4.2399059858692911E-004  0.78539817820995295     
   3.9079850466805510E-014  -5.6843418860808015E-014  -1.8191042062362658E-014  -4.8382551083177294E-004  0.78539817820995284     
  -4.8849813083506888E-015   3.9079850466805510E-014  -1.8851988147115628E-014  -5.4093034427468711E-004  0.78539817820995306     
   3.9968028886505635E-014   1.1723955140041653E-013  -2.0703915580623268E-014  -5.9745226231600057E-004  0.78539817820995317     
   1.9095836023552692E-014  -4.2632564145606011E-014  -2.1435413066849784E-014  -6.5713600317066079E-004  0.78539817820995284     
  -1.7763568394002505E-014   2.1316282072803006E-014  -2.2005833313187121E-014  -7.2354652699749278E-004  0.78539817820995306     
   6.6169292267659330E-014   4.2632564145606011E-014  -2.0659914513582137E-014  -7.9917657122771657E-004  0.78539817820995284     
   1.3322676295501878E-015   4.2632564145606011E-014  -2.3701583441816644E-014  -8.8592834074729954E-004  0.78539817820995306     
   1.9095836023552692E-014  -7.1054273576010019E-015  -2.0154678138447978E-014  -9.8600596381914762E-004  0.78539817820995272     
  -6.1284310959308641E-014   1.4210854715202004E-013  -2.1195443275259950E-014  -1.1021795519272903E-003  0.78539817820995306     
  -3.9968028886505635E-015  -1.0658141036401503E-014  -2.3927554270738524E-014  -1.2372850668680435E-003  0.78539817820995295     
  -3.8635761256955448E-014  -3.5527136788005009E-015  -2.5680673392066978E-014  -1.3934378896837130E-003  0.78539817820995284     
   2.6645352591003757E-015   9.9475983006414026E-014  -2.2703724053859745E-014  -1.5713548545471800E-003  0.78539817820995284     
  -2.5757174171303632E-014   1.4210854715202004E-013  -2.3040847386950336E-014  -1.7698566544684102E-003  0.78539817820995284     
   3.3750779948604759E-014  -2.8421709430404007E-014  -2.4447838048946488E-014  -1.9854766140441071E-003  0.78539817820995272     
  -4.8849813083506888E-015   4.2632564145606011E-014  -2.6234617443227657E-014  -2.2121808885289251E-003  0.78539817820995306     
   4.2188474935755949E-014  -2.8421709430404007E-014  -2.2919396109186598E-014  -2.4414441378070029E-003  0.78539817820995306     
   1.4210854715202004E-014  -3.1974423109204508E-014  -2.3743580143874560E-014  -2.6631860154486819E-003  0.78539817820995306     
  -4.1300296516055823E-014  -7.1054273576010019E-014  -2.9052413472806650E-014  -2.8679436346044085E-003  0.78539817820995261     
  -7.0610184366159956E-014  -9.5923269327613525E-014  -2.0923580093088862E-014  -3.0497807192960136E-003  0.78539817820995284     
   3.1530333899354446E-014  -9.9475983006414026E-014  -2.4083797097481042E-014  -3.2083473372673255E-003  0.78539817820995284     
  -2.7089441800853820E-014   7.1054273576010019E-015  -2.2377252026391008E-014  -3.3485149652498492E-003  0.78539817820995284     
  -8.8817841970012523E-016  -1.0302869668521453E-013  -1.7705219669414796E-014  -3.4776497569731779E-003  0.78539817820995284     
  -5.3290705182007514E-015   2.1316282072803006E-014  -2.3181737277826576E-014  -3.6025142937301524E-003  0.78539817820995239     
  -4.1744385725905886E-014   1.4210854715202004E-014  -2.4442624823537040E-014  -3.7280387523044300E-003  0.78539817820995284     
   2.2648549702353193E-014  -5.6843418860808015E-014  -2.1149021651218296E-014  -3.8584594852688059E-003  0.78539817820995272     
  -5.7731597280508140E-015  -7.1054273576010019E-015  -2.4933460397352062E-014  -3.9993186650534862E-003  0.78539817820995272     
   3.1530333899354446E-014  -7.8159700933611020E-014  -2.4879166483518256E-014  -4.1583709360288879E-003  0.78539817820995284     
   3.2862601528904634E-014   4.2632564145606011E-014  -2.2038798574020401E-014  -4.3446187242364154E-003  0.78539817820995239     
  -4.4408920985006262E-016   3.5527136788005009E-015  -2.3338140778294778E-014  -4.5661120682749523E-003  0.78539817820995250     
  -5.7731597280508140E-015  -1.7763568394002505E-014  -2.4174927648960206E-014  -4.8276291085311840E-003  0.78539817820995250     
   9.3258734068513149E-015  -1.4210854715202004E-013  -2.2169667555742870E-014  -5.1289318341688483E-003  0.78539817820995239     
  -8.1268325402561459E-014  -6.7501559897209518E-014  -2.5233239524828833E-014  -5.4637708515705707E-003  0.78539817820995239     
  -4.0856207306205761E-014   1.4210854715202004E-013  -1.7484501137755406E-014  -5.8197703320016503E-003  0.78539817820995250     
  -1.3322676295501878E-015  -3.1974423109204508E-014  -2.2690852080614406E-014  -6.1796044534424555E-003  0.78539817820995228     
   3.7303493627405260E-014   3.1974423109204508E-014  -2.4526775075592143E-014  -6.5238456140512824E-003  0.78539817820995228     
   8.5265128291212022E-014   4.2632564145606011E-014  -1.7597662266305018E-014  -6.8351014924289411E-003  0.78539817820995217     
   6.3504757008558954E-014   1.7408297026122455E-013  -2.2829619540584336E-014  -7.1019317961578121E-003  0.78539817820995217     
  -2.6645352591003757E-014   3.9079850466805510E-014  -1.8700068048019856E-014  -7.3205906637591189E-003  0.78539817820995217     
   8.8817841970012523E-016   2.8421709430404007E-014  -2.3108615519283215E-014  -7.4936567042998004E-003  0.78539817820995184     
   3.1086244689504383E-014   9.9475983006414026E-014  -2.2018479392072396E-014  -7.6266221042463611E-003  0.78539817820995195     
   4.7961634663806763E-014  -4.6185277824406512E-014  -2.4018706629676582E-014  -7.7249355846455980E-003  0.78539817820995206     
  -5.1070259132757201E-014  -4.6185277824406512E-014  -2.1960866915142274E-014  -7.7935367885358930E-003  0.78539817820995139     
   1.8651746813702630E-014  -2.1316282072803006E-014  -2.2660525150967128E-014  -7.8388848298742708E-003  0.78539817820995161     
  -3.4194869158454821E-014  -2.8421709430404007E-014  -2.0696858242114170E-014  -7.8715546052474661E-003  0.78539817820995139     
  -4.5297099404706387E-014   3.1974423109204508E-014  -2.0312509455367421E-014  -7.9071426033673342E-003  0.78539817820995084     
   1.7763568394002505E-014  -1.4566126083082054E-013  -2.0584468585846759E-014  -7.9645016160343474E-003  0.78539817820995095     
  -3.8635761256955448E-014  -5.6843418860808015E-014  -2.1764756166145860E-014  -8.0619761141669244E-003  0.78539817820995061     
   2.5313084961453569E-014  -3.5527136788005009E-014  -2.4863517353558060E-014  -8.2131544199207651E-003  0.78539817820995039     
   1.2878587085651816E-014  -6.7501559897209518E-014  -1.9980386798850393E-014  -8.4235001736072679E-003  0.78539817820995061     
   8.4821039081361960E-014   9.9475983006414026E-014  -2.2036558134364657E-014  -8.6886730579027738E-003  0.78539817820995017     
   1.1102230246251565E-014  -1.7763568394002505E-014  -2.2689661828612297E-014  -8.9949275298848441E-003  0.78539817820995017     
   0.0000000000000000        1.0658141036401503E-014  -2.4404321710428988E-014  -9.3216455780965601E-003  0.78539817820994984     
  -4.4853010194856324E-014  -8.1712414612411521E-014  -1.6949283186814562E-014  -9.6454922548525612E-003  0.78539817820994973     
  -1.6875389974302379E-014  -5.6843418860808015E-014  -2.7841150693730319E-014  -9.9449131451111450E-003  0.78539817820994973     
  -4.5297099404706387E-014   1.4210854715202004E-014  -2.3033288794673206E-014  -1.0203299200973404E-002  0.78539817820994906     
  -3.4194869158454821E-014  -7.1054273576010019E-015  -2.3980482103362492E-014  -1.0409714645629120E-002  0.78539817820994884     
  -9.3258734068513149E-015  -1.7763568394002505E-014  -2.2435540775046624E-014  -1.0557489525367725E-002  0.78539817820994884     
  -2.4424906541753444E-014   3.1974423109204508E-014  -2.1741051602169299E-014  -1.0642277699479452E-002  0.78539817820994862     
   3.0642155479654321E-014  -4.9737991503207013E-014  -2.0612647176603234E-014  -1.0661366076957224E-002  0.78539817820994817     
   6.1284310959308641E-014   3.5527136788005009E-015  -2.5947798343592082E-014  -1.0614928872092699E-002  0.78539817820994795     
   7.2386541205560206E-014   1.0658141036401503E-014  -2.4300643003203822E-014  -1.0508398119870810E-002  0.78539817820994751     
   3.3750779948604759E-014   7.1054273576010019E-014  -2.6663483301697835E-014  -1.0354278663409655E-002  0.78539817820994728     
  -2.6645352591003757E-014   3.5527136788005009E-014  -2.5387305246006269E-014  -1.0172037559623703E-002  0.78539817820994662     
  -3.6859404417555197E-014  -9.5923269327613525E-014  -2.3967307050254497E-014  -9.9857370511200472E-003  0.78539817820994628     
  -3.4638958368304884E-014  -1.7763568394002505E-014  -2.4839193788026175E-014  -9.8201014419432298E-003  0.78539817820994595     
   3.2418512319054571E-014  -1.4210854715202004E-014  -2.4669779236096072E-014  -9.6962360749173193E-003  0.78539817820994551     
   3.4638958368304884E-014   9.2370555648813024E-014  -2.4565904312322435E-014  -9.6282159343663576E-003  0.78539817820994529     
   3.5083047578154947E-014   1.4566126083082054E-013  -2.8130555656412813E-014  -9.6213860365008674E-003  0.78539817820994451     
  -7.5495165674510645E-015   2.1316282072803006E-014  -2.5131605580801007E-014  -9.6725965187585139E-003  0.78539817820994418     
   2.7977620220553945E-014   7.1054273576010019E-015  -2.5922269305613323E-014  -9.7718981048535714E-003  0.78539817820994395     
   1.4654943925052066E-014  -7.8159700933611020E-014  -2.4003104359562029E-014  -9.9047590821370601E-003  0.78539817820994351     
   5.1958437552457326E-014   6.7501559897209518E-014  -2.2827773497932404E-014  -1.0053942395555238E-002  0.78539817820994307     
   1.2434497875801753E-014  -2.2382096176443156E-013  -2.1780452056453017E-014  -1.0200775098313519E-002  0.78539817820994262     
   7.5051076464660582E-014  -7.4606987254810520E-014  -1.8659066189456048E-014  -1.0326183878678119E-002  0.78539817820994240     
   2.0428103653102880E-014   6.7501559897209518E-014  -2.2847461087933525E-014  -1.0412013462276271E-002  0.78539817820994184     
   5.3290705182007514E-015   3.5527136788005009E-014  -2.3986831063120462E-014  -1.0442697806412271E-002  0.78539817820994151     
   2.8865798640254070E-014  -3.5527136788005009E-015  -2.4530619949455996E-014  -1.0406800674348293E-002  0.78539817820994084     
  -3.1530333899354446E-014  -1.7763568394002505E-014  -2.2643257267717476E-014  -1.0297862025256954E-002  0.78539817820994062     
  -6.3504757008558954E-014  -2.4868995751603507E-014  -2.2188519557388627E-014  -1.0114459781064955E-002  0.78539817820993973     
  -2.7977620220553945E-014  -4.2632564145606011E-014  -2.3296695366413885E-014  -9.8599343487655311E-003  0.78539817820993918     
   4.4408920985006262E-014  -8.1712414612411521E-014  -2.8031071504337562E-014  -9.5422933728024351E-003  0.78539817820993862     
  -4.8849813083506888E-015   3.5527136788005009E-014  -2.5767240403896672E-014  -9.1743728138551361E-003  0.78539817820993796     
   2.5757174171303632E-014  -6.7501559897209518E-014  -2.2139683140012822E-014  -8.7738069715463940E-003  0.78539817820993729     
   4.7073456244106637E-014  -1.3500311979441904E-013  -1.9470296942915991E-014  -8.3621858581337527E-003  0.78539817820993651     
  -4.9737991503207013E-014  -6.0396132539608516E-014  -2.2801146987684894E-014  -7.9630254810556522E-003  0.78539817820993574     
  -5.0626169922907138E-014  -9.2370555648813024E-014  -2.0662795358508761E-014  -7.5986431404533317E-003  0.78539817820993529     
  -1.9095836023552692E-014   4.6185277824406512E-014  -2.4853722006452903E-014  -7.2865285283771897E-003  0.78539817820993496     
  -2.3092638912203256E-014   9.5923269327613525E-014  -2.0120378610488254E-014  -7.0362264868033542E-003  0.78539817820993441     
   9.3258734068513149E-015  -8.5265128291212022E-014  -2.2890189709350250E-014  -6.8479025486349876E-003  0.78539817820993374     
   2.2204460492503131E-014   3.5527136788005009E-014  -2.1740635532040882E-014  -6.7133432021142525E-003  0.78539817820993341     
   1.8651746813702630E-014   4.6185277824406512E-014  -2.2624022664356756E-014  -6.6190823108300822E-003  0.78539817820993285     
   1.1546319456101628E-014   0.0000000000000000       -2.6335995861830548E-014  -6.5501588648515519E-003  0.78539817820993219     
   1.5987211554602254E-014   6.0396132539608516E-014  -1.6819694547803648E-014  -6.4925875519592502E-003  0.78539817820993152     
  -2.1760371282653068E-014   7.4606987254810520E-014  -2.0385123248998829E-014  -6.4334676875497099E-003  0.78539817820993107     
  -1.2434497875801753E-014   4.2632564145606011E-014  -2.5798612996779414E-014  -6.3593046235090878E-003  0.78539817820993074     
  -1.1546319456101628E-014   7.8159700933611020E-014  -2.4747397112214975E-014  -6.2544012580718622E-003  0.78539817820993008     
   2.3092638912203256E-014   6.3948846218409017E-014  -2.3064181010858926E-014  -6.1011616396393631E-003  0.78539817820992941     
   7.9491968563161208E-014   1.4210854715202004E-014  -1.7316567003838097E-014  -5.8828777090114137E-003  0.78539817820992885     
   4.3964831775156199E-014   8.1712414612411521E-014  -2.0732074240706412E-014  -5.5879527238757998E-003  0.78539817820992819     
   1.3322676295501878E-014   1.5276668818842154E-013  -1.6807770971303446E-014  -5.2135696454809199E-003  0.78539817820992752     
  -1.4210854715202004E-014  -1.4210854715202004E-014  -2.3639561515236300E-014  -4.7670083417430398E-003  0.78539817820992686     
  -4.8849813083506888E-014   3.9079850466805510E-014  -1.6302320490663307E-014  -4.2639480690025433E-003  0.78539817820992641     
  -3.9079850466805510E-014  -1.1368683772161603E-013  -2.3763772948175045E-014  -3.7245417552631555E-003  0.78539817820992575     
   1.5987211554602254E-014  -8.8817841970012523E-014  -2.5120712179399916E-014  -3.1690799793810953E-003  0.78539817820992508     
   5.7287508070658077E-014  -1.0658141036401503E-013  -1.6966522821447219E-014  -2.6150994495621749E-003  0.78539817820992441     
   1.0258460747536446E-013   6.0396132539608516E-014  -2.0342816640417524E-014  -2.0767496127049867E-003  0.78539817820992397     
   1.0658141036401503E-013  -5.3290705182007514E-014  -1.9734095180464011E-014  -1.5657297091076217E-003  0.78539817820992308     
   3.1530333899354446E-014   5.6843418860808015E-014  -2.4728145861410886E-014  -1.0921861289818757E-003  0.78539817820992264     
   8.8817841970012523E-016  -9.2370555648813024E-014  -2.3670007251338939E-014  -6.6430625272806409E-004  0.78539817820992175     
  -2.2204460492503131E-014  -8.5265128291212022E-014  -1.7226727653242342E-014  -2.8666724149783995E-004  0.78539817820992142     
  -3.1086244689504383E-014   5.6843418860808015E-014  -2.1227556339941968E-014   4.1397775134788262E-005  0.78539817820992064     
  -1.4210854715202004E-014  -1.4210854715202004E-013  -2.7201819449667857E-014   3.2604144987313788E-004  0.78539817820992019     
  -1.5987211554602254E-014  -4.9737991503207013E-014  -2.4841555708852930E-014   5.7739016042157587E-004  0.78539817820991997     
   4.2632564145606011E-014  -6.3948846218409017E-014  -2.3240435242975263E-014   8.0717951742492744E-004  0.78539817820991920     
   5.0182080713057076E-014   1.2789769243681803E-013  -2.4078819247537933E-014   1.0269543348022658E-003  0.78539817820991886     
   2.3536728122053319E-014   2.8421709430404007E-014  -2.8946355907674527E-014   1.2476795907487848E-003  0.78539817820991842     
   1.6431300764452317E-014   1.5987211554602254E-013  -2.7578959500785272E-014   1.4804400577381749E-003  0.78539817820991809     
   9.3258734068513149E-015   4.2632564145606011E-014  -2.1146154636345717E-014   1.7370183188123445E-003  0.78539817820991753     
   2.2648549702353193E-014   1.1013412404281553E-013  -2.3938503558537384E-014   2.0291892453907501E-003  0.78539817820991720     
  -1.6431300764452317E-014  -6.7501559897209518E-014  -2.2887371251648368E-014   2.3665607827962898E-003  0.78539817820991686     
  -2.3092638912203256E-014  -9.2370555648813024E-014  -2.3286923806790653E-014   2.7540425524765766E-003  0.78539817820991620     
  -3.5527136788005009E-015   1.0302869668521453E-013  -2.2947027373754413E-014   3.1905722377651990E-003  0.78539817820991598     
   4.4408920985006262E-015   6.3948846218409017E-014  -1.9715927559972981E-014   3.6700438080716768E-003  0.78539817820991509     
   2.6201263381153694E-014   1.3145040611561853E-013  -2.3883191226928254E-014   4.1838774479745489E-003  0.78539817820991487     
   3.9079850466805510E-014   9.5923269327613525E-014  -1.8011268875593037E-014   4.7234968078055939E-003  0.78539817820991464     
   6.6613381477509392E-015  -7.1054273576010019E-014  -2.5857636101840327E-014   5.2811067413638391E-003  0.78539817820991387     
  -1.0214051826551440E-014  -1.0658141036401503E-013  -2.4708384426918462E-014   5.8485399907906022E-003  0.78539817820991364     
  -5.7731597280508140E-014  -1.2789769243681803E-013  -2.5509012973253855E-014   6.4154893287433623E-003  0.78539817820991309     
  -1.1102230246251565E-014  -1.4210854715202004E-013  -2.5767930148158933E-014   6.9689507495538372E-003  0.78539817820991287     
   1.3322676295501878E-014  -1.7763568394002505E-013  -2.6809975043235017E-014   7.4948030644619301E-003  0.78539817820991231     
   3.3306690738754696E-014  -7.8159700933611020E-014  -2.2604888651334745E-014   7.9808599600825758E-003  0.78539817820991198     
   1.2878587085651816E-014  -2.8421709430404007E-014  -1.8651685094336497E-014   8.4196525878383888E-003  0.78539817820991187     
   1.3766765505351941E-014  -1.5276668818842154E-013  -1.8327564526597268E-014   8.8094012879182948E-003  0.78539817820991153     
  -6.7501559897209518E-014   1.7763568394002505E-014  -2.0570284583447764E-014   9.1529147469755490E-003  0.78539817820991153     
  -5.8619775700208265E-014   4.9737991503207013E-014  -2.0834990046323385E-014   9.4555239788096657E-003  0.78539817820991142     
  -2.6645352591003757E-015  -1.7408297026122455E-013  -2.4042806387490364E-014   9.7235814266956044E-003  0.78539817820991098     
   8.8817841970012523E-016   5.6843418860808015E-014  -2.2069022399459548E-014   9.9642526471237503E-003  0.78539817820991142     
   5.9952043329758453E-014  -1.2079226507921703E-013  -2.7772751638149128E-014   1.0186019556742476E-002  0.78539817820991098     
   6.3948846218409017E-014  -1.7763568394002505E-014  -2.3989343473755269E-014   1.0398639800418108E-002  0.78539817820991087     
   3.9968028886505635E-014   8.1712414612411521E-014  -1.9418905817780368E-014   1.0611846278751669E-002  0.78539817820991109     
   3.3306690738754696E-014   4.6185277824406512E-014  -2.2757524746846158E-014   1.0833321596332324E-002  0.78539817820991087     
   9.3258734068513149E-015   8.1712414612411521E-014  -2.8168029696613041E-014   1.1067301336040947E-002  0.78539817820991109     
   6.3504757008558954E-014   3.9079850466805510E-014  -2.4454318330080549E-014   1.1314792581047950E-002  0.78539817820991087     
   2.5757174171303632E-014   1.0658141036401503E-013  -2.3656397201903019E-014   1.1575144861705189E-002  0.78539817820991098     
   3.1086244689504383E-015  -1.4210854715202004E-014  -2.2298150982721499E-014   1.1847657997283045E-002  0.78539817820991131     
  -1.9539925233402755E-014   7.1054273576010019E-014  -2.5863948430339495E-014   1.2131951564226862E-002  0.78539817820991120     
   1.4210854715202004E-014  -3.1974423109204508E-014  -2.2502120660775143E-014   1.2426905778095465E-002  0.78539817820991131     
   2.7977620220553945E-014  -9.5923269327613525E-014  -2.4752777629072068E-014   1.2729186393194203E-002  0.78539817820991120     
   5.9952043329758453E-014   7.1054273576010019E-015  -2.0876354971069191E-014   1.3032682244138671E-002  0.78539817820991142     
   4.6185277824406512E-014   4.2632564145606011E-014  -2.5530830165879710E-014   1.3329380739250052E-002  0.78539817820991153     
   1.1990408665951691E-014  -3.5527136788005009E-015  -2.8491863165042663E-014   1.3611008597947949E-002  0.78539817820991187     
   4.4408920985006262E-015  -8.8817841970012523E-014  -2.5050044160054718E-014   1.3870214099851452E-002  0.78539817820991187     
  -3.9968028886505635E-015  -1.7763568394002505E-014  -2.9530942946058791E-014   1.4100605853089254E-002  0.78539817820991220     
   2.4868995751603507E-014  -1.1723955140041653E-013  -3.0213774886903511E-014   1.4296057217920599E-002  0.78539817820991220     
   3.9968028886505635E-014  -5.3290705182007514E-014  -2.7641981898345799E-014   1.4450328945080249E-002  0.78539817820991242     
   5.8175686490358203E-014  -4.6185277824406512E-014  -2.8424359602221386E-014   1.4557699417400816E-002  0.78539817820991287     
   5.7287508070658077E-014  -1.7763568394002505E-013  -2.4091689812162067E-014   1.4614298625393762E-002  0.78539817820991342     
   3.6415315207705135E-014  -8.5265128291212022E-014  -2.9147065170079136E-014   1.4619140968112343E-002  0.78539817820991342     
   1.9539925233402755E-014  -2.1316282072803006E-014  -2.7695922334195710E-014   1.4574052389981773E-002  0.78539817820991398     
  -3.9968028886505635E-015  -1.4210854715202004E-014  -2.7847149918143474E-014   1.4482562973585855E-002  0.78539817820991464     
  -5.7731597280508140E-015  -3.9079850466805510E-014  -2.9844936012345594E-014   1.4348584203048187E-002  0.78539817820991531     
   1.3322676295501878E-015  -1.6342482922482304E-013  -2.5970092921028818E-014   1.4175683014270635E-002  0.78539817820991598     
   3.1086244689504383E-015   1.4210854715202004E-014  -2.8143079212016145E-014   1.3967090728803644E-002  0.78539817820991642     
   2.8421709430404007E-014   0.0000000000000000       -2.9186103378869560E-014   1.3725912979043242E-002  0.78539817820991686     
  -6.6613381477509392E-015   1.7408297026122455E-013  -3.2049487103188772E-014   1.3454939894079532E-002  0.78539817820991775     
  -2.0872192862952943E-014   1.4921397450962104E-013  -2.9974267156638032E-014   1.3155988565975774E-002  0.78539817820991831     
  -2.0872192862952943E-014   1.3855583347321954E-013  -3.1194000226672823E-014   1.2829278836776536E-002  0.78539817820991875     
  -1.4654943925052066E-014   1.4921397450962104E-013  -2.8730785766051401E-014   1.2473392648067905E-002  0.78539817820991975     
  -1.9539925233402755E-014   7.1054273576010019E-014  -2.7140247563457632E-014   1.2085870948798205E-002  0.78539817820992019     
  -4.4408920985006262E-016   2.1316282072803006E-014  -2.3509986194624577E-014   1.1663955451129415E-002  0.78539817820992075     
  -1.3322676295501878E-015   3.5527136788005009E-014  -2.3488442912085799E-014   1.1204899342183272E-002  0.78539817820992175     
   1.7763568394002505E-015   4.9737991503207013E-014  -2.6881793074694627E-014   1.0705699977848426E-002  0.78539817820992264     
  -1.0214051826551440E-014   1.4210854715202004E-014  -2.9456799920064254E-014   1.0162621383729697E-002  0.78539817820992319     
   3.5527136788005009E-015  -1.2079226507921703E-013  -2.5828462348925606E-014   9.5710102779242856E-003  0.78539817820992397     
   1.3766765505351941E-014   7.1054273576010019E-015  -2.5944590671574594E-014   8.9255953428095669E-003  0.78539817820992486     
   3.9968028886505635E-015   5.6843418860808015E-014  -2.6383575744140618E-014   8.2210402195902477E-003  0.78539817820992530     
   2.2204460492503131E-015   0.0000000000000000       -2.5711680566805464E-014   7.4523861595693908E-003  0.78539817820992608     
  -1.7763568394002505E-015  -8.8817841970012523E-014  -2.5080851404856121E-014   6.6152345175289340E-003  0.78539817820992730     
   1.0658141036401503E-014  -6.3948846218409017E-014  -2.5882110599683671E-014   5.7058046905617554E-003  0.78539817820992797     
   4.4408920985006262E-016  -1.7763568394002505E-013  -2.6434304025059488E-014   4.7210588435072642E-003  0.78539817820992897     
   1.7763568394002505E-015  -1.2434497875801753E-013  -2.9846076924610450E-014   3.6588913425500136E-003  0.78539817820992974     
  -1.8651746813702630E-014   2.4868995751603507E-014  -2.3613515792563129E-014   2.5181866376018103E-003  0.78539817820993096     
  -2.3092638912203256E-014   6.3948846218409017E-014  -2.1582422346815550E-014   1.2985822942306463E-003  0.78539817820993174     
   1.7763568394002505E-014   1.7053025658242404E-013  -2.5526708718965764E-014  -2.1789043663259339E-016  0.78539817820993274     
