 force-1force-2force-3workmass
  -3.9968028886505635E-015   1.0658141036401503E-014  -2.1490512560269842E-014   0.0000000000000000       0.78539817820995317     
   4.4408920985006262E-015  -1.4210854715202004E-014  -2.3840997631690022E-014  -8.1644301923335653E-007  0.78539817820990865     
   1.7763568394002505E-014   7.1054273576010019E-015  -2.1702918186311802E-014  -8.5798056380393217E-006  0.78539817821044400     
   8.8817841970012523E-016  -3.9079850466805510E-014  -2.6073253843749352E-014  -3.3964107622310818E-005  0.78539817821005675     
  -2.3980817331903381E-014  -7.1054273576010019E-015  -2.2674847850169040E-014  -8.9820484966957439E-005  0.78539817821097180     
   1.5543122344752192E-014  -2.4868995751603507E-014  -2.6588382913712985E-014  -1.9026900044871731E-004  0.78539817820978741     
  -1.4654943925052066E-014  -3.5527136788005009E-015  -2.4597619641805649E-014  -3.5019460340829421E-004  0.78539817821081737     
   5.7731597280508140E-015   3.1974423109204508E-014  -2.7575900034613327E-014  -5.8490092092447368E-004  0.78539817821051938     
  -1.7763568394002505E-015  -7.1054273576010019E-015  -2.3996661254314200E-014  -9.0985813469282237E-004  0.78539817821241253     
   3.5083047578154947E-014  -3.5527136788005009E-014  -2.8978522307516845E-014  -1.3405091749801429E-003  0.78539817821192048     
   1.4210854715202004E-014   2.4868995751603507E-014  -2.2794949764785999E-014  -1.8921173011243529E-003  0.78539817821490410     
   2.2204460492503131E-014   4.9737991503207013E-014  -2.5082732774870198E-014  -2.5796429749641225E-003  0.78539817821417335     
   2.0428103653102880E-014   3.5527136788005009E-014  -2.5946109051396048E-014  -3.4176441781775171E-003  0.78539817821845959     
   3.8635761256955448E-014   1.7763568394002505E-014  -2.8376228184272176E-014  -4.4201932788901551E-003  0.78539817821744995     
  -8.8817841970012523E-016   2.1316282072803006E-014  -2.1375305928215944E-014  -5.6008095033780163E-003  0.78539817822323832     
   3.5083047578154947E-014  -2.4868995751603507E-014  -2.3242334629356083E-014  -6.9724010059536053E-003  0.78539817822190927     
   3.1974423109204508E-014   3.1974423109204508E-014  -2.5967364509612952E-014  -8.5472189598808524E-003  0.78539817822939140     
   2.3980817331903381E-014   5.3290705182007514E-014  -2.6433565095011316E-014  -1.0336816670533218E-002  0.78539817822770142     
   1.6875389974302379E-014   1.4210854715202004E-014  -2.8753900672721416E-014  -1.2352019323733768E-002  0.78539817823706504     
  -1.6875389974302379E-014  -5.6843418860808015E-014  -3.0857252107172727E-014  -1.4602895169273166E-002  0.78539817823497360     
   4.8849813083506888E-015  -8.8817841970012523E-014  -3.0335283144041695E-014  -1.7098737292142504E-002  0.78539817824640523     
   3.3306690738754696E-014   1.4210854715202004E-014  -3.2475229104178926E-014  -1.9848043570643754E-002  0.78539817824386715     
   2.4868995751603507E-014  -1.0658141036401503E-014  -2.6674719143875949E-014  -2.2858508123766001E-002  0.78539817825755931     
  -3.1974423109204508E-014   1.4210854715202004E-014  -2.8582035799466026E-014  -2.6137007697998708E-002  0.78539817825452773     
   5.7731597280508140E-015  -1.0658141036401503E-014  -2.3179628509186625E-014  -2.9689601216617314E-002  0.78539817827068092     
   1.3322676295501878E-014  -4.2632564145606011E-014  -2.8184983926249490E-014  -3.3521520823166159E-002  0.78539817826710423     
  -4.4408920985006262E-015   3.5527136788005009E-015  -2.6739184947878884E-014  -3.7637178449816122E-002  0.78539817828593250     
   2.0872192862952943E-014   3.5527136788005009E-015  -2.8716726575538577E-014  -4.2040160100295439E-002  0.78539817828175351     
   4.5741188614556449E-014  -2.1316282072803006E-014  -2.6102565494769173E-014  -4.6733238676033295E-002  0.78539817830348979     
   1.6431300764452317E-014   1.7763568394002505E-014  -2.8159017144798963E-014  -5.1718370303440231E-002  0.78539817829864389     
   2.0428103653102880E-014  -3.5527136788005009E-015  -2.9860789240010465E-014  -5.6996712877179626E-002  0.78539817832354242     
   9.3258734068513149E-015   6.3948846218409017E-014  -2.6630059088212340E-014  -6.2568623384439789E-002  0.78539817831795800     
   1.3766765505351941E-014  -6.7501559897209518E-014  -2.8510453776713599E-014  -6.8433681787202688E-002  0.78539817834630332     
   3.9968028886505635E-015  -3.5527136788005009E-015  -2.6624359810649318E-014  -7.4590688403262190E-002  0.78539817833989833     
   3.3750779948604759E-014   2.1316282072803006E-014  -2.4641258676901686E-014  -8.1037692875920830E-002  0.78539817837200898     
   1.1102230246251565E-014   2.4868995751603507E-014  -2.9415068944407824E-014  -8.7771990759995949E-002  0.78539817836469084     
  -5.7731597280508140E-015   0.0000000000000000       -2.5698592215661904E-014  -9.4790157429654714E-002  0.78539817840092596     
   1.5099033134902129E-014  -3.5527136788005009E-014  -1.8978440004680563E-014 -0.10208804310057282       0.78539817839258896     
   4.6629367034256575E-014   2.8421709430404007E-014  -2.1191321258295980E-014 -0.10966081160712768       0.78539817843335724     
   1.3766765505351941E-014   2.8421709430404007E-014  -2.5624876307173082E-014 -0.11750293317555288       0.78539817842388127     
   1.2656542480726785E-014  -7.1054273576010019E-015  -2.4798392409837138E-014 -0.12560822805503657       0.78539817846964866     
  -4.2188474935755949E-015   2.8421709430404007E-014  -2.0386664701493361E-014 -0.13396985644323170       0.78539817845889659     
   7.9936057773011271E-015   2.4868995751603507E-014  -1.9748014914545332E-014 -0.14258036697556620       0.78539817851019422     
   7.5495165674510645E-015   6.0396132539608516E-014  -2.4058038829461645E-014 -0.15143168329999962       0.78539817849801097     
  -3.5305092183079978E-014  -1.0658141036401503E-014  -2.4396485034468022E-014 -0.16051515741027483       0.78539817855544480     
   2.0206059048177849E-014   6.7501559897209518E-014  -2.5702938546530757E-014 -0.16982155247980080       0.78539817854165395     
   5.7731597280508140E-014   1.4210854715202004E-014  -2.2072112353770390E-014 -0.17934110096918715       0.78539817860591610     
  -3.5527136788005009E-015  -2.1316282072803006E-014  -2.6209239432864306E-014 -0.18906348347147420       0.78539817859031813     
   8.3710816056736803E-014   2.1316282072803006E-014  -2.5823013092171459E-014 -0.19897789142823497       0.78539817866219552     
   7.1054273576010019E-014   6.3948846218409017E-014  -2.5716194872052700E-014 -0.20907300192252820       0.78539817864456618     
   4.0190073491430667E-014  -6.7501559897209518E-014  -2.7764142717111313E-014 -0.21933704469982201       0.78539817872495332     
   1.1102230246251565E-013  -4.2632564145606011E-014  -2.3950703088113423E-014 -0.22975777307441431       0.78539817870503970     
  -6.3060667798708891E-014   2.4868995751603507E-014  -2.2803096139149257E-014 -0.24032253476395932       0.78539817879494966     
  -9.5923269327613525E-014  -1.7763568394002505E-014  -2.4177353569779876E-014 -0.25101823935532008       0.78539817877246842     
   8.2156503822261584E-014  -2.1316282072803006E-014  -2.2861916821484048E-014 -0.26183143221168415       0.78539817887304586     
  -3.9079850466805510E-014  -8.5265128291212022E-014  -1.7444745548930388E-014 -0.27274825927676127       0.78539817884768082     
   1.5987211554602254E-014  -3.5527136788005009E-014  -1.6398853375712149E-014 -0.28375454299665703       0.78539817896021358     
   1.8429702208777599E-014   1.2789769243681803E-013  -1.8686878132760763E-014 -0.29483574562663073       0.78539817893161290     
   2.8865798640254070E-015  -7.1054273576010019E-014  -1.5934989447429169E-014 -0.30597703904722640       0.78539817890078234     
  -1.1746159600534156E-013  -1.1723955140041653E-013  -1.9205714224856868E-014 -0.31716329598540227       0.78539817886805918     
   1.0658141036401503E-014   4.6185277824406512E-014  -2.1858950732365383E-014 -0.32837911560711563       0.78539817883333474     
   3.0420110874729289E-014   0.0000000000000000       -2.0231652654190985E-014 -0.33960884436671157       0.78539817879649387     
  -3.3972824553529790E-014  -6.7501559897209518E-014  -2.5140505719233048E-014 -0.35083659543098589       0.78539817875741746     
   6.5947247662734299E-014   4.2632564145606011E-014  -2.2842090630487479E-014 -0.36204626809401219       0.78539817871598083     
  -9.5035090907913400E-014   4.2632564145606011E-014  -2.2832572796465947E-014 -0.37322156716573479       0.78539817867205286     
   3.2418512319054571E-014  -7.1054273576010019E-015  -2.3565069738905337E-014 -0.38434602229903747       0.78539817862549732     
   1.1901590823981678E-013   1.7763568394002505E-014  -2.1187085650994440E-014 -0.39540300725313171       0.78539817857617289     
   7.1054273576010019E-015   2.1316282072803006E-014  -2.7162322416841754E-014 -0.40637575909660906       0.78539817852393146     
   1.2434497875801753E-014   5.6843418860808015E-014  -1.8552998842939652E-014 -0.41724739735215222       0.78539817846861992     
   1.5099033134902129E-013   7.1054273576010019E-015  -2.2986686076813521E-014 -0.42800093691565122       0.78539817850634497     
  -9.5035090907913400E-014  -7.1054273576010019E-014  -2.2758716203187291E-014 -0.43861934479996667       0.78539817850731930     
   1.2656542480726785E-013  -3.1974423109204508E-014  -2.3970407250613657E-014 -0.44908547110240088       0.78539817850734472     
   3.0642155479654321E-014  -4.2632564145606011E-014  -2.2813968919155374E-014 -0.45938216782993635       0.78539817850737115     
  -3.4194869158454821E-014   6.3948846218409017E-014  -1.9451266910470369E-014 -0.46949225246106124       0.78539817850739935     
   9.8587804586713901E-014  -5.3290705182007514E-014  -1.5190941022355766E-014 -0.47939853909760421       0.78539817850742921     
   3.1086244689504383E-014   5.3290705182007514E-014  -1.9643346942315905E-014 -0.48908385737875404       0.78539817850746063     
   8.7929663550312398E-014  -4.6185277824406512E-014  -1.6149796083220668E-014 -0.49853107142816172       0.78539817850749427     
  -1.0569323194431490E-013  -2.4868995751603507E-014  -1.4425918042952550E-014 -0.50772309882064992       0.78539817850752991     
   1.2168044349891716E-013   8.8817841970012523E-015  -1.7837231053586784E-014 -0.51664292956564195       0.78539817850756666     
  -6.2172489379008766E-015  -1.6697754290362354E-013  -1.8288651689645667E-014 -0.52527364511645658       0.78539817850760607     
   5.5067062021407764E-014  -1.5454304502782179E-013  -1.9556756355737940E-014 -0.53359843740905766       0.78539817850764759     
   9.1482377229112899E-014   5.1514348342607263E-014  -1.7813409509841305E-014 -0.54160062794194475       0.78539817850769111     
   1.2523315717771766E-013  -6.3948846218409017E-014  -2.1250830091655893E-014 -0.54926368690650262       0.78539817850773708     
  -5.1514348342607263E-014   7.1054273576010019E-014  -1.2504440664443233E-014 -0.55657125237547778       0.78539817850778570     
   9.5035090907913400E-014   3.9079850466805510E-014  -1.8408938351063420E-014 -0.56350714956315229       0.78539817850783677     
   1.2700951401711791E-013  -3.9079850466805510E-014  -1.7845166304007174E-014 -0.57005541016425343       0.78539817850789062     
  -2.3980817331903381E-014  -7.1054273576010019E-015  -1.6123404029669574E-014 -0.57620029178517007       0.78539817850794724     
   2.1227464230832993E-013  -1.0658141036401503E-014  -1.3737084388483168E-014 -0.58192629746986646       0.78539817850800664     
   0.0000000000000000        1.9007018181582680E-013  -1.7727382844770221E-014 -0.58721819533140096       0.78539817850806892     
  -1.1013412404281553E-013  -8.8817841970012523E-015  -1.8363474473945489E-014 -0.59206103829234369       0.78539817850813465     
  -5.8619775700208265E-014  -4.6185277824406512E-014  -2.0318105635146110E-014 -0.59644018394283727       0.78539817850820337     
   1.0658141036401503E-013  -3.1974423109204508E-014  -1.9189538116535136E-014 -0.60034131451922446       0.78539817850827565     
  -1.3677947663381929E-013   5.3290705182007514E-014  -1.7258464535589020E-014 -0.60375045700898133       0.78539817850835103     
   6.7501559897209518E-014   0.0000000000000000       -1.4152687129175920E-014 -0.60665400338977116       0.78539817850843008     
  -1.4033219031261979E-013   1.4210854715202004E-014  -1.9777868157317044E-014 -0.60903873100099204       0.78539817850851334     
  -1.1546319456101628E-013  -6.0396132539608516E-014  -1.5108328750610062E-014 -0.61089182305790013       0.78539817850859928     
  -2.0428103653102880E-013   1.1013412404281553E-013  -1.8017755390654301E-014 -0.61220088930553329       0.78539817850868965     
  -4.7961634663806763E-014  -4.6185277824406512E-014  -1.6820611993416648E-014 -0.61295398682367819       0.78539817850878413     
  -1.9539925233402755E-014   2.2204460492503131E-013  -1.4353937161845207E-014 -0.61313964097807983       0.78539817850888261     
   2.6645352591003757E-013   5.6843418860808015E-014  -1.4187348216010882E-014 -0.61274686652450572       0.78539817850898552     
  -1.1901590823981678E-013   2.1316282072803006E-014  -1.8545336962936466E-014 -0.61176518886953679       0.78539817850909199     
   1.5809575870662229E-013  -1.4033219031261979E-013  -1.7441765553958888E-014 -0.61018466547965156       0.78539817850920302     
   6.3948846218409017E-014   8.3488771451811772E-014  -2.2254533357606875E-014 -0.60799590745316523       0.78539817850931870     
   6.2172489379008766E-014   2.3092638912203256E-014  -2.0518694736789736E-014 -0.60519010123909678       0.78539817850943827     
  -1.6875389974302379E-013  -4.6185277824406512E-014  -1.9615020400749377E-014 -0.60175903051016699       0.78539817850956306     
  -3.1974423109204508E-014  -2.3092638912203256E-014  -2.3296993507008241E-014 -0.59769509818226974       0.78539817850969174     
   1.1013412404281553E-013  -2.4158453015843406E-013  -2.6372136399059040E-014 -0.59299134857946312       0.78539817850982530     
   3.3750779948604759E-014  -9.7699626167013776E-014  -2.2221741322101413E-014 -0.58764148973410379       0.78539817850996307     
   6.0396132539608516E-014  -6.3948846218409017E-014  -1.9176658939969404E-014 -0.58163991582391161       0.78539817851010596     
   3.1974423109204508E-014  -9.9475983006414026E-014  -2.2227233951286280E-014 -0.57498172973077355       0.78539817851025373     
   1.5631940186722204E-013   7.2830630415410269E-014  -2.1532461750729568E-014 -0.56766276572297159       0.78539817851040550     
  -5.8619775700208265E-014  -6.5725203057809267E-014  -1.8709403016056264E-014 -0.55967961224399265       0.78539817851056215     
   7.1054273576010019E-015   1.2434497875801753E-013  -2.2272373223683253E-014 -0.55102963481049472       0.78539817851072358     
   6.9277916736609768E-014  -5.5955240441107890E-014  -1.9852174043749846E-014 -0.54171099899829167       0.78539817851088900     
   4.4408920985006262E-014   5.5955240441107890E-014  -1.8446401553504069E-014 -0.53172269350898005       0.78539817851105953     
  -3.3750779948604759E-013  -1.8296475445822580E-013  -1.7343103850704980E-014 -0.52106455332161117       0.78539817851123461     
  -9.2370555648813024E-014  -6.3948846218409017E-014  -1.9628953216329424E-014 -0.50973728289114129       0.78539817851141391     
  -1.8829382497642655E-013  -9.6811447747313650E-014  -2.2007279517156885E-014 -0.49774247940939903       0.78539817851159743     
   9.2370555648813024E-014   1.8296475445822580E-013  -2.1813328626776928E-014 -0.48508265608891965       0.78539817851178484     
  -2.4868995751603507E-014  -7.1054273576010019E-014  -2.7340673283285617E-014 -0.47176126547431485       0.78539817851197702     
   6.7501559897209518E-014   5.2402526762307389E-014  -2.2876738296833165E-014 -0.45778272275653475       0.78539817851217353     
  -7.4606987254810520E-014   9.7699626167013776E-014  -2.4632136598350768E-014 -0.44315242907351859       0.78539817851237315     
   3.5527136788005009E-014   1.7763568394002505E-014  -2.3368382426492073E-014 -0.42787679478977370       0.78539817851257676     
  -2.7355895326763857E-013  -9.8587804586713901E-014  -2.7200370636951538E-014 -0.41196326271843337       0.78539817851278415     
  -1.7053025658242404E-013   1.3367085216486885E-013  -2.2402479880343716E-014 -0.39542033129237536       0.78539817851299443     
  -1.1013412404281553E-013  -9.3702823278363212E-014  -2.7981533233036649E-014 -0.37825757764478846       0.78539817851320837     
  -3.1974423109204508E-014   3.2862601528904634E-014  -2.6528938143618360E-014 -0.36048568059111463       0.78539817851342497     
  -5.3290705182007514E-014  -2.3314683517128287E-013  -1.9560150092607019E-014 -0.34211644348980741       0.78539817851364413     
   2.5224267119483557E-013   5.7065463465733046E-014  -1.9800498713392820E-014 -0.32316281696615379       0.78539817851386662     
  -7.4606987254810520E-014   1.6187051699034782E-013  -2.3304198308709918E-014 -0.30363892146532834       0.78539817851409077     
  -6.3948846218409017E-014  -9.5923269327613525E-014  -1.8514908832208949E-014 -0.28356006963540792       0.78539817851431726     
  -8.8817841970012523E-014  -1.5543122344752192E-015  -1.9351798645909536E-014 -0.26294278850190289       0.78539817851454552     
   3.5527136788005009E-014   2.3070434451710753E-013  -1.6235457332326478E-014 -0.24180484141593700       0.78539817851477522     
   1.3145040611561853E-013   1.5787371410169726E-013  -2.1388949542684444E-014 -0.22016524976589236       0.78539817851500637     
   7.1054273576010019E-015  -1.0680345496894006E-013  -1.8803131962783155E-014 -0.19804431441273102       0.78539817851523863     
  -1.5631940186722204E-013  -5.5511151231257827E-014  -2.6153306761807781E-014 -0.17546363684878599       0.78539817851547100     
  -2.1316282072803006E-013   1.8340884366807586E-013  -2.7056292991663389E-014 -0.15244614003385984       0.78539817851570404     
   5.3290705182007514E-014  -9.2814644858663087E-014  -2.5799226716958813E-014 -0.12901608890864702       0.78539817851593763     
  -2.7000623958883807E-013   1.7008616737257398E-013  -2.5364931366695776E-014 -0.10519911055886816       0.78539817851617078     
  -7.8159700933611020E-014   2.6645352591003757E-015  -2.4297082114385077E-014  -8.1022214008660429E-002  0.78539817851640303     
  -2.1316282072803006E-013   4.9737991503207013E-014  -2.2634721662366576E-014  -5.6513809616120007E-002  0.78539817851663463     
   7.1054273576010019E-015  -2.4424906541753444E-013  -2.4145182124631039E-014  -3.1703728057861216E-002  0.78539817851686544     
  -6.0396132539608516E-014  -1.8651746813702630E-013  -2.5474427874755099E-014  -6.6232388877436659E-003  0.78539817851709515     
   1.3855583347321954E-013  -3.5527136788005009E-015  -2.3242424668694932E-014   1.8694931353083248E-002  0.78539817851732285     
  -1.5987211554602254E-014  -6.2172489379008766E-015  -2.6790904030504043E-014   4.4216581493241022E-002  0.78539817851754834     
   3.0198066269804258E-014   2.5934809855243657E-013  -2.9768012253510752E-014   6.9906018562426134E-002  0.78539817851777216     
   6.7501559897209518E-014  -4.1744385725905886E-014  -2.7806310849520325E-014   9.5726041119502725E-002  0.78539817851799287     
  -7.8159700933611020E-014  -7.0166095156309893E-014  -2.5665879891871356E-014  0.12163792308191407       0.78539817851821137     
   5.6843418860808015E-014   5.3290705182007514E-015  -2.9838873706153891E-014  0.14760139806777522       0.78539817851842630     
  -1.9539925233402755E-014  -1.2434497875801753E-014  -2.6551030048261161E-014  0.17357464426674607       0.78539817851863825     
   6.5725203057809267E-014   6.2172489379008766E-014  -2.9059096866326929E-014  0.19951426984293250       0.78539817851884675     
  -5.5067062021407764E-014  -2.1316282072803006E-014  -2.7679736928587668E-014  0.22537529886676516       0.78539817851905169     
   2.6645352591003757E-014   1.0302869668521453E-013  -3.2655841512789061E-014  0.25111115779599064       0.78539817851925275     
  -7.8159700933611020E-014   4.4408920985006262E-014  -2.5792774146789308E-014  0.27667366248985920       0.78539817851944926     
   3.9079850466805510E-014   6.2172489379008766E-014  -2.3034534359861661E-014  0.30201300575921486       0.78539817851964200     
   1.4210854715202004E-014  -1.0302869668521453E-013  -2.4447962147167429E-014  0.32707774544697221       0.78539817851982985     
   2.3803181647963356E-013  -4.4408920985006262E-014  -1.9059160911985554E-014  0.35181479303349916       0.78539817852001337     
   2.4868995751603507E-014  -2.2382096176443156E-013  -2.3771105453055350E-014  0.37616940274168292       0.78539817852019222     
  -1.5099033134902129E-013  -2.9665159217984183E-013  -2.3604462806392562E-014  0.40008516113910619       0.78539817852036631     
   7.6383344094210770E-014  -1.9362289549462730E-013  -2.5812959504872440E-014  0.42350397720285238       0.78539817852053528     
   1.5987211554602254E-014   9.2370555648813024E-014  -2.3953346142715299E-014  0.44636607283391139       0.78539817852069960     
   9.2370555648813024E-014  -1.0835776720341528E-013  -2.4506699481437155E-014  0.46860997378376879       0.78539817852085836     
   1.4743761767022079E-013  -5.3290705182007514E-015  -2.6066699604859381E-014  0.49017250096600123       0.78539817852101279     
  -7.1054273576010019E-015   1.2434497875801753E-014  -2.3192312788125684E-014  0.51098876211039768       0.78539817852116223     
   5.3290705182007514E-015   3.7303493627405260E-014  -2.7600305617470340E-014  0.53099214371184900       0.78539817852130633     
   1.2967404927621828E-013  -8.8817841970012523E-014  -3.0885422978292434E-014  0.55011430323058230       0.78539817852144533     
  -7.1054273576010019E-015   1.7585932710062480E-013  -2.6420428086960361E-014  0.56828516148136488       0.78539817852157945     
   2.3270274596143281E-013  -1.3145040611561853E-013  -2.7081910415345850E-014  0.58543289514799823       0.78539817852170912     
  -1.1191048088221578E-013  -1.0658141036401503E-014  -3.3540118725107924E-014  0.60148392935426587       0.78539817852183402     
  -2.8421709430404007E-014   3.7303493627405260E-014  -2.8902564005286833E-014  0.61636293020889932       0.78539817852195415     
   4.0856207306205761E-014  -7.6383344094210770E-014  -2.6974779986213319E-014  0.62999279724725032       0.78539817852206928     
  -7.9936057773011271E-014  -1.3145040611561853E-013  -3.3599071732542055E-014  0.64229465565816124       0.78539817852218041     
   1.6875389974302379E-014   1.0835776720341528E-013  -2.9728920920313918E-014  0.65318784821460141       0.78539817852228699     
  -6.3948846218409017E-014  -1.4921397450962104E-013  -2.9845996915540306E-014  0.66258992680045981       0.78539817852238902     
   7.8159700933611020E-014   1.1901590823981678E-013  -2.6566939411094489E-014  0.67041664342052321       0.78539817852248761     
  -4.4408920985006262E-014   1.7763568394002505E-015  -2.5347613521542486E-014  0.67658194056599408       0.78539817852258220     
  -2.2204460492503131E-014  -1.4210854715202004E-014  -3.2547455504678240E-014  0.68099794078385067       0.78539817852267291     
  -7.9936057773011271E-015  -7.6383344094210770E-014  -2.8088365367413290E-014  0.68357493529804203       0.78539817852276039     
  -9.0594198809412774E-014   3.7303493627405260E-014  -2.5515354514151220E-014  0.68422137152852780       0.78539817852284399     
  -4.0856207306205761E-014  -2.4868995751603507E-014  -3.1248750017026777E-014  0.68284383933857007       0.78539817852292471     
  -1.2256862191861728E-013  -1.9539925233402755E-014  -3.0680788358765595E-014  0.67934705583263943       0.78539817852300242     
  -2.9309887850104133E-014  -3.3750779948604759E-014  -2.8365563560476084E-014  0.67363384851107777       0.78539817852307681     
  -1.7763568394002505E-015  -9.5923269327613525E-014  -2.5481538203996808E-014  0.66560513658073672       0.78539817852314853     
  -4.2632564145606011E-014   7.1054273576010019E-014  -2.4419163471168321E-014  0.65515991019616882       0.78539817852321847     
   5.6843418860808015E-014  -4.9737991503207013E-014  -3.6523469594205304E-014  0.64219520741079994       0.78539817852328508     
   4.4408920985006262E-015  -1.1368683772161603E-013  -2.9872680792727144E-014  0.62660608858834443       0.78539817852335003     
  -6.2172489379008766E-015  -4.9737991503207013E-014  -3.6916500473360373E-014  0.60828560802214859       0.78539817852341276     
   3.0198066269804258E-014  -7.4606987254810520E-014  -2.6010306158975989E-014  0.58712478248853084       0.78539817852347382     
  -1.2434497875801753E-014  -1.2434497875801753E-013  -2.7650674345659619E-014  0.56301255644888781       0.78539817852353255     
  -6.2172489379008766E-015   2.4868995751603507E-014  -3.0074776184353174E-014  0.53583576360040774       0.78539817852358973     
   4.4408920985006262E-015   7.1054273576010019E-015  -2.7921430199024296E-014  0.50547908446163670       0.78539817852364535     
   5.7731597280508140E-015  -1.0658141036401503E-014  -2.8174077329070922E-014  0.47182499966380348       0.78539817852369920     
  -7.1054273576010019E-015   8.1712414612411521E-014  -3.1135764734805013E-014  0.43475373860051786       0.78539817852375182     
  -2.6645352591003757E-014  -5.6843418860808015E-014  -2.3410066183600388E-014  0.39414322307452065       0.78539817852380289     
  -5.2402526762307389E-014   3.9079850466805510E-014  -2.8205646432460378E-014  0.34986900556274836       0.78539817852385307     
  -8.4376949871511897E-015  -2.8421709430404007E-014  -3.4239151997568468E-014  0.30180420170791256       0.78539817852390115     
  -2.8421709430404007E-014  -4.6185277824406512E-014  -2.8589150494314559E-014  0.24981941662716389       0.78539817852394922     
  -1.9984014443252818E-014   1.7763568394002505E-014  -2.3282139268927049E-014  0.19378266461085836       0.78539817852399540     
  -2.3092638912203256E-014   1.7763568394002505E-014  -2.5140895421123509E-014  0.13355928177032894       0.78539817852404048     
  -5.0182080713057076E-014  -3.5527136788005009E-015  -2.5649019360710539E-014   6.9011831174341731E-002  0.78539817852408467     
  -6.2172489379008766E-015   1.4210854715202004E-014  -2.7787718075415328E-014  -1.1608593594967056E-014  0.78539817852412841     
