 force-1force-2force-3workmass
   2.6645352591003757E-015   7.1054273576010019E-015  -1.9398089615056806E-014   0.0000000000000000       0.78539816362971748     
  -6.2172489379008766E-015  -5.1514348342607263E-014  -2.6578255492096851E-014  -1.2755452536653694E-008  0.78539816362971748     
  -2.3536728122053319E-014  -6.7501559897209518E-014  -2.8985196624637336E-014  -1.9734946416459509E-007  0.78539816362971748     
  -1.3322676295501878E-015  -1.0658141036401503E-014  -2.4097995886203085E-014  -9.8117674875771582E-007  0.78539816362971737     
  -3.3750779948604759E-014  -1.2789769243681803E-013  -3.0280493722400703E-014  -3.0514765501782337E-006  0.78539816362971759     
  -8.8817841970012523E-015  -7.8159700933611020E-014  -3.2964788666494211E-014  -7.3198518183818784E-006  0.78539816362971759     
   1.7763568394002505E-014  -7.4606987254810520E-014  -2.7500454106161609E-014  -1.4865952425030526E-005  0.78539816362971793     
   2.0428103653102880E-014  -6.2172489379008766E-014  -3.1404691441451458E-014  -2.6859517717095494E-005  0.78539816362971815     
   1.8651746813702630E-014  -3.3750779948604759E-014  -2.7814991492655980E-014  -4.4463629692161055E-005  0.78539816362971870     
  -1.6875389974302379E-014   1.9539925233402755E-014  -3.2610652515453746E-014  -6.8712840837290706E-005  0.78539816362971904     
   8.7485574340462335E-014  -1.0125233984581428E-013  -2.6230733331945515E-014  -1.0037751771825587E-004  0.78539816362971981     
   1.9095836023552692E-014   7.1054273576010019E-015  -3.1002703480533263E-014  -1.3982594657137304E-004  0.78539816362972026     
   6.7501559897209518E-014  -3.7303493627405260E-014  -2.7349818643200907E-014  -1.8688694761682251E-004  0.78539816362972115     
   3.9079850466805510E-014  -6.9277916736609768E-014  -3.0254874301357535E-014  -2.4073086676547339E-004  0.78539816362972237     
   3.3750779948604759E-014  -6.7501559897209518E-014  -2.8044371352742891E-014  -2.9979630707452354E-004  0.78539816362972348     
   5.0182080713057076E-014  -8.5265128291212022E-014  -2.6929528856018292E-014  -3.6181005564651925E-004  0.78539816362972503     
   6.6169292267659330E-014  -5.8619775700208265E-014  -2.8406085975477281E-014  -4.2404593816036673E-004  0.78539816362972670     
   3.6415315207705135E-014  -1.2789769243681803E-013  -2.8447969674245765E-014  -4.8409367764486178E-004  0.78539816362972847     
   2.7533531010703882E-014  -3.7303493627405260E-014  -2.4274089831930555E-014  -5.4119414470260585E-004  0.78539816362973025     
   2.4424906541753444E-014  -9.5923269327613525E-014  -2.7015926500610155E-014  -5.9733058544415851E-004  0.78539816362973269     
   7.2386541205560206E-014   4.6185277824406512E-014  -2.8544660386195822E-014  -6.5665845186907434E-004  0.78539816362973491     
   2.7089441800853820E-014  -4.9737991503207013E-014  -2.9121667806029304E-014  -7.2322544858119397E-004  0.78539816362973702     
   8.8817841970012523E-015   2.4868995751603507E-014  -3.1765962752660130E-014  -7.9930811468131857E-004  0.78539816362974035     
   3.7747582837255322E-014  -5.6843418860808015E-014  -3.3978912011604407E-014  -8.8621375571903971E-004  0.78539816362974291     
   1.0658141036401503E-014   3.0198066269804258E-014  -3.0962318043423259E-014  -9.8605442720695047E-004  0.78539816362974590     
  -1.1990408665951691E-014   1.9539925233402755E-014  -3.2092808102331205E-014  -1.1019920263702077E-003  0.78539816362974935     
  -4.7517545453956700E-014  -3.1974423109204508E-014  -3.1398195252328748E-014  -1.2370721235824556E-003  0.78539816362975268     
   6.2172489379008766E-015   6.3948846218409017E-014  -3.3535146546800203E-014  -1.3932848372535944E-003  0.78539816362975656     
   1.7763568394002505E-014   1.2434497875801753E-014  -2.9538420805243779E-014  -1.5712164962466413E-003  0.78539816362976056     
  -4.4853010194856324E-014  -1.0302869668521453E-013  -3.7402780558939753E-014  -1.7696820489682685E-003  0.78539816362976467     
  -2.2648549702353193E-014  -4.4408920985006262E-014  -3.2435644506800565E-014  -1.9852288016927178E-003  0.78539816362976878     
  -2.2204460492503131E-014  -3.9079850466805510E-014  -3.3449718842768711E-014  -2.2118459437173166E-003  0.78539816362977333     
  -4.4408920985006262E-015  -8.8817841970012523E-015  -3.2699328394739323E-014  -2.4411406357111032E-003  0.78539816362977799     
   3.7747582837255322E-014   5.3290705182007514E-015  -3.9055036650683711E-014  -2.6632333333815317E-003  0.78539816362978299     
  -6.2172489379008766E-015   3.5527136788005009E-015  -3.2606268376310168E-014  -2.8686280981232715E-003  0.78539816362978798     
  -5.5511151231257827E-014  -1.4210854715202004E-014  -3.7106190773627121E-014  -3.0508844302995497E-003  0.78539816362979309     
  -4.4408920985006262E-015  -8.5265128291212022E-014  -3.5098947453258578E-014  -3.2090289638026515E-003  0.78539816362979842     
   3.4194869158454821E-014  -7.2830630415410269E-014  -3.5985506188224807E-014  -3.3479994124513968E-003  0.78539816362980386     
   6.1728400169158704E-014  -1.2434497875801753E-013  -3.8355853371133152E-014  -3.4761593755839870E-003  0.78539816362980952     
   3.0642155479654321E-014   3.1974423109204508E-014  -3.9191787836084885E-014  -3.6012449669044488E-003  0.78539816362981518     
   8.9706020389712648E-014  -2.4868995751603507E-014  -3.8985231560130105E-014  -3.7279679995012027E-003  0.78539816362982084     
   2.3092638912203256E-014  -3.9079850466805510E-014  -3.6658731516405072E-014  -3.8593228311380456E-003  0.78539816362982684     
   9.7699626167013776E-015   2.4868995751603507E-014  -3.9172677477313761E-014  -3.9999880602931137E-003  0.78539816362983272     
   4.7073456244106637E-014  -8.8817841970012523E-014  -3.4871995598874082E-014  -4.1580986553523269E-003  0.78539816362983872     
   7.2386541205560206E-014  -1.6520118606422329E-013  -3.8180411560519288E-014  -4.3436172066195766E-003  0.78539816362984471     
   5.0182080713057076E-014  -1.0658141036401503E-014  -3.7570690643030261E-014  -4.5649947255576029E-003  0.78539816362985115     
   7.4606987254810520E-014   5.3290705182007514E-014  -3.9394288257426235E-014  -4.8266548783094665E-003  0.78539816362985748     
   5.8619775700208265E-014   7.1054273576010019E-015  -3.6037548460267866E-014  -5.1279239663662990E-003  0.78539816362986381     
   4.3076653355456074E-014  -7.6383344094210770E-014  -3.8551403025314108E-014  -5.4625595583563946E-003  0.78539816362987047     
   4.0412118096355698E-014  -1.5809575870662229E-013  -3.4036906402550615E-014  -5.8185575131857181E-003  0.78539816362987680     
   5.1514348342607263E-014  -1.1368683772161603E-013  -3.7138815900496195E-014  -6.1789532359368682E-003  0.78539816362988368     
   1.3322676295501878E-014  -1.4921397450962104E-013  -3.6244468552840080E-014  -6.5243134062971109E-003  0.78539816362989012     
   6.2616578588858829E-014  -7.8159700933611020E-014  -3.3334991621219051E-014  -6.8366866199326415E-003  0.78539816362989667     
   2.0428103653102880E-014  -7.6383344094210770E-014  -3.4115973344648461E-014  -7.1037483172642357E-003  0.78539816362990322     
  -3.9968028886505635E-015   7.8159700933611020E-014  -3.4444692346271987E-014  -7.3212722916452533E-003  0.78539816362990944     
  -3.1974423109204508E-014  -1.2434497875801753E-014  -3.3314317465167166E-014  -7.4924346951004139E-003  0.78539816362991577     
  -1.8651746813702630E-014  -1.0658141036401503E-014  -3.5814123812482187E-014  -7.6241626696617049E-003  0.78539816362992165     
  -4.1300296516055823E-014  -4.2632564145606011E-014  -3.4158794237887455E-014  -7.7229548132803361E-003  0.78539816362992765     
  -4.8405723873656825E-014  -7.4606987254810520E-014  -3.3395328806490902E-014  -7.7933486306487332E-003  0.78539816362993320     
  -4.8849813083506888E-015  -1.0658141036401503E-013  -3.4997716190306657E-014  -7.8402442261958916E-003  0.78539816362993864     
   1.6431300764452317E-014  -4.9737991503207013E-014  -3.2114590387361289E-014  -7.8729462100430858E-003  0.78539816362994375     
  -1.0658141036401503E-014  -9.4146912488213275E-014  -3.2795874205648649E-014  -7.9071537290779093E-003  0.78539816362994874     
  -1.2434497875801753E-014   6.3948846218409017E-014  -3.7125966809035255E-014  -7.9628469578051364E-003  0.78539816362995363     
  -1.1546319456101628E-014  -7.1054273576010019E-014  -3.3420550984884346E-014  -8.0593111308538967E-003  0.78539816362995829     
   2.7533531010703882E-014  -1.0302869668521453E-013  -3.6374049149070026E-014  -8.2102032096942335E-003  0.78539816362996284     
  -5.9063864910058328E-014  -8.3488771451811772E-014  -3.4949797311538587E-014  -8.4205677086557351E-003  0.78539816362996739     
  -2.7977620220553945E-014   1.7763568394002505E-015  -3.6940282301952306E-014  -8.6858951427877251E-003  0.78539816362997206     
  -1.3322676295501878E-014  -8.7041485130612273E-014  -4.0201687289902143E-014  -8.9927016593054354E-003  0.78539816362997672     
  -2.0872192862952943E-014   3.3750779948604759E-014  -3.6467154070840545E-014  -9.3205899334405373E-003  0.78539816362998105     
   9.7699626167013776E-015   5.5067062021407764E-014  -3.5203486848630366E-014  -9.6459026550266280E-003  0.78539816362998560     
   1.9095836023552692E-014   2.3092638912203256E-014  -3.7895068879654649E-014  -9.9462732445281254E-003  0.78539816362998938     
   1.9539925233402755E-014  -5.1514348342607263E-014  -4.2441664792688102E-014  -1.0204412643195271E-002  0.78539816362999315     
   3.5083047578154947E-014  -1.2789769243681803E-013  -4.2314123007777778E-014  -1.0409488879893347E-002  0.78539816362999637     
   7.9936057773011271E-015  -5.5067062021407764E-014  -4.4611258027691958E-014  -1.0555769508848289E-002  0.78539816362999915     
   1.8651746813702630E-014  -7.1054273576010019E-014  -4.5063470477303061E-014  -1.0639992045216484E-002  0.78539816363000181     
   2.7977620220553945E-014   7.1054273576010019E-015  -4.4079676725912211E-014  -1.0659816798292976E-002  0.78539816363000337     
   2.7533531010703882E-014   1.3855583347321954E-013  -4.9184841312746939E-014  -1.0614827583509845E-002  0.78539816363000492     
   3.6415315207705135E-014   0.0000000000000000       -4.2560506810510323E-014  -1.0509441041802292E-002  0.78539816363000581     
   9.7699626167013776E-015  -7.4606987254810520E-014  -4.3843532620544028E-014  -1.0355480225950009E-002  0.78539816363000603     
   4.7961634663806763E-014  -1.1723955140041653E-013  -4.1371441361104220E-014  -1.0172372335075508E-002  0.78539816363000603     
   2.0428103653102880E-014  -5.1514348342607263E-014  -4.0726435030555920E-014  -9.9845660625299537E-003  0.78539816363000525     
   5.9507954119908391E-014   4.9737991503207013E-014  -4.3869131525848443E-014  -9.8172831459990562E-003  0.78539816363000448     
   5.8619775700208265E-014  -5.8619775700208265E-014  -4.1813985861748456E-014  -9.6921096765103520E-003  0.78539816363000359     
   3.4194869158454821E-014  -7.1054273576010019E-015  -4.5274581688251713E-014  -9.6235233553110255E-003  0.78539816363000281     
   4.2632564145606011E-014  -7.2830630415410269E-014  -4.2652785391200405E-014  -9.6170229837748700E-003  0.78539816363000126     
   4.9737991503207013E-014  -1.4921397450962104E-013  -4.1933910440844864E-014  -9.6692049375690647E-003  0.78539816363000026     
   6.1284310959308641E-014   4.4408920985006262E-014  -3.6469404654313516E-014  -9.7695700563484866E-003  0.78539816362999948     
  -3.6859404417555197E-014  -2.4868995751603507E-014  -4.0222728510949505E-014  -9.9031213176996591E-003  0.78539816362999826     
  -8.8817841970012523E-015  -1.9539925233402755E-014  -3.9424880875640019E-014  -1.0052563605178255E-002  0.78539816362999670     
   1.3322676295501878E-014   1.7763568394002505E-015  -3.6323849920115582E-014  -1.0199520230651959E-002  0.78539816362999482     
  -1.5987211554602254E-014  -5.8619775700208265E-014  -4.1217865513603959E-014  -1.0325180883231422E-002  0.78539816362999249     
   2.6201263381153694E-014   6.5725203057809267E-014  -3.8373923138563720E-014  -1.0411295869229287E-002  0.78539816362998949     
   5.7731597280508140E-015  -3.7303493627405260E-014  -3.5319645846603695E-014  -1.0441961838743907E-002  0.78539816362998649     
   2.3980817331903381E-014   1.1013412404281553E-013  -3.5747582026523693E-014  -1.0405636680676400E-002  0.78539816362998283     
  -3.4638958368304884E-014  -9.2370555648813024E-014  -3.7691603219419272E-014  -1.0296283094959557E-002  0.78539816362997827     
  -5.5955240441107890E-014   6.0396132539608516E-014  -3.2874000623069829E-014  -1.0113115859848643E-002  0.78539816362997328     
  -3.1086244689504383E-015   4.2632564145606011E-014  -3.9178768882819967E-014  -9.8596368181211869E-003  0.78539816362996784     
   1.9095836023552692E-014  -9.5923269327613525E-014  -3.7483935499470778E-014  -9.5432164799409414E-003  0.78539816362996140     
  -1.0658141036401503E-014  -2.1316282072803006E-014  -3.9964407797713322E-014  -9.1757124099234311E-003  0.78539816362995474     
  -6.2172489379008766E-015  -7.8159700933611020E-014  -4.1599705726514038E-014  -8.7742446693315213E-003  0.78539816362994785     
  -4.3964831775156199E-014   4.6185277824406512E-014  -3.9015669362095534E-014  -8.3607078546981128E-003  0.78539816362994053     
  -5.3290705182007514E-014  -8.5265128291212022E-014  -3.6486531021561295E-014  -7.9593902221815060E-003  0.78539816362993342     
  -1.3322676295501878E-014  -3.9079850466805510E-014  -3.3256686274928765E-014  -7.5932926424475689E-003  0.78539816362992587     
  -3.0642155479654321E-014  -7.4606987254810520E-014  -3.0703857039682080E-014  -7.2802974648427110E-003  0.78539816362991899     
   7.1054273576010019E-015  -7.1054273576010019E-015  -3.5254900137646348E-014  -7.0301647866255479E-003  0.78539816362991177     
   2.7089441800853820E-014  -8.8817841970012523E-014  -3.1396933249467272E-014  -6.8430920865090172E-003  0.78539816362990500     
   3.2862601528904634E-014   8.5265128291212022E-014  -3.7577657546594087E-014  -6.7104625059779544E-003  0.78539816362989789     
   6.3948846218409017E-014  -8.5265128291212022E-014  -4.1897136879216467E-014  -6.6178858200061086E-003  0.78539816362989101     
   8.9706020389712648E-014  -1.0658141036401503E-013  -4.7384186308724804E-014  -6.5494301047632764E-003  0.78539816362988391     
   8.6597395920762210E-014  -1.2079226507921703E-013  -4.6046989827249347E-014  -6.4908715150675533E-003  0.78539816362987680     
   4.2632564145606011E-014  -6.7501559897209518E-014  -4.1107319309845995E-014  -6.4301310282910418E-003  0.78539816362986969     
   1.5543122344752192E-014  -9.5923269327613525E-014  -3.7088191550535783E-014  -6.3550387545470155E-003  0.78539816362986226     
   5.3290705182007514E-015  -6.3948846218409017E-014  -3.9997705239059132E-014  -6.2507238048679081E-003  0.78539816362985460     
   1.9539925233402755E-014  -6.3948846218409017E-014  -3.7063492247844065E-014  -6.0993673115832259E-003  0.78539816362984649     
  -2.8865798640254070E-014  -1.0302869668521453E-013  -3.6101596195111772E-014  -5.8833004257863308E-003  0.78539816362983816     
  -4.2632564145606011E-014  -1.0302869668521453E-013  -4.3316771584248946E-014  -5.5899607830798281E-003  0.78539816362982939     
  -1.9539925233402755E-014  -2.1316282072803006E-013  -3.7051990721455201E-014  -5.2160239296874522E-003  0.78539816362982040     
   1.3322676295501878E-014  -1.8118839761882555E-013  -3.3333384225023348E-014  -4.7687303787500301E-003  0.78539816362981085     
   4.9293902293356950E-014   1.5276668818842154E-013  -3.9541984214685665E-014  -4.2640632272672452E-003  0.78539816362980086     
   4.6629367034256575E-014   1.1368683772161603E-013  -3.5030188835793365E-014  -3.7227706062188393E-003  0.78539816362979109     
   1.3100631690576847E-013   8.5265128291212022E-014  -3.3239726136710937E-014  -3.1658727418164556E-003  0.78539816362978099     
   4.3964831775156199E-014  -7.1054273576010019E-015  -3.4252908547934416E-014  -2.6113627206409973E-003  0.78539816362977100     
   3.6859404417555197E-014  -1.1368683772161603E-013  -3.0245248776571116E-014  -2.0732143340282949E-003  0.78539816362976134     
  -2.5757174171303632E-014  -6.7501559897209518E-014  -3.1531185573669477E-014  -1.5624670896408066E-003  0.78539816362975201     
  -2.5757174171303632E-014  -1.7763568394002505E-014  -3.9374123703928079E-014  -1.0887454346568681E-003  0.78539816362974313     
  -2.9753977059954195E-014  -1.3500311979441904E-013  -4.2758688125065404E-014  -6.6033371408513730E-004  0.78539816362973436     
   1.9539925233402755E-014  -2.8421709430404007E-014  -4.3049839864141069E-014  -2.8234885570643797E-004  0.78539816362972603     
   3.7303493627405260E-014  -7.4606987254810520E-014  -4.8693443177997057E-014   4.5519635574864381E-005  0.78539816362971837     
  -1.3322676295501878E-015  -3.5527136788005009E-015  -3.5449800689139952E-014   3.2962660298707647E-004  0.78539816362971093     
  -1.4210854715202004E-014  -6.7501559897209518E-014  -3.6392743127857940E-014   5.8060168583562444E-004  0.78539816362970416     
  -7.5939254884360707E-014  -1.5631940186722204E-013  -3.2430302147339492E-014   8.1043310419515180E-004  0.78539816362969783     
  -3.6415315207705135E-014  -1.4566126083082054E-013  -2.9816694775039275E-014   1.0304222153527665E-003  0.78539816362969184     
  -1.4210854715202004E-014  -1.6697754290362354E-013  -2.8749767588693069E-014   1.2510358027593149E-003  0.78539816362968606     
   4.3964831775156199E-014  -3.3750779948604759E-013  -3.1643857356465794E-014   1.4830141721382528E-003  0.78539816362968051     
   3.3306690738754696E-014  -1.4921397450962104E-013  -3.6216830202710405E-014   1.7381808502185958E-003  0.78539816362967496     
  -1.9539925233402755E-014  -1.8118839761882555E-013  -3.6102890017375068E-014   2.0287370401801397E-003  0.78539816362966941     
   1.5099033134902129E-014  -1.3500311979441904E-013  -4.1890723701406347E-014   2.3649435332384616E-003  0.78539816362966419     
   1.3322676295501878E-015  -2.0605739337042905E-013  -4.1519676262945702E-014   2.7522737024328059E-003  0.78539816362965875     
   1.5099033134902129E-014   2.4868995751603507E-014  -4.1416884185992709E-014   3.1897388072128496E-003  0.78539816362965365     
  -4.4408920985006262E-016  -1.0658141036401503E-013  -4.2759013870005467E-014   3.6706387754756875E-003  0.78539816362964854     
  -2.6201263381153694E-014   3.1974423109204508E-014  -4.9327111036797685E-014   4.1854722391871935E-003  0.78539816362964388     
  -2.2648549702353193E-014   2.1316282072803006E-014  -4.6977890730891563E-014   4.7251048771754789E-003  0.78539816362963921     
  -4.7073456244106637E-014  -7.4606987254810520E-014  -4.7287889986133593E-014   5.2819898827680678E-003  0.78539816362963522     
   4.7073456244106637E-014  -3.5527136788005009E-014  -4.2522909423584623E-014   5.8487815519578934E-003  0.78539816362963166     
   7.2830630415410269E-014  -1.3855583347321954E-013  -4.0982018213516420E-014   6.4158801965108481E-003  0.78539816362962878     
   1.6431300764452317E-014   1.0658141036401503E-014  -4.1832606542185401E-014   6.9703616510226052E-003  0.78539816362962656     
   5.7731597280508140E-015   2.0961010704922955E-013  -4.3132177880834508E-014   7.4975972483812825E-003  0.78539816362962500     
   1.0214051826551440E-014   1.1723955140041653E-013  -4.1022315069076401E-014   7.9847420124883328E-003  0.78539816362962456     
  -1.7763568394002505E-015   1.4210854715202004E-013  -4.7155692437992561E-014   8.4239459444026554E-003  0.78539816362962489     
  -1.1990408665951691E-014   1.3855583347321954E-013  -4.6300323783510283E-014   8.8134926558505189E-003  0.78539816362962633     
  -3.9745984281580604E-014  -1.7763568394002505E-014  -4.7408625681495521E-014   9.1565745396471332E-003  0.78539816362962867     
  -7.1054273576010019E-015  -1.8829382497642655E-013  -5.5396336015905240E-014   9.4589044954329626E-003  0.78539816362963233     
   7.2164496600635175E-014  -5.6843418860808015E-014  -5.3195011939194316E-014   9.7268909549292903E-003  0.78539816362963677     
   1.4122036873231991E-013  -1.0658141036401503E-014  -5.1840202950522623E-014   9.9673744969459577E-003  0.78539816362964221     
   1.5965007094109751E-013   1.0658141036401503E-014  -4.8131292920800896E-014   1.0188458824260227E-002  0.78539816362964876     
   1.2234657731369225E-013   1.7763568394002505E-014  -4.2666048169591275E-014   1.0399915460516329E-002  0.78539816362965587     
   6.5725203057809267E-014  -1.2789769243681803E-013  -3.4994788031945970E-014   1.0611983834548866E-002  0.78539816362966364     
   5.1070259132757201E-014  -1.0302869668521453E-013  -3.4902026463939918E-014   1.0832940914445421E-002  0.78539816362967296     
   3.7303493627405260E-014  -1.2434497875801753E-013  -3.0386799100190345E-014   1.1067163427081139E-002  0.78539816362968251     
  -2.1094237467877974E-014  -4.2632564145606011E-013  -3.5220781443809553E-014   1.1315201217191539E-002  0.78539816362969306     
  -1.3322676295501878E-015  -3.0908609005564358E-013  -4.3409026663285533E-014   1.1575739669018592E-002  0.78539816362970427     
  -1.8429702208777599E-014  -2.9132252166164108E-013  -5.0137221248973006E-014   1.1847766386249514E-002  0.78539816362971626     
  -1.6209256159527285E-014  -9.9475983006414026E-014  -5.8737564664417309E-014   1.2131180900563310E-002  0.78539816362972914     
   1.2212453270876722E-014   7.1054273576010019E-014  -6.1742049430661724E-014   1.2425488778954996E-002  0.78539816362974280     
  -9.1038288019262836E-015  -4.9737991503207013E-014  -5.4622225904374346E-014   1.2727825019815953E-002  0.78539816362975734     
   3.6415315207705135E-014  -1.8474111129762605E-013  -4.7626153919162431E-014   1.3032036660101332E-002  0.78539816362977277     
   1.4876988529977098E-014  -3.5527136788005009E-014  -3.5324290924413057E-014   1.3329618646478192E-002  0.78539816362978920     
   8.4376949871511897E-015  -1.1723955140041653E-013  -3.5569613693092062E-014   1.3611774922926978E-002  0.78539816362980741     
   1.9984014443252818E-014   1.1368683772161603E-013  -3.5173694813839473E-014   1.3871027779478240E-002  0.78539816362982640     
   3.3306690738754696E-015   0.0000000000000000       -3.4300749823588437E-014   1.4101316427562738E-002  0.78539816362984682     
   1.6875389974302379E-014   1.1013412404281553E-013  -3.8572778351518961E-014   1.4296945057936661E-002  0.78539816362986936     
  -1.7763568394002505E-015   7.8159700933611020E-014  -4.4306574412203288E-014   1.4451778508019153E-002  0.78539816362989290     
  -2.7755575615628914E-014   1.6697754290362354E-013  -4.9879361810035200E-014   1.4559782632215690E-002  0.78539816362991810     
  -1.9317880628477724E-014   1.9895196601282805E-013  -5.4604143838216512E-014   1.4616668217583673E-002  0.78539816362994497     
   2.1760371282653068E-014  -3.5527136788005009E-014  -5.3056027115767173E-014   1.4621308480028850E-002  0.78539816362997339     
   2.4868995751603507E-014  -3.5527136788005009E-014  -4.5820223131362259E-014   1.4575763168419686E-002  0.78539816363000370     
   1.7319479184152442E-014  -6.0396132539608516E-014  -4.2664927702671756E-014   1.4483926328884733E-002  0.78539816363003545     
   1.4654943925052066E-014  -9.2370555648813024E-014  -3.8622015166264389E-014   1.4349875238977572E-002  0.78539816363006920     
  -1.6431300764452317E-014  -1.6342482922482304E-013  -3.5803946961806320E-014   1.4177027234588135E-002  0.78539816363010462     
  -2.3980817331903381E-014  -1.4921397450962104E-013  -4.2592757375659432E-014   1.3968319100783333E-002  0.78539816363014170     
  -4.7961634663806763E-014  -1.5987211554602254E-013  -3.9637056350641720E-014   1.3726701744255498E-002  0.78539816363018033     
  -6.3060667798708891E-014  -8.8817841970012523E-014  -4.4870310077578636E-014   1.3455094861038908E-002  0.78539816363022064     
  -7.2608585810485238E-014   2.4868995751603507E-014  -4.5994217933949017E-014   1.3155615004009413E-002  0.78539816363026249     
  -7.4384942649885488E-014  -2.2382096176443156E-013  -5.0244787216304902E-014   1.2828692457089397E-002  0.78539816363030612     
  -5.3290705182007514E-014  -8.5265128291212022E-014  -5.9401613544662485E-014   1.2472867001537824E-002  0.78539816363035098     
  -1.0214051826551440E-014  -2.3092638912203256E-013  -5.4229653275913390E-014   1.2085456757222057E-002  0.78539816363039772     
   3.1974423109204508E-014  -2.9487523534044158E-013  -5.4497318625608361E-014   1.1663519685197632E-002  0.78539816363044612     
   5.0626169922907138E-014  -1.3145040611561853E-013  -4.9894464681333194E-014   1.1204315288129152E-002  0.78539816363049586     
   4.4186876380081230E-014  -8.1712414612411521E-014  -4.9728808543357837E-014   1.0704992644822053E-002  0.78539816363054749     
   5.1514348342607263E-014  -4.2632564145606011E-014  -4.6679495767302831E-014   1.0161944419790681E-002  0.78539816363060089     
   4.7517545453956700E-014   3.9079850466805510E-014  -4.3360773808169845E-014   9.5705052096450860E-003  0.78539816363065595     
  -6.2172489379008766E-015   6.0396132539608516E-014  -4.3796820641335742E-014   8.9252831009776767E-003  0.78539816363071280     
   2.2426505097428162E-014   1.4921397450962104E-013  -3.5767978237073484E-014   8.2208394977020260E-003  0.78539816363077153     
   5.3068660577082483E-014   2.4868995751603507E-014  -3.8227220102838357E-014   7.4522189192696153E-003  0.78539816363083270     
   2.2426505097428162E-014  -3.9079850466805510E-014  -3.6333939433060592E-014   6.6151022673259785E-003  0.78539816363089565     
   7.3052675020335300E-014   9.5923269327613525E-014  -4.4984898278717612E-014   5.7057649457082915E-003  0.78539816363096060     
   4.1522341120980855E-014   1.3855583347321954E-013  -5.1882605978688828E-014   4.7211409334067533E-003  0.78539816363102810     
   3.9523939676655573E-014   4.6185277824406512E-014  -4.6522932093800007E-014   3.6590481826170862E-003  0.78539816363109782     
   3.3528735343679728E-014   7.1054273576010019E-014  -5.4424926701629663E-014   2.5183298042639052E-003  0.78539816363116965     
   1.6431300764452317E-014   0.0000000000000000       -5.1895725131153456E-014   1.2986535832041624E-003  0.78539816363124393     
   9.5479180117763462E-015  -6.0396132539608516E-014  -4.5099172813185856E-014  -2.1789993591896918E-016  0.78539816363132098     
