 force-1force-2force-3workmass
   4.4408920985006262E-016   1.7763568394002505E-015  -1.9398089615056787E-014   0.0000000000000000       0.78539816362971648     
   2.7519337919557074E-009  -1.3770348336041849E-003  -2.8573210814119570E-014  -3.0513398793395249E-007  0.78539816362971648     
   1.5106027539957267E-008  -5.3896191339042332E-003  -2.4275435465382679E-014  -4.3370470679347101E-006  0.78539816362971682     
   5.2567285635518601E-008  -1.2079417337124809E-002  -2.6882293161599256E-014  -2.0835795202383406E-005  0.78539816362971804     
   1.3395189180087641E-007  -2.1499381134471918E-002  -2.6526029462835333E-014  -6.3824655489576332E-005  0.78539816362972037     
   2.7398544100165623E-007  -3.3697903389310113E-002  -3.1005592508550886E-014  -1.5248970983006149E-004  0.78539816362972403     
   4.8447267397833116E-007  -4.8712551659676251E-002  -2.6889312580631998E-014  -3.1102529972383552E-004  0.78539816362972958     
   7.7844921708702941E-007  -6.6559815212574591E-002  -2.7475657597893406E-014  -5.6835352711599729E-004  0.78539816362973758     
   1.1745071923918715E-006  -8.7236533863396915E-002  -3.0270406632675227E-014  -9.5776116590176597E-004  0.78539816362974790     
   1.7044369662322367E-006 -0.11072186282730989       -2.9597778714656222E-014  -1.5164698753236672E-003  0.78539816362976111     
   2.4227624799699754E-006 -0.13696266196823714       -3.3745405344121084E-014  -2.2849040960425948E-003  0.78539816362977788     
   3.4174249852192418E-006 -0.16586173974047824       -3.1162053052984372E-014  -3.3056784605447476E-003  0.78539816362979797     
   4.8209222804906915E-006 -0.19727125741982476       -2.9163867888111033E-014  -4.6223600733334980E-003  0.78539816362982229     
   6.8114424656151584E-006 -0.23099023222076198       -3.2368309980133661E-014  -6.2780444397919632E-003  0.78539816362985060     
   9.6036059420434583E-006 -0.26676157282357771       -2.9319839990891590E-014  -8.3137029231839521E-003  0.78539816362988324     
   1.3478223403140532E-005 -0.30422693141388812       -3.1440185864662828E-014  -1.0765098175081311E-002  0.78539816362992110     
   1.8897548450524937E-005 -0.34279124266565297       -3.0433051283086941E-014  -1.3655616958307748E-002  0.78539816362996440     
   2.6592463056918092E-005 -0.38146132527075949       -3.2666490014999100E-014  -1.6984758200440875E-002  0.78539816363001280     
   3.7401500334599547E-005 -0.41886283855155781       -3.2825135685793510E-014  -2.0719447172134586E-002  0.78539816363006731     
   5.1903744537007412E-005 -0.45356623522679840       -3.0001506901996495E-014  -2.4799047337297653E-002  0.78539816363012827     
   7.0238211292483754E-005 -0.48454967829913542       -3.0208059262411514E-014  -2.9155368674968818E-002  0.78539816363019521     
   9.2328000987684788E-005 -0.51144229633994165       -3.3584726635965300E-014  -3.3733596462079074E-002  0.78539816363026971     
   1.1819754165998120E-004 -0.53438212320179090       -3.2138590126436869E-014  -3.8498024239800088E-002  0.78539816363035109     
   1.4798766694701371E-004 -0.55367042314103365       -3.1697191430253296E-014  -4.3421529908658885E-002  0.78539816363043990     
   1.8172289923912288E-004 -0.56951585658732107       -3.1876921613241085E-014  -4.8471747378987295E-002  0.78539816363053661     
   2.1915136510752831E-004 -0.58198649915371803       -3.2173314962748265E-014  -5.3605330639870719E-002  0.78539816363064163     
   2.5977256036568974E-004 -0.59108936394717837       -3.0691301506819219E-014  -5.8770948426349223E-002  0.78539816363075499     
   3.0292421848976403E-004 -0.59685873985275606       -3.1880088073152039E-014  -6.3915424489988215E-002  0.78539816363087744     
   3.4782299162250396E-004 -0.59940381074103399       -3.2281689703851387E-014  -6.8988960079598760E-002  0.78539816363100945     
   3.9358806554101733E-004 -0.59892494375749905       -3.1478946420085316E-014  -7.3949000716180491E-002  0.78539816363115011     
   4.3932098062393621E-004 -0.59572249370588715       -2.9772188636920981E-014  -7.8764216223503158E-002  0.78539816363130077     
   4.8426367168641349E-004 -0.59021765070161969       -3.4460310640083039E-014  -8.3420813426679619E-002  0.78539816363146187     
   5.2799903392219960E-004 -0.58299540679729489       -2.8782992700122007E-014  -8.7933413155711904E-002  0.78539816363163339     
   5.7068057118048188E-004 -0.57485623462028812       -3.0142100490658923E-014  -9.2360134659818627E-002  0.78539816363181569     
   6.1336014025137331E-004 -0.56682892563286380       -3.3698399107018589E-014  -9.6815527404791268E-002  0.78539816363200932     
   6.5842680464545111E-004 -0.56008536576877077       -3.3683637450031814E-014 -0.10146975722601503       0.78539816363221449     
   7.0986809715334331E-004 -0.55574202443619214       -3.1887758336791476E-014 -0.10652528370507763       0.78539816363243120     
   7.7287563368333423E-004 -0.55461778622051128       -3.7302801065712539E-014 -0.11217545908247573       0.78539816363266002     
   8.5274444489291668E-004 -0.55707514440684669       -3.5563873273285025E-014 -0.11856453524845145       0.78539816363290116     
   9.5383567911166978E-004 -0.56303948956421124       -3.8479181902050486E-014 -0.12577164855652123       0.78539816363315507     
   1.0795882813297020E-003 -0.57218169217862780       -3.7331571707188626E-014 -0.13382700965779026       0.78539816363342274     
   1.2336611473053871E-003 -0.58414766669842066       -4.1614281039987162E-014 -0.14274706495968514       0.78539816363370363     
   1.4211201683689278E-003 -0.59870498879151413       -3.7126564107105225E-014 -0.15256422625421173       0.78539816363399861     
   1.6484540907422129E-003 -0.61575186454236785       -3.8349763208409409E-014 -0.16333389506466434       0.78539816363430792     
   1.9222370386082765E-003 -0.63522692346027831       -3.8585826900578809E-014 -0.17511880261160417       0.78539816363463222     
   2.2472884991353581E-003 -0.65699927319898421       -3.4762710311738240E-014 -0.18796324358126659       0.78539816363497184     
   2.6252023976085503E-003 -0.68079513750838849       -4.0998441418903573E-014 -0.20187000513561237       0.78539816363532755     
   3.0533467706059803E-003 -0.70616937298217053       -4.4288843750107570E-014 -0.21678480685886470       0.78539816363570003     
   3.5238653067830583E-003 -0.73250072116499432       -4.7831931094815391E-014 -0.23258599997289320       0.78539816363608916     
   4.0224511105435568E-003 -0.75899349609699662       -4.7562751097637281E-014 -0.24907674845706218       0.78539816363649628     
   4.5274374474884027E-003 -0.78469194477579762       -4.2786283052563260E-014 -0.26598207328900703       0.78539816363692228     
   5.0102962359881431E-003 -0.80853244608076302       -4.6618686706487227E-014 -0.28295871028324449       0.78539816363736725     
   5.4383647914866273E-003 -0.82945404338618545       -5.5248083743402299E-014 -0.29962572936467247       0.78539816363783244     
   5.7795221948495623E-003 -0.84655656388035894       -4.2750314672465275E-014 -0.31561547533806245       0.78539816363831816     
   6.0071884691650368E-003 -0.85925540150610225       -4.6371801966067608E-014 -0.33063102245125098       0.78539816363882564     
   6.1032999817363098E-003 -0.86736325541811610       -5.4875725603275358E-014 -0.34448705008061253       0.78539816363935566     
   6.0575232148538660E-003 -0.87105311959758858       -4.7249105948111397E-014 -0.35711463075027794       0.78539816363990911     
   5.8629230544244848E-003 -0.87071559072240490       -4.5869886939105611E-014 -0.36852758214125902       0.78539816364048654     
   5.5106555362538501E-003 -0.86678065472549193       -4.5365735374268617E-014 -0.37876890793319262       0.78539816364108894     
   4.9874374659113485E-003 -0.85959069592824378       -3.8598722014901340E-014 -0.38786646812982006       0.78539816364171777     
   4.2784359664973515E-003 -0.84937680017196726       -3.1858537456317791E-014 -0.39582010556984493       0.78539816364237391     
   3.3752550956940297E-003 -0.83633005722777654       -3.2743986779713309E-014 -0.40262328481002463       0.78539816364305826     
   2.2858369751341812E-003 -0.82071418180815492       -3.9147547936409584E-014 -0.40830430353517144       0.78539816364377213     
   1.0423265692702799E-003 -0.80295972069510313       -4.4555949188595367E-014 -0.41296617693530013       0.78539816364451720     
  -2.9549501156900249E-004 -0.78370652556590237       -3.6270713855165438E-014 -0.41681096491023339       0.78539816364529447     
  -1.6414261938990649E-003 -0.76379325746028393       -4.4220127944232029E-014 -0.42014527183635142       0.78539816364610537     
  -2.8880597420286591E-003 -0.74420796829439695       -4.1103960756876505E-014 -0.42336976556614747       0.78539816364695114     
  -3.9160034408265432E-003 -0.72601002139231063       -3.9995227150782925E-014 -0.42695435670141269       0.78539816364783366     
  -4.6075955253819245E-003 -0.71022566519423336       -3.7515551809505086E-014 -0.43139726852359139       0.78539816364875381     
  -4.8641225622718665E-003 -0.69772325394313306       -4.1610122363599341E-014 -0.43716781988265918       0.78539816364971260     
  -4.6223211333380476E-003 -0.68909123446475817       -4.2560034036502946E-014 -0.44464160231959227       0.78539816365071224     
  -3.8635139095362092E-003 -0.68455843724817989       -3.4530015576952251E-014 -0.45404731653175645       0.78539816365175374     
  -2.6100250810277004E-003 -0.68399354910977017       -4.2072689605541003E-014 -0.46544723722507086       0.78539816365283854     
  -9.0918554356811399E-004 -0.68699237636443655       -3.8447391188857225E-014 -0.47876225113608850       0.78539816365396842     
   1.1875227028372848E-003 -0.69302059647418979       -3.1775757426853171E-014 -0.49383146925332344       0.78539816365514525     
   3.6385328394707983E-003 -0.70155113531964375       -3.8616111770535619E-014 -0.51047781195730124       0.78539816365637105     
   6.4101537669207787E-003 -0.71213844511669855       -3.9373319817199921E-014 -0.52854715003424246       0.78539816365764781     
   9.4571291234482047E-003 -0.72440599926670046       -4.5720833856866535E-014 -0.54790288429621548       0.78539816365897741     
   1.2693659208802721E-002 -0.73796753698336559       -5.3001017190661144E-014 -0.56838166623610320       0.78539816366036186     
   1.5967805598375406E-002 -0.75233125880352247       -5.7423607437066627E-014 -0.58973498504744626       0.78539816366180426     
   1.9050816876740484E-002 -0.76683625740113470       -6.8418804796375684E-014 -0.61158572921781307       0.78539816366330673     
   2.1646941159639610E-002 -0.78064830408166408       -7.2720464975836411E-014 -0.63341916370004547       0.78539816366487192     
   2.3422760646969465E-002 -0.79281525628297445       -7.7686733462678100E-014 -0.65461260268337540       0.78539816366650261     
   2.4050790880618678E-002 -0.80236503002707771       -6.9960381792194430E-014 -0.67449616548642410       0.78539816366820125     
   2.3259787489040562E-002 -0.80842360617199205       -7.7753258286108886E-014 -0.69243135064044559       0.78539816366997106     
   2.0882037351769966E-002 -0.81033031043492443       -7.5741918199118952E-014 -0.70789223165449400       0.78539816367181359     
   1.6885579060625489E-002 -0.80772683098257581       -8.6873479278342362E-014 -0.72053285875973572       0.78539816367373161     
   1.1379563499824386E-002 -0.80059673028492284       -7.0269685169778480E-014 -0.73022459663457440       0.78539816367572757     
   4.5874262298575275E-003 -0.78924024046260755       -7.9496614825055995E-014 -0.73705219196724592       0.78539816367780402     
  -3.2047398836301255E-003 -0.77418817081391644       -6.8405865228130864E-014 -0.74126917959201499       0.78539816367996385     
  -1.1704005086539127E-002 -0.75608250886548056       -7.1804336084125562E-014 -0.74322819762103798       0.78539816368220949     
  -2.0645057409074852E-002 -0.73556633703981156       -6.1463660462059607E-014 -0.74331194503781006       0.78539816368454374     
  -2.9786350949505547E-002 -0.71322110500589631       -6.3388029228306939E-014 -0.74188905595199373       0.78539816368697091     
  -3.8870084304496899E-002 -0.68956567001627356       -6.3589337977171555E-014 -0.73930583457162768       0.78539816368949256     
  -4.7567340178680695E-002 -0.66510154914528918       -5.1854527574903665E-014 -0.73590675069846512       0.78539816369211257     
  -5.5438353110165650E-002 -0.64036890339843389       -5.1724870432502338E-014 -0.73206371774618617       0.78539816369483417     
  -6.1932065981645579E-002 -0.61597715505769557       -4.3800682497752542E-014 -0.72819251344643021       0.78539816369766036     
  -6.6433494578816976E-002 -0.59259010997960537       -4.1351596937215613E-014 -0.72474316263402017       0.78539816370059379     
  -6.8350504412745039E-002 -0.57086721555460151       -4.7411115797340527E-014 -0.72216351073670637       0.78539816370363869     
  -6.7219656085985235E-002 -0.55137949585243184       -2.8036538813622834E-014 -0.72084535767857005       0.78539816370679771     
  -6.2805105800647354E-002 -0.53452597766017895       -3.2452581757242286E-014 -0.72106771108683354       0.78539816371007420     
  -5.5164006556669420E-002 -0.52047490088473580       -2.8415491588464939E-014 -0.72295254019343780       0.78539816371346982     
  -4.4656796728595793E-002 -0.50914639820210184       -3.5538262907833685E-014 -0.72644598998738985       0.78539816371698845     
  -3.1893580211203698E-002 -0.50024158175169564       -2.0272445524599791E-014 -0.73133222501065998       0.78539816372063198     
  -1.7628759757069901E-002 -0.49330906063847557       -2.0859918862025237E-014 -0.73727769284637379       0.78539816372440241     
  -2.6385913217623624E-003 -0.48782783262237484       -1.3340579551164597E-014 -0.74389285509358771       0.78539816372830240     
   1.2372299320077218E-002 -0.48328087630280336       -2.3006203418191322E-014 -0.75079149584323446       0.78539816373233373     
   2.6799856360611329E-002 -0.47920013843055909       -3.1967612240314695E-014 -0.75762949094205823       0.78539816373649707     
   4.0100589795009967E-002 -0.47517855395524577       -2.0698957943084917E-014 -0.76411561022935448       0.78539816374079474     
   5.1714708656664499E-002 -0.47086022457878673       -2.8128045730226604E-014 -0.77000075861401207       0.78539816374522786     
   6.1005413357001714E-002 -0.46592737286586772       -4.9238482712482644E-014 -0.77506097247922057       0.78539816374979710     
   6.7260672522456488E-002 -0.46009897229554930       -6.8685254577726012E-014 -0.77908879430869593       0.78539816375450366     
   6.9774106522718427E-002 -0.45314483407426920       -5.8865195747196244E-014 -0.78189897831529365       0.78539816375934768     
   6.7985780378887029E-002 -0.44490776170473545       -4.3736341048595013E-014 -0.78334391392029890       0.78539816376432947     
   6.1638665707999252E-002 -0.43532089547763686       -5.0489022191437647E-014 -0.78332773118955590       0.78539816376944838     
   5.0899763727379366E-002 -0.42440896582603171       -3.3889071290932588E-014 -0.78180839616593811       0.78539816377470273     
   3.6404421386418306E-002 -0.41226876907499266       -3.4874711694967611E-014 -0.77878304782021512       0.78539816378009075     
   1.9203078909562521E-002 -0.39903249573543809       -7.5570822379776993E-014 -0.77426004840533214       0.78539816378560967     
   6.1764558190446905E-004 -0.38482448609300723       -9.3543828918152320E-014 -0.76822792245999461       0.78539816379125649     
  -1.7954856078610248E-002 -0.36972484163024832       -1.0567241032963988E-013 -0.76063336081949728       0.78539816379702776     
  -3.5230899240563218E-002 -0.35375027372522982       -1.0957649491177947E-013 -0.75137631972957042       0.78539816380292016     
  -5.0159610752871231E-002 -0.33685427427437609       -1.2945585761589844E-013 -0.74032154963487207       0.78539816380892902     
  -6.1939133209364172E-002 -0.31893929531388787       -1.3007809537612422E-013 -0.72731739769611359       0.78539816381505168     
  -6.9945995056219346E-002 -0.29986908181860494       -1.5860317418596337E-013 -0.71220995286566779       0.78539816382128247     
  -7.3638037598943384E-002 -0.27947315025886699       -1.5149021502712007E-013 -0.69484584646696601       0.78539816382761718     
  -7.2505040841722490E-002 -0.25754540764533340       -1.4221649330061810E-013 -0.67506705158093594       0.78539816383405103     
  -6.6114173284532285E-002 -0.23384805388245189       -1.2128536795189413E-013 -0.65270890644216217       0.78539816384057792     
  -5.4244808945934864E-002 -0.20813345578393783       -9.8826984257250943E-014 -0.62761275164493613       0.78539816384719252     
  -3.7058327763237031E-002 -0.18018907932052475       -8.0617448268647913E-014 -0.59965691336200821       0.78539816385388894     
  -1.5227511394080295E-002 -0.14989825564517290       -5.4389290078781340E-014 -0.56879932510932130       0.78539816386065997     
   1.0036531577121366E-002 -0.11729942996603482       -4.4294334497736303E-014 -0.53511791293742306       0.78539816386749861     
   3.7084612266962580E-002  -8.2623625416473168E-002  -1.5924422522503610E-014 -0.49883406966855115       0.78539816387439831     
   6.4036935423338548E-002  -4.6295413613014702E-002  -2.4304344386144490E-014 -0.46030961923071612       0.78539816388135097     
   8.9040804620452718E-002  -8.8947690409968416E-003  -1.0305371720242355E-014 -0.42001640286415043       0.78539816388834782     
  0.11050343322515488        2.8908444815988865E-002  -5.3224231230128196E-015 -0.37848741275431674       0.78539816389538020     
  0.12723362640045721        6.6425006043585810E-002  -3.0454576714700289E-014 -0.33626585911249229       0.78539816390243877     
  0.13846290691424912       0.10299891795592053       -6.8637215421472227E-014 -0.29386937853937578       0.78539816390951289     
  0.14376891236642209       0.13803096122956049       -8.5344029409076955E-014 -0.25177805623969274       0.78539816391659245     
  0.14296671905172786       0.17098158641122119       -8.3164008098960310E-014 -0.21043962613911926       0.78539816392366713     
  0.13604271598234519       0.20137713292460546       -7.5154301743080924E-014 -0.17027161004834035       0.78539816393072559     
  0.12317380565701441       0.22884407316264443       -5.0259310820056324E-014 -0.13163791465734942       0.78539816393775674     
  0.10481943070480781       0.25317928190337113       -2.0972323259792286E-014  -9.4790250299207734E-002  0.78539816394475082     
   8.1826609635172076E-002  0.27443900518142783       -7.5091936672246794E-015  -5.9786802062060218E-002  0.78539816395169715     
   5.5474314565040928E-002  0.29301006639405358       -1.8650490507040733E-014  -2.6419494253491216E-002  0.78539816395858530     
   2.7408224233781198E-002  0.30962537746214380       -3.3277510695727815E-014   5.8143046089762507E-003  0.78539816396540529     
  -5.3506986296980585E-004  0.32530373993851214       -3.2424767382238780E-014   3.7673387720269069E-002  0.78539816397214868     
  -2.6567917624500836E-002  0.34122319459873296       -3.9404460945221151E-014   7.0071490230125377E-002  0.78539816397880713     
  -4.9182665661568592E-002  0.35856444516342911       -6.7504504194518647E-014  0.10394356824200024       0.78539816398537332     
  -6.7305675810345633E-002  0.37837307853735247       -8.1969717826152642E-014  0.14012336416822002       0.78539816399184015     
  -8.0339182156476951E-002  0.40147902770945976       -1.0629452969449048E-013  0.17926834700823591       0.78539816399820184     
  -8.8103116246113444E-002  0.42848180057965379       -1.4563768270768368E-013  0.22184144460267063       0.78539816400445350     
  -9.0728321753649865E-002  0.45977470106595497       -1.7461758209244171E-013  0.26812699071534496       0.78539816401059048     
  -8.8564107010826731E-002  0.49556072943421370       -1.7845764305072328E-013  0.31823999709418871       0.78539816401660822     
  -8.2140967026628431E-002  0.53582118970523851       -2.1290841943378357E-013  0.37209585245864218       0.78539816402250362     
  -7.2186674412309415E-002  0.58023291756851769       -2.2334445119080531E-013  0.42933866254003838       0.78539816402827367     
  -5.9655806935294819E-002  0.62807213655321625       -2.4893760624015126E-013  0.48926243093490740       0.78539816403391660     
  -4.5720617039442857E-002  0.67816718689472211       -2.5565392034304633E-013  0.55077799194485699       0.78539816403942986     
  -3.1690336371759997E-002  0.72895323481839114       -2.8978824659372801E-013  0.61246800619155195       0.78539816404481233     
  -1.8864045871127999E-002  0.77864254155614532       -2.7992709460888524E-013  0.67273721370782269       0.78539816405006424     
  -8.3579589268918397E-003  0.82547302716869453       -2.8353345409895093E-013  0.73002329229657548       0.78539816405518581     
  -9.6333859745278971E-004  0.86796056884222850       -3.1574527188322050E-013  0.78300543888273921       0.78539816406017882     
   2.9205564244119131E-003  0.90507602904087747       -2.8018385396213861E-013  0.83074740295515781       0.78539816406504548     
   3.2664558903814367E-003  0.93630094917598683       -3.0895923676932981E-013  0.87274080381152608       0.78539816406978868     
   3.3628092746340599E-004  0.96157201541308979       -2.4938700896271994E-013  0.90885956377347199       0.78539816407441221     
  -5.4184454974190999E-003  0.98117558902048785       -2.7378530043093848E-013  0.93927475256890425       0.78539816407891871     
  -1.3430870994110222E-002  0.99567057079787702       -2.2632550352913060E-013  0.96438912425666601       0.78539816408331475     
  -2.3051214044885526E-002   1.0058890257904629       -1.7219938335716391E-013  0.98482505606273740       0.78539816408760421     
  -3.3552149871843184E-002   1.0130039831968602       -1.4530886828544495E-013   1.0014536189671723       0.78539816409179353     
  -4.4140013475763240E-002   1.0185978378172784       -5.4107396853093214E-014   1.0154134364210314       0.78539816409588736     
  -5.3999733276473449E-002   1.0246467438247571       -1.1456230729559454E-014   1.0280611423357762       0.78539816409989271     
  -6.2378089783884150E-002   1.0333687641055000        2.9486496872603345E-015   1.0408254518737916       0.78539816410381602     
  -6.8683700605185471E-002   1.0469491315307771       -2.7313175300302789E-014   1.0549872973703867       0.78539816410766428     
  -7.2567963189319684E-002   1.0672198548399265       -9.0885850650755450E-015   1.0714517789635263       0.78539816411144192     
  -7.3956372936311965E-002   1.0953989147317316        1.5274880321103805E-014   1.0905885280609020       0.78539816411515750     
  -7.3020301081761829E-002   1.1319712284365231        2.2377568623557271E-014   1.1121902403898538       0.78539816411881613     
  -7.0104065391137560E-002   1.1767306035696734        4.5588995226914188E-014   1.1355489726695307       0.78539816412242369     
  -6.5637864222746423E-002   1.2289315016634141        2.2301146515359572E-014   1.1596027417987642       0.78539816412598562     
  -6.0066849038159731E-002   1.2874587298324052        3.0080304283166581E-014   1.1830859696732556       0.78539816412950791     
  -5.3811969747830091E-002   1.3509342216010367        4.5138227815638790E-014   1.2046345018759315       0.78539816413299424     
  -4.7258553252757629E-002   1.4177362695306535        2.4335691595340956E-015   1.2228374456632167       0.78539816413645103     
  -4.0755412922692358E-002   1.4859748398653991       -1.6983641089326521E-014   1.2362667614952088       0.78539816413988051     
  -3.4607013502484740E-002   1.5535066539371556       -2.9050671070588169E-014   1.2435292715094821       0.78539816414328711     
  -2.9051812889931306E-002   1.6180606038870700       -4.6993468727354144E-014   1.2433668377202451       0.78539816414667296     
  -2.4233539474797894E-002   1.6774846924219702       -5.3718564691672923E-014   1.2347924279172764       0.78539816415004116     
  -2.0179900157997199E-002   1.7300540980087256       -9.5875532019491289E-014   1.2172166870839085       0.78539816415339303     
  -1.6801022641081076E-002   1.7747373106335900       -1.7328719398843967E-013   1.1905123510635640       0.78539816415672969     
  -1.3910721828086725E-002   1.8113274777454862       -1.8065275314843176E-013   1.1549862171082657       0.78539816416005137     
  -1.1263771734724815E-002   1.8404046688314821       -2.1036090155550245E-013   1.1112672118119811       0.78539816416335695     
  -8.5972657199624436E-003   1.8631685020538917       -1.7362734769507150E-013   1.0601515376757060       0.78539816416664587     
  -5.6659317500731277E-003   1.8812289405732336       -2.1321671895048573E-013   1.0024552311762465       0.78539816416991592     
  -2.2666367578270119E-003   1.8964407795477065       -2.1272053940084634E-013  0.93890766431418005       0.78539816417316421     
   1.7481643402281755E-003   1.9108189925264227       -1.9701751996036469E-013  0.87008994979284715       0.78539816417638764     
   6.4660432587948513E-003   1.9265063079108806       -1.8168501485194098E-013  0.79639871000137585       0.78539816417958352     
   1.1918250885112336E-002   1.9457227792432796       -1.8601179378412214E-013  0.71801244729002001       0.78539816418274799     
   1.8091380447268879E-002   1.9706332268177320       -1.6959726423214848E-013  0.63485300128347877       0.78539816418587693     
   2.4945816684275091E-002   2.0031190505491310       -1.7244758757262115E-013  0.54655620819834283       0.78539816418896558     
   3.2436961859203972E-002   2.0445059611860792       -1.5990372433712082E-013  0.45247727471673649       0.78539816419201025     
   4.0532468293159152E-002   2.0953390691041420       -1.6653355759273722E-013  0.35174851135921537       0.78539816419500685     
   4.9219057815701239E-002   2.1552887083845960       -1.3867506542148439E-013  0.24338545710220638       0.78539816419795239     
   5.8496453655523917E-002   2.2232177420698989       -1.1529778185011447E-013  0.12641606941586109       0.78539816420084363     
   6.8361709147331640E-002   2.2973741421641876       -5.8780363122591112E-014  -2.1391029341810258E-014  0.78539816420368236     
