 Motion Mesh #elems   p  Nt   sdof   tdof                     W                     I           CPU
      1    0    520   1   8   1560     56 -1.65781963621445E+00 -2.37154261130677E+00  1.273190E+02
      1    0    520   1  16   1560    112 -1.65815415477997E+00 -2.37254597995427E+00  1.364963E+02
      1    0    520   1  32   1560    224 -1.65817227057747E+00 -2.37262782523830E+00  2.396738E+02
      1    0    520   1  64   1560    448 -1.65817842969306E+00 -2.37263665860105E+00  4.621639E+02
      1    0    520   2   8   3120     56 -1.66975246319161E+00 -2.38996420516646E+00  3.968141E+02
      1    0    520   2  16   3120    112 -1.67064335167589E+00 -2.39080023218763E+00  4.582688E+02
      1    0    520   2  32   3120    224 -1.67070664564630E+00 -2.39090600623936E+00  7.759278E+02
      1    0    520   2  64   3120    448 -1.67070788023435E+00 -2.39090723416000E+00  1.477649E+03
      1    0    520   3   8   5200     56 -1.66203569195499E+00 -2.37578080864383E+00  8.771946E+02
      1    0    520   3  16   5200    112 -1.66352324026237E+00 -2.37770293580579E+00  1.003711E+03
      1    0    520   3  32   5200    224 -1.66366731071929E+00 -2.37791684794662E+00  2.097275E+03
      1    0    520   3  64   5200    448 -1.66367271212309E+00 -2.37792422018968E+00  3.464360E+03
      1    1   1963   1   8   5889     56 -1.66957599652119E+00 -2.39059741072942E+00  6.492441E+02
      1    1   1963   1  16   5889    112 -1.67062900078087E+00 -2.39167338230487E+00  7.397323E+02
      1    1   1963   1  32   5889    224 -1.67067033200365E+00 -2.39172217753658E+00  1.358543E+03
      1    1   1963   1  64   5889    448 -1.67066999148333E+00 -2.39171850376239E+00  2.300114E+03
      1    1   1963   2   8  11778     56 -1.65620138585640E+00 -2.36677745112498E+00  1.578194E+03
      1    1   1963   2  16  11778    112 -1.65783161660493E+00 -2.36812489838965E+00  2.875722E+03
      1    1   1963   2  32  11778    224 -1.65796183960982E+00 -2.36823918589762E+00  5.593227E+03
      1    1   1963   2  64  11778    448 -1.65796240969649E+00 -2.36823564405445E+00  1.016621E+04
      1    1   1963   3   8  19630     56 -1.65465964931254E+00 -2.36743019580997E+00  2.864966E+03
      1    1   1963   3  16  19630    112 -1.65747045188411E+00 -2.36894305123988E+00  5.905080E+03
      1    1   1963   3  32  19630    224 -1.65767943387026E+00 -2.36907303502087E+00  1.001262E+04
      1    1   1963   3  64  19630    448 -1.65767915471969E+00 -2.36906422703019E+00  1.668182E+04
      1    2   7781   1   8  23343     56 -1.65829842279317E+00 -2.36956301654782E+00  5.548664E+03
      1    2   7781   1  16  23343    112 -1.65981518317767E+00 -2.37080304714992E+00  5.675120E+03
      1    2   7781   1  32  23343    224 -1.65994331199937E+00 -2.37089752661114E+00  1.091564E+04
      1    2   7781   1  64  23343    448 -1.65994483302215E+00 -2.37089580407091E+00  2.458958E+04
      1    2   7781   2   8  46686     56 -1.65447384941725E+00 -2.36834648314360E+00  1.074537E+04
      1    2   7781   2  16  46686    112 -1.65742565799449E+00 -2.36895709526222E+00  1.677297E+04
      1    2   7781   2  32  46686    224 -1.65761464280404E+00 -2.36895763136873E+00  3.143205E+04
      1    2   7781   2  64  46686    448 -1.65761172607992E+00 -2.36893803232757E+00  5.711973E+04
      1    2   7781   3   8  77810     56 -1.65458256214425E+00 -2.37297798246353E+00  2.638381E+04
      1    2   7781   3  16  77810    112 -1.65735506378155E+00 -2.36914481857543E+00  3.633400E+04
      1    2   7781   3  32  77810    224 -1.65748165460675E+00 -2.36886543332517E+00  6.163182E+04
      1    2   7781   3  64  77810    448 -1.65747256015095E+00 -2.36882955962100E+00  1.313576E+05
      1    3  15882   1   8  47646     56 -1.65578689725187E+00 -2.36747215079889E+00  2.004406E+04
      1    3  15882   1  16  47646    112 -1.65801916779162E+00 -2.36851578511963E+00  2.167687E+04
      1    3  15882   1  32  47646    224 -1.65819673172904E+00 -2.36865489700295E+00  3.593482E+04
      1    3  15882   1  64  47646    448 -1.65819689169068E+00 -2.36864842893339E+00  5.753375E+04
      1    3  15882   2   8  95292     56 -1.65462499745543E+00 -2.37178674615171E+00  3.704834E+04
      1    3  15882   2  16  95292    112 -1.65742991468048E+00 -2.36927306169089E+00  5.159617E+04
      1    3  15882   2  32  95292    224 -1.65755225677296E+00 -2.36904574018626E+00  9.143687E+04
      1    3  15882   2  64  95292    448 -1.65754493850405E+00 -2.36901538745199E+00  1.629944E+05
      1    3  15882   3   8 158820     56 -1.65498836512143E+00 -2.37861744697910E+00  7.350651E+04
      1    3  15882   3  16 158820    112 -1.65736862829258E+00 -2.36945893738560E+00  1.084698E+05
      1    3  15882   3  32 158820    224 -1.65748447391931E+00 -2.36892825691122E+00  1.968888E+05
      1    3  15882   3  64 158820    448 -1.65747344546111E+00 -2.36888088395201E+00  3.288088E+05
      2    0    520   1   8   1560     56 -2.11246370681062E+00  3.94222243688752E-01  7.803275E+01
      2    0    520   1  16   1560    112 -2.12731412277419E+00  3.56238156823944E-01  1.524950E+02
      2    0    520   1  32   1560    224 -2.12527409652574E+00  3.57133398997690E-01  2.798373E+02
      2    0    520   1  64   1560    448 -2.12527299100259E+00  3.57403479940833E-01  8.120407E+02
      2    0    520   2   8   3120     56 -2.28897497749191E+00  9.47365710849303E-01  2.523579E+02
      2    0    520   2  16   3120    112 -2.24580790002701E+00  9.78828747303398E-01  4.730032E+02
      2    0    520   2  32   3120    224 -2.24655311770407E+00  9.79422971378407E-01  8.826151E+02
      2    0    520   3   8   5200     56 -2.34682294633354E+00  8.85605702848345E-01  5.888527E+02
      2    0    520   3  16   5200    112 -2.31679641031809E+00  8.77594951673566E-01  1.058879E+03
      2    0    520   3  32   5200    224 -2.32509017176508E+00  8.71053972593927E-01  2.271662E+03
      2    0    520   3  64   5200    448 -2.32511736309367E+00  8.71166405006576E-01  3.274469E+03
      2    1   1963   1   8   5889     56 -2.18233619304410E+00  1.05344171023066E+00  4.604893E+02
      2    1   1963   1  16   5889    112 -2.16077293760060E+00  1.08988530082788E+00  7.556800E+02
      2    1   1963   1  32   5889    224 -2.16153393712477E+00  1.09060560799984E+00  1.746087E+03
      2    1   1963   1  64   5889    448 -2.16147957048520E+00  1.09080407478903E+00  2.645245E+03
      2    1   1963   2   8  11778     56 -2.29658548626998E+00  8.87941681609738E-01  1.487458E+03
      2    1   1963   2  16  11778    112 -2.26293842655544E+00  9.28700273318498E-01  2.586079E+03
      2    1   1963   2  32  11778    224 -2.26868715767458E+00  9.26228314087614E-01  6.461666E+03
      2    1   1963   2  64  11778    448 -2.26910307062102E+00  9.26083972138329E-01  1.110051E+04
      2    1   1963   3   8  19630     56 -2.27001694002239E+00  8.77504330352280E-01  5.072379E+03
      2    1   1963   3  16  19630    112 -2.28158657082339E+00  8.82726258521818E-01  5.927274E+03
      2    1   1963   3  32  19630    224 -2.29491497454271E+00  8.73509235929841E-01  1.060316E+04
      2    1   1963   3  64  19630    448 -2.29554024478613E+00  8.73085699743646E-01  1.904399E+04
      2    2   7781   1   8  23343     56 -2.28836094011460E+00  9.01654589666805E-01  4.782189E+03
      2    2   7781   1  16  23343    112 -2.25884959668753E+00  9.38414629327842E-01  8.884747E+03
      2    2   7781   1  32  23343    224 -2.26536937633323E+00  9.35200416328856E-01  1.125540E+04
      2    2   7781   1  64  23343    448 -2.26586671302253E+00  9.34789384888889E-01  2.115441E+04
      2    2   7781   2   8  46686     56 -2.25766869337805E+00  8.81789846867327E-01  1.353808E+04
      2    2   7781   2  16  46686    112 -2.27532317374149E+00  8.86530757196508E-01  2.058797E+04
      2    2   7781   2  32  46686    224 -2.28847838295495E+00  8.79084035193437E-01  3.257286E+04
      2    2   7781   2  64  46686    448 -2.28902412890067E+00  8.78806451247420E-01  6.116741E+04
      2    2   7781   3   8  77810     56 -2.21604335889479E+00  8.78932270245496E-01  2.515586E+04
      2    2   7781   3  16  77810    112 -2.27911195482400E+00  8.74352027532226E-01  4.210587E+04
      2    2   7781   3  32  77810    224 -2.30068876675797E+00  8.63126743040350E-01  6.587123E+04
      2    2   7781   3  64  77810    448 -2.30205773840866E+00  8.62077687907550E-01  1.418606E+05
      2    3  15882   1   8  47646     56 -2.28709763828272E+00  8.68385118930575E-01  1.741261E+04
      2    3  15882   1  16  47646    112 -2.26773806564601E+00  9.06986651876586E-01  2.806989E+04
      2    3  15882   1  32  47646    224 -2.28014865380989E+00  8.99799496559372E-01  3.956994E+04
      2    3  15882   1  64  47646    448 -2.28021162159465E+00  8.99985672022752E-01  6.123355E+04
      2    3  15882   2   8  95292     56 -2.22501674483135E+00  8.84317067607304E-01  4.238803E+04
      2    3  15882   2  16  95292    112 -2.27736735004278E+00  8.79609761229491E-01  6.296221E+04
      2    3  15882   2  32  95292    224 -2.29451996885242E+00  8.72224803500059E-01  1.074165E+05
      2    3  15882   2  64  95292    448 -2.29570616267440E+00  8.71482037420812E-01  1.755195E+05
      2    3  15882   3   8 158820     56 -2.16249467467467E+00  8.79713937826423E-01  8.799064E+04
      2    3  15882   3  16 158820    112 -2.26789405913983E+00  8.78456041169063E-01  1.296462E+05
      2    3  15882   3  32 158820    224 -2.29674261774109E+00  8.67133284255724E-01  2.462461E+05
      2    3  15882   3  64 158820    448 -2.29846203043684E+00  8.66267085091821E-01  3.547223E+05
