 force-1force-2force-3workmass
   1.7763568394002505E-015   2.4868995751603507E-014  -2.1490512560269861E-014   0.0000000000000000       0.78539817820995306     
   9.7600150184007362E-011  -1.3760416355808047E-003  -1.7567937710374168E-014  -3.0441960436559251E-007  0.78539817820995317     
  -1.2195394916147961E-008  -5.3873370908341656E-003  -1.5900541490340670E-014  -4.3294195819828379E-006  0.78539817820995284     
  -6.1810270679529822E-008  -1.2075537582518336E-002  -1.8802817466407734E-014  -2.0801272948831051E-005  0.78539817820995328     
  -1.8245741584266284E-007  -2.1493814748325235E-002  -1.6396338707970200E-014  -6.3725381371323997E-005  0.78539817820995295     
  -4.1784525617316604E-007  -3.3689913521218529E-002  -1.7482782125235903E-014  -1.5226562385889375E-004  0.78539817820995284     
  -8.1692166054025961E-007  -4.8700780832021451E-002  -1.5030692869145698E-014  -3.1058945794706916E-004  0.78539817820995306     
  -1.4272735344711407E-006  -6.6547197138952185E-002  -2.0174825534412085E-014  -5.6762095739565366E-004  0.78539817820995284     
  -2.2869213331944138E-006  -8.7229065685693996E-002  -2.4636994371309528E-014  -9.5667164025803331E-004  0.78539817820995306     
  -3.4142877769482993E-006 -0.11072105618646688       -1.9969439680064165E-014  -1.5149284399616492E-003  0.78539817820995317     
  -4.7964983309611853E-006 -0.13696569364729072       -2.0345971480584107E-014  -2.2827414842744309E-003  0.78539817820995350     
  -6.3772454579336113E-006 -0.16586551713005093       -2.0674973891306380E-014  -3.3026735050452616E-003  0.78539817820995328     
  -8.0438842426922008E-006 -0.19727480126437769       -1.8690804497643389E-014  -4.6182811582571315E-003  0.78539817820995328     
  -9.6189620575337642E-006 -0.23098851236745688       -1.7763968144277734E-014  -6.2725381404305502E-003  0.78539817820995328     
  -1.0859242814742487E-005 -0.26672980624283582       -1.4098336097137831E-014  -8.3058558197082188E-003  0.78539817820995328     
  -1.1449616164505017E-005 -0.30412335222678877       -1.9431934052490720E-014  -1.0753262330607027E-002  0.78539817820995339     
  -1.0948285714462713E-005 -0.34262313672909883       -2.0968849065490339E-014  -1.3639297168750786E-002  0.78539817820995350     
  -8.6586226681895084E-006 -0.38136996679548574       -2.0772763538709938E-014  -1.6968397207522634E-002  0.78539817820995350     
  -3.6183683969071012E-006 -0.41906075838890899       -1.8262301061092776E-014  -2.0711950839433335E-002  0.78539817820995372     
   4.9795548990871907E-006 -0.45409448550677567       -1.6003457917897273E-014  -2.4804071478992551E-002  0.78539817820995395     
   1.7235727713948990E-005 -0.48515419743666044       -1.9690462803480702E-014  -2.9162390496306534E-002  0.78539817820995417     
   3.2777903558489641E-005 -0.51181066801348862       -1.9328565297922160E-014  -3.3725677651616826E-002  0.78539817820995461     
   5.1639863405394948E-005 -0.53446275625970330       -2.4685455782320003E-014  -3.8469631612890742E-002  0.78539817820995506     
   7.4351479380396768E-005 -0.55365311120716498       -1.6114439058740296E-014  -4.3381999628729906E-002  0.78539817820995517     
   1.0106897727935049E-004 -0.56956283536723440       -1.6171515672478616E-014  -4.8431061604864656E-002  0.78539817820995550     
   1.3123745891041594E-004 -0.58210542944599020       -2.1266786249576246E-014  -5.3564099567580570E-002  0.78539817820995550     
   1.6411459191578714E-004 -0.59122387612962868       -1.7058019617391192E-014  -5.8724765426686032E-002  0.78539817820995639     
   1.9903063778770047E-004 -0.59698252504754379       -1.9927179652747815E-014  -6.3861727206829366E-002  0.78539817820995683     
   2.3514388791978647E-004 -0.59951982899440992       -1.9649848814275286E-014  -6.8927521038383732E-002  0.78539817820995750     
   2.7136258347448816E-004 -0.59903922461010239       -1.8119919943775026E-014  -7.3879994652644942E-002  0.78539817820995794     
   3.0655211999652821E-004 -0.59584179313458563       -2.0050664384884504E-014  -7.8688219360596889E-002  0.78539817820995861     
   3.3973679630650011E-004 -0.59035159692725614       -1.8100775130970508E-014  -8.3339196866998311E-002  0.78539817820995950     
   3.7027399981548470E-004 -0.58313718086315802       -2.0916741626819921E-014  -8.7845827501316087E-002  0.78539817820995994     
   3.9810587987521018E-004 -0.57494531640609381       -2.1707776671168216E-014  -9.2258431232461469E-002  0.78539817820996105     
   4.2413468539681531E-004 -0.56673545204855991       -1.9889073504605146E-014  -9.6679082504467662E-002  0.78539817820996183     
   4.5074911172982013E-004 -0.55966780138376926       -2.2367183572931323E-014 -0.10127165885730438       0.78539817820996272     
   4.8229214637629525E-004 -0.55497386827073747       -2.0568300792803491E-014 -0.10625291497542744       0.78539817820996383     
   5.2480008695177105E-004 -0.55367894250270311       -1.9261160815552157E-014 -0.11185124983376316       0.78539817820996471     
   5.8446201701922718E-004 -0.55628192864924486       -1.9464355414396536E-014 -0.11824171203159750       0.78539817820996571     
   6.6562099059108704E-004 -0.56262575277769145       -2.0295666387813226E-014 -0.12549784349416893       0.78539817820996638     
   7.7052062544069599E-004 -0.57212180555298175       -2.2284148510812817E-014 -0.13360516766092045       0.78539817820996793     
   9.0183501057694571E-004 -0.58420112374645328       -2.0509412618843089E-014 -0.14253389499575064       0.78539817820996904     
   1.0655756786386306E-003 -0.59863576403873608       -1.8937309088024932E-014 -0.15230934631613113       0.78539817820997015     
   1.2707678166092862E-003 -0.61549704974903463       -1.8684480479916551E-014 -0.16301882011947688       0.78539817820997171     
   1.5258651402856316E-003 -0.63487466734680709       -2.1849364928432845E-014 -0.17475932969222630       0.78539817820997293     
   1.8356538579027415E-003 -0.65665684943416558       -2.1609287577972707E-014 -0.18758337819027737       0.78539817820997415     
   2.2009811154255488E-003 -0.68050628600163598       -2.1432522323886778E-014 -0.20148149817658290       0.78539817820997571     
   2.6194654181663779E-003 -0.70593026566142036       -2.0159394802836253E-014 -0.21638861095978790       0.78539817820997726     
   3.0846222958977876E-003 -0.73231300860276427       -1.8913340320681954E-014 -0.23218475261564642       0.78539817820997904     
   3.5836790604051316E-003 -0.75889688591052895       -1.9706895368217809E-014 -0.24868383522839466       0.78539817820998070     
   4.0959348932760875E-003 -0.78476882692902272       -2.6865758638131674E-014 -0.26562358878267922       0.78539817820998270     
   4.5925850838361981E-003 -0.80888691799501444       -2.4571994213280426E-014 -0.28266779793733754       0.78539817820998503     
   5.0383287253916720E-003 -0.83015626114553953       -2.0138292657752051E-014 -0.29942601254110279       0.78539817820998714     
   5.3956696756154443E-003 -0.84756492264192396       -2.2520902735101249E-014 -0.31549631551007629       0.78539817820998936     
   5.6322644483541850E-003 -0.86037453006266951       -1.8668739307141148E-014 -0.33053189509747050       0.78539817820999192     
   5.7287132972074772E-003 -0.86830262240366984       -2.1341162773934331E-014 -0.34431318418317236       0.78539817820999469     
   5.6811278705399815E-003 -0.87158273577305678       -1.8149361500309601E-014 -0.35678666778650392       0.78539817820999758     
   5.4938743229779874E-003 -0.87081723409968603       -1.7517846739588130E-014 -0.36803470719932729       0.78539817821000057     
   5.1650390979762761E-003 -0.86666598459429878       -2.1931088268368572E-014 -0.37818053420444109       0.78539817821000335     
   4.6757567518982412E-003 -0.85955440294987184       -1.8663024026711166E-014 -0.38728554763072598       0.78539817821000701     
   3.9949792775511028E-003 -0.84959758853766765       -2.2957041834753763E-014 -0.39531227513954637       0.78539817821001012     
   3.0995044822770268E-003 -0.83677885430950383       -1.7245937022573834E-014 -0.40217933011215656       0.78539817821001412     
   1.9950363315421882E-003 -0.82122417079676779       -2.5927356284316201E-014 -0.40786164777738598       0.78539817821001756     
   7.2317832545820693E-004 -0.80336674640479977       -1.8842494213200625E-014 -0.41246062527558358       0.78539817821002178     
  -6.4656778817706595E-004 -0.78392993959572443       -1.7052403010427848E-014 -0.41620941404295131       0.78539817821002589     
  -2.0275349494802697E-003 -0.76381508193493097       -2.2798927413866583E-014 -0.41943907330497687       0.78539817821002988     
  -3.3194185557761102E-003 -0.74400957058545281       -1.7206449007153023E-014 -0.42254893900947366       0.78539817821003477     
  -4.4076084174839991E-003 -0.72554357112607804       -2.5022848497666390E-014 -0.42599437660676021       0.78539817821003910     
  -5.1685830053749271E-003 -0.70944563740243538       -2.2023599226220638E-014 -0.43027200681973987       0.78539817821004410     
  -5.4866698178202000E-003 -0.69664992798348635       -2.1398543017170794E-014 -0.43587954856850963       0.78539817821004876     
  -5.2781652643520971E-003 -0.68785798368266526       -2.1961453060520250E-014 -0.44324716904571027       0.78539817821005420     
  -4.5132684399060707E-003 -0.68340051654428180       -1.8645841336147534E-014 -0.45265830535202056       0.78539817821005942     
  -3.2246672668065912E-003 -0.68316263780441489       -1.8391610801889446E-014 -0.46419169455995934       0.78539817821006475     
  -1.4932869956485462E-003 -0.68662957212040965       -2.3617799379074615E-014 -0.47771967567191176       0.78539817821007030     
   5.8911560323160472E-004 -0.69306693569606281       -1.7804430944475373E-014 -0.49298049225159168       0.78539817821007618     
   2.9633589070012789E-003 -0.70177093186688921       -2.3486340783745826E-014 -0.50970031219504719       0.78539817821008229     
   5.6215348789994124E-003 -0.71225771822222050       -2.3937455439960630E-014 -0.52769750236858926       0.78539817821008839     
   8.5784006513414113E-003 -0.72427665268248198       -2.2388317452573528E-014 -0.54689887279196903       0.78539817821009517     
   1.1804765792176042E-002 -0.73764232094676530       -1.8785946412134008E-014 -0.56725206752070889       0.78539817821010172     
   1.5164236414335619E-002 -0.75200610677263313       -2.0376163332912038E-014 -0.58859288338157967       0.78539817821010893     
   1.8396287070958195E-002 -0.76672185326366282       -1.3828887862575990E-014 -0.61055687028143879       0.78539817821011648     
   2.1154988995611745E-002 -0.78087443865250172       -1.7930781409144795E-014 -0.63258430224143858       0.78539817821012381     
   2.3074159537671335E-002 -0.79341930139694306       -1.8712253935062227E-014 -0.65399733496094647       0.78539817821013236     
   2.3821670540925766E-002 -0.80333260304391985       -1.8920296670321301E-014 -0.67409304955025817       0.78539817821014113     
   2.3130827381647734E-002 -0.80971710011249165       -2.2880312252411584E-014 -0.69221697474100630       0.78539817821015057     
   2.0823793895903719E-002 -0.81187674342983662       -2.1745604272130290E-014 -0.70782094830734721       0.78539817821016000     
   1.6842279100362845E-002 -0.80939098524241260       -1.7214443980859888E-014 -0.72052147128196431       0.78539817821017022     
   1.1277766748026608E-002 -0.80218554288621391       -2.2817673214985196E-014 -0.73015515963539634       0.78539817821018110     
   4.3745698927875054E-003 -0.79055933566156966       -2.0262690687898443E-014 -0.73680562725251164       0.78539817821019153     
  -3.5154547967266581E-003 -0.77512697261341934       -1.9005799150138745E-014 -0.74077608510891757       0.78539817821020275     
  -1.2019375423740541E-002 -0.75667393245907810       -2.1525259193635895E-014 -0.74250514111946586       0.78539817821021429     
  -2.0831075073491689E-002 -0.73597334674853876       -2.1862028891133073E-014 -0.74245477476720190       0.78539817821022562     
  -2.9747076183161525E-002 -0.71364675421679635       -2.6098437808818223E-014 -0.74102025541201400       0.78539817821023805     
  -3.8618091802920418E-002 -0.69013816774382697       -2.4338409904520166E-014 -0.73850553412636977       0.78539817821025015     
  -4.7235411144063377E-002 -0.66580777335940589       -2.1427923178964360E-014 -0.73517124682822477       0.78539817821026314     
  -5.5220268425252073E-002 -0.64107579309071383       -2.3251670811516647E-014 -0.73131639928245562       0.78539817821027613     
  -6.1990984681958849E-002 -0.61651621971601145       -2.4377831273881139E-014 -0.72733359545534526       0.78539817821028990     
  -6.6836304749909203E-002 -0.59284080559435459       -2.0993397846699207E-014 -0.72369956930791801       0.78539817821030378     
  -6.9059184863043299E-002 -0.57079131197029120       -2.0701512433483758E-014 -0.72090930300237943       0.78539817821031843     
  -6.8124279400311849E-002 -0.55100804937473846       -2.0099383506364755E-014 -0.71939392133555913       0.78539817821033375     
  -6.3761802834498837E-002 -0.53393307028857073       -2.2848013729351283E-014 -0.71945796984870469       0.78539817821034941     
  -5.6019519265536388E-002 -0.51976316880139084       -2.4768452678490719E-014 -0.72124508733354897       0.78539817821036650     
  -4.5271767938348972E-002 -0.50843929461770809       -1.8090231661974362E-014 -0.72472345900657054       0.78539817821038438     
  -3.2182494671300077E-002 -0.49966328614950850       -1.9943571641104912E-014 -0.72968727540763645       0.78539817821040270     
  -1.7608052775784699E-002 -0.49294799605558115       -2.0782853143582004E-014 -0.73578336762466989       0.78539817821042224     
  -2.4442429797026932E-003 -0.48770438644080283       -2.3694871185804591E-014 -0.74257133123024843       0.78539817821044333     
   1.2534385088851963E-002 -0.48334642604132227       -2.5062855260977591E-014 -0.74960607130720192       0.78539817821046509     
   2.6764101966392673E-002 -0.47937440484284188       -1.7751693296050831E-014 -0.75651054133343809       0.78539817821048841     
   3.9851884095437384E-002 -0.47540269966584159       -2.3371758414431874E-014 -0.76300515764871246       0.78539817821051272     
   5.1421536453986505E-002 -0.47113015787218604       -2.1062036254933506E-014 -0.76888503810876863       0.78539817821053881     
   6.0944641118563680E-002 -0.46628714524006032       -2.3255564455448197E-014 -0.77397005158812693       0.78539817821056601     
   6.7679244614119227E-002 -0.46060460815550597       -2.2356482890268865E-014 -0.77806862138203581       0.78539817821059432     
   7.0775971557257122E-002 -0.45382820100616827       -2.0532478014250530E-014 -0.78098071411634429       0.78539817821062463     
   6.9504198798981065E-002 -0.44576365847357113       -2.1537862154329512E-014 -0.78253198687590597       0.78539817821065605     
   6.3484161104380377E-002 -0.43631812454805630       -2.3875196007852651E-014 -0.78260838309607639       0.78539817821068969     
   5.2830250675604873E-002 -0.42550967354852265       -2.4760273893023842E-014 -0.78116500382934717       0.78539817821072444     
   3.8180868855057781E-002 -0.41344126141165627       -2.5876087290435314E-014 -0.77820505652141403       0.78539817821076108     
   2.0637746208215901E-002 -0.40025386067658686       -2.6833883928304959E-014 -0.77374246938712909       0.78539817821079905     
   1.6333900125857781E-003 -0.38607718067532026       -2.5967318829338058E-014 -0.76776528738384275       0.78539817821083835     
  -1.7271356392850379E-002 -0.37099153388855810       -2.9711054338127613E-014 -0.76021225451096486       0.78539817821087921     
  -3.4636139923090781E-002 -0.35500922902680276       -2.4968584732549220E-014 -0.75096973324322480       0.78539817821092162     
  -4.9358163280626144E-002 -0.33807824692364208       -2.0866163398285496E-014 -0.73988963203645142       0.78539817821096514     
  -6.0752032961175928E-002 -0.32010155016649922       -1.9502356739231511E-014 -0.72681850458729591       0.78539817821101088     
  -6.8439573164138068E-002 -0.30095566509459415       -2.7704699010599300E-014 -0.71161869382770515       0.78539817821105729     
  -7.2114052219369285E-002 -0.28049247044596237       -1.7835643738412233E-014 -0.69416548020878133       0.78539817821110547     
  -7.1341655213707611E-002 -0.25852379312588791       -1.9658376178870632E-014 -0.67432317399531616       0.78539817821115609     
  -6.5555340748389312E-002 -0.23480944173122964       -2.0664619357157291E-014 -0.65192478424470734       0.78539817821120750     
  -5.4271789199937359E-002 -0.20907586823469515       -2.0693045772125182E-014 -0.62678340599821669       0.78539817821126134     
  -3.7409848422864656E-002 -0.18107498256051002       -2.0198895288443590E-014 -0.59874184260362773       0.78539817821131630     
  -1.5527126990839690E-002 -0.15066436242694969       -2.2945724548922824E-014 -0.56773809113568841       0.78539817821137370     
   1.0140072133587807E-002 -0.11787620587824144       -2.5310399088879913E-014 -0.53385439124014855       0.78539817821143243     
   3.7824231081824422E-002  -8.2952336814873462E-002  -2.1905414118070532E-014 -0.49733287745247434       0.78539817821149327     
   6.5480052840712233E-002  -4.6340918867183944E-002  -2.7936476410452027E-014 -0.45856179742968450       0.78539817821155622     
   9.1071361118292060E-002  -8.6582979224267831E-003  -1.7191152120409786E-014 -0.41804199283246746       0.78539817821162095     
  0.11284829527561513        2.9381263851178119E-002  -1.5146098945997996E-014 -0.37633677245567432       0.78539817821168723     
  0.12956331595054849        6.7057098672844262E-002  -2.0003474377508713E-014 -0.33400898014402891       0.78539817821175539     
  0.14055023704867509       0.10372419677486810       -2.4911518583493202E-014 -0.29156401125814035       0.78539817821182556     
  0.14561877299095727       0.13884646159598368       -1.8997143631388975E-014 -0.24942830280186179       0.78539817821189739     
  0.14481694191604078       0.17196765819269011       -2.0324787543186990E-014 -0.20797659225813447       0.78539817821197033     
  0.13821364590662810       0.20265714084974107       -2.2938135320754027E-014 -0.16758159899884717       0.78539817821204516     
  0.12585611557275200       0.23049985007769180       -2.4699100861323474E-014 -0.12863020301139549       0.78539817821212088     
  0.10793866033966637       0.25517755739945258       -2.1506263005467007E-014  -9.1463329846084740E-002  0.78539817821219804     
   8.5065003774058567E-002  0.27662032819848470       -2.3729829751339897E-014  -5.6249812761534734E-002  0.78539817821227642     
   5.8417926265988740E-002  0.29514697863086603       -2.2794663517317538E-014  -2.2856968846311609E-002  0.78539817821235558     
   2.9716100625996944E-002  0.31151070563118211       -2.1372837774960512E-014   9.2099555551188317E-003  0.78539817821243540     
   9.7406041012959577E-004  0.32682016881646980       -1.8999870937389964E-014   4.0765432406015378E-002  0.78539817821251612     
  -2.5823158303509786E-002  0.34236924066453156       -1.9787220212545522E-014   7.2815229710970542E-002  0.78539817821259750     
  -4.9014424940443391E-002  0.35943698770732091       -2.3615758890812813E-014  0.10638737975541446       0.78539817821267899     
  -6.7457040219800035E-002  0.37911347476726398       -2.2638415325210969E-014  0.14237147662672633       0.78539817821276181     
  -8.0592155910640173E-002  0.40219313811733315       -2.3358609291514210E-014  0.18141034708283321       0.78539817821284352     
  -8.8375059121286625E-002  0.42916337859632137       -1.7127098789829109E-014  0.22387700888584483       0.78539817821292623     
  -9.1101256639008810E-002  0.46028307607067021       -1.6878939394735952E-014  0.26993674659690470       0.78539817821300884     
  -8.9212969377483020E-002  0.49569029288066346       -1.5707350228002723E-014  0.31964045489139714       0.78539817821309155     
  -8.3193220940325219E-002  0.53544100806373507       -3.1089577460006974E-014  0.37296071346659865       0.78539817821317326     
  -7.3602396770127143E-002  0.57941256291381293       -2.1261298046968727E-014  0.42971148811683335       0.78539817821325519     
  -6.1208474176929428E-002  0.62710446791427543       -2.4961578730278155E-014  0.48938074180856894       0.78539817821333591     
  -4.7088045716096261E-002  0.67746370622383267       -2.8173144073714906E-014  0.55098679612815893       0.78539817821341606     
  -3.2592702585574784E-002  0.72887139740200269       -2.3068598487451419E-014  0.61307441399286589       0.78539817821349489     
  -1.9167454249451765E-002  0.77934107419402210       -2.2296936605591512E-014  0.67388897495089495       0.78539817821357238     
  -8.0989190112088494E-003  0.82686322948793389       -2.7683467749863707E-014  0.73166830607937960       0.78539817821364877     
  -2.9984780474023864E-004  0.86976554475617718       -3.1147923187135351E-014  0.78493983589067184       0.78539817821372360     
   3.7969272250784059E-003  0.90696680763571180       -1.9961326638721555E-014  0.83272322257505138       0.78539817821379709     
   4.2174655283044871E-003  0.93805470508193878       -1.4829392323471345E-014  0.87458678215323005       0.78539817821386992     
   1.3266504377433819E-003  0.96318192798671021       -1.5414914082795943E-014  0.91056059532347611       0.78539817821394087     
  -4.3330147396005714E-003  0.98284420710641740       -2.5510495078776997E-014  0.94096208569880524       0.78539817821401048     
  -1.2173465289089691E-002  0.99766586467005425       -2.2026973764317301E-014  0.96623168954289440       0.78539817821407887     
  -2.1610914051515273E-002   1.0083293868797760       -2.9397109071619132E-014  0.98687619013875683       0.78539817821414593     
  -3.2031519855581614E-002   1.0157048323800630       -2.9848390731091801E-014   1.0035506316004881       0.78539817821421098     
  -4.2729436792116715E-002   1.0210906505099722       -2.0038224654814240E-014   1.0172043643847140       0.78539817821427493     
  -5.2894974135350381E-002   1.0263721618014401       -2.6865023132872310E-014   1.0291505369529030       0.78539817821433744     
  -6.1694062846130215E-002   1.0339303418766335       -2.3037265019098318E-014   1.0409521677155702       0.78539817821439839     
  -6.8413768803674557E-002   1.0462819613901893       -2.9090257832428415E-014   1.0541327359554700       0.78539817821445768     
  -7.2603618127158320E-002   1.0655928363419491       -2.5597028854776070E-014   1.0698289172576985       0.78539817821451474     
  -7.4147376894590167E-002   1.0932685106361610       -2.5471280961385152E-014   1.0885325221948428       0.78539817821457025     
  -7.3240948834547126E-002   1.1297703076905350       -2.4865602311593225E-014   1.1100136451054858       0.78539817821462399     
  -7.0295874590856400E-002   1.1746907671482134       -2.1723562045323079E-014   1.1334291730226713       0.78539817821467595     
  -6.5812902079863456E-002   1.2270189567458871       -1.9075219692314335E-014   1.1575501233234036       0.78539817821472557     
  -6.0273619986989768E-002   1.2854612523698812       -2.1427120255126301E-014   1.1810065647550640       0.78539817821477320     
  -5.4084148737543636E-002   1.3486661878195747       -1.4478540795054223E-014   1.2024536094699165       0.78539817821481883     
  -4.7577209413964816E-002   1.4152512115977629       -2.4038823207988919E-014   1.2206099601714122       0.78539817821486291     
  -4.1047634333158500E-002   1.4836480710055717       -1.0782502749158053E-014   1.2342001385180952       0.78539817821490465     
  -3.4779996536866475E-002   1.5519167171937802       -2.0298620390049215E-014   1.2418984511426157       0.78539817821494429     
  -2.9038676817611409E-002   1.6177268064906620       -2.1360723772163521E-014   1.2423738691937070       0.78539817821498248     
  -2.4022673070576039E-002   1.6786153108174204       -2.5544913142471315E-014   1.2344604423226766       0.78539817821501912     
  -1.9814920082173115E-002   1.7324515806597951       -3.2102527053548058E-014   1.2173807354449053       0.78539817821505387     
  -1.6358714467136215E-002   1.7779042690450986       -3.1423108786988922E-014   1.1909035297312158       0.78539817821508695     
  -1.3473905269284936E-002   1.8147005185012155       -2.9433668822451981E-014   1.1553518211606741       0.78539817821511893     
  -1.0901835312376096E-002   1.8435844940047268       -3.1136624743991970E-014   1.1114598261945705       0.78539817821514912     
  -8.3575334060728146E-003   1.8660315543698296       -3.0854863061420664E-014   1.0601488401381660       0.78539817821517832     
  -5.5725251160965161E-003   1.8838727598375762       -2.6690385399104628E-014   1.0023142038253043       0.78539817821520630     
  -2.3227359597952635E-003   1.8989991332189611       -3.6652435307428805E-014  0.93868981908001814       0.78539817821523261     
   1.5560955347357908E-003   1.9132529783523147       -3.3438222037976388E-014  0.86980529395605632       0.78539817821525792     
   6.1616064969647333E-003   1.9285008056589561       -2.1433581284421940E-014  0.79600126907990099       0.78539817821528168     
   1.1525652497364369E-002   1.9467665544145980       -2.5360609281519989E-014  0.71744532270079775       0.78539817821530455     
   1.7624935776724415E-002   1.9702517402063044       -2.2370006592837890E-014  0.63410756788379796       0.78539817821532598     
   2.4402941027303671E-002   2.0011280845563348       -2.2953714132316031E-014  0.54570169677589986       0.78539817821534641     
   3.1799501866209390E-002   2.0411344071519366       -1.6687748527046722E-014  0.45164022984862706       0.78539817821536606     
   3.9777885099923083E-002   2.0911483672914066       -3.0641413813849937E-014  0.35105828456312582       0.78539817821538482     
   4.8337172817256135E-002   2.1509384166749221       -1.4752606215029060E-014  0.24292343885191459       0.78539817821540225     
   5.7503015781708466E-002   2.2192107891240340       -2.0526218241501535E-014  0.12619891529093252       0.78539817821541913     
   6.7300170471296994E-002   2.2939158341199928       -1.4992416695357060E-014  -2.1358842392731956E-014  0.78539817821543489     
