 force-1force-2force-3workmass
   4.4408920985006262E-016   1.0658141036401503E-014  -2.1490512560269858E-014   0.0000000000000000       0.78539817820995284     
   4.2188474935755949E-014  -1.2079226507921703E-013  -1.3338738219394877E-014   9.2760836499228770E-018  0.78539817820995239     
   2.7533531010703882E-014   1.3855583347321954E-013  -1.8681889626476945E-014   1.6911847094052745E-017  0.78539817820995261     
  -1.3766765505351941E-014  -1.3500311979441904E-013  -1.6629977123974151E-014   4.0601220677064806E-017  0.78539817820995295     
  -5.4622972811557702E-014  -1.2789769243681803E-013  -1.3376379598561245E-014   3.3530342623025138E-017  0.78539817820995261     
   8.8817841970012523E-015  -6.7501559897209518E-014  -1.5691533757098237E-014   8.7870099090416129E-017  0.78539817820995250     
  -5.9063864910058328E-014  -1.0658141036401503E-014  -1.8964369254598592E-014   2.8926476676747147E-016  0.78539817820995284     
  -3.5527136788005009E-015  -8.5265128291212022E-014  -1.2964821510497666E-014   4.8965160022283041E-016  0.78539817820995228     
  -3.9968028886505635E-014   5.3290705182007514E-014  -1.1685679550404047E-014   9.2370791026365049E-017  0.78539817820995261     
   9.8143715376863838E-014  -1.0658141036401503E-013  -2.5763759512452703E-014   6.8805639498638292E-016  0.78539817820995284     
  -1.3322676295501878E-014   8.8817841970012523E-014  -1.6584681628940984E-014   3.0979229488157091E-016  0.78539817820995284     
   3.9079850466805510E-014   2.9132252166164108E-013  -2.3346269222585409E-014   3.9379717289168159E-016  0.78539817820995272     
   1.3766765505351941E-014   7.1054273576010019E-014  -2.5928509497829493E-014   7.7659207187689641E-016  0.78539817820995261     
  -8.8817841970012523E-016   5.6843418860808015E-014  -2.3718232560127895E-014   1.2369960635605435E-016  0.78539817820995261     
  -3.3306690738754696E-014  -4.2632564145606011E-014  -1.6952345671548353E-014   4.3839462264851329E-016  0.78539817820995250     
   1.1945999744966684E-013  -1.6697754290362354E-013  -2.1818444594466934E-014   6.7297489788028921E-016  0.78539817820995284     
   5.0182080713057076E-014   1.2079226507921703E-013  -1.6463876603013909E-014  -1.6309095794053807E-016  0.78539817820995284     
   2.8421709430404007E-014   1.0658141036401503E-013  -2.4090848600889598E-014   1.6729138365534224E-015  0.78539817820995284     
   4.9737991503207013E-014   9.2370555648813024E-014  -2.1446316599104567E-014   2.8357853570311113E-015  0.78539817820995306     
   2.7977620220553945E-014   4.2632564145606011E-014  -2.0320507849864837E-014   1.3625414862303824E-015  0.78539817820995383     
  -5.1958437552457326E-014  -2.7000623958883807E-013  -2.2210382206561791E-014   2.5666681467595084E-015  0.78539817820995328     
   3.0198066269804258E-014  -3.1974423109204508E-014  -2.2147258049959313E-014   1.6252302359017498E-015  0.78539817820995350     
   5.0626169922907138E-014   3.5527136788005009E-014  -1.7368403364890568E-014   4.4745891652180744E-015  0.78539817820995350     
  -7.4606987254810520E-014   1.0658141036401503E-014  -1.9247908054653402E-014   1.8776800703318613E-015  0.78539817820995361     
   0.0000000000000000        5.6843418860808015E-014  -2.1042103733275385E-014   3.5731664953412891E-015  0.78539817820995372     
   1.3899992268306960E-013  -2.2382096176443156E-013  -2.0636578722802001E-014   2.7134934764200017E-015  0.78539817820995383     
   8.8817841970012523E-014   5.3290705182007514E-014  -1.9806241144150870E-014   5.3782963449921506E-015  0.78539817820995372     
   7.6383344094210770E-014  -7.4606987254810520E-014  -2.6137295682459801E-014   1.6734015637492796E-015  0.78539817820995406     
   1.3544720900426910E-013  -7.1054273576010019E-014  -2.2328176803296588E-014  -2.5131138037638081E-015  0.78539817820995472     
   5.7287508070658077E-014   1.0658141036401503E-013  -2.0395514920775598E-014   5.0420694877234622E-015  0.78539817820995461     
  -1.5987211554602254E-014   8.5265128291212022E-014  -2.1995285249593727E-014   2.8086423243755095E-015  0.78539817820995483     
  -7.7715611723760958E-014   2.1316282072803006E-014  -2.5303916916416746E-014  -9.4913612513112622E-016  0.78539817820995528     
  -2.9753977059954195E-014   9.9475983006414026E-014  -2.8589892194239411E-014  -3.4866255080428704E-016  0.78539817820995550     
   4.0856207306205761E-014   6.3948846218409017E-014  -2.2289599828843363E-014   2.1455679975689818E-015  0.78539817820995572     
   7.3718808835110394E-014   3.5527136788005009E-014  -2.3479909600481866E-014   3.3163947456081646E-015  0.78539817820995617     
  -7.9936057773011271E-015   9.2370555648813024E-014  -2.4303617192201160E-014   3.5594789921615864E-015  0.78539817820995672     
  -3.1086244689504383E-015  -1.9539925233402755E-013  -1.5290297997405191E-014   4.3437925080249927E-015  0.78539817820995739     
  -3.9079850466805510E-014  -3.3040237212844659E-013  -1.6301835412465162E-014   2.4215842233671607E-015  0.78539817820995794     
   5.3290705182007514E-014   1.3500311979441904E-013  -1.8229165618567751E-014   1.0554656698512285E-015  0.78539817820995794     
   2.3980817331903381E-014  -2.8421709430404007E-014  -1.8733425794434540E-014   1.0711096553573274E-015  0.78539817820995905     
   4.4853010194856324E-014   1.1368683772161603E-013  -2.5318363899752368E-014   1.1919146027167565E-014  0.78539817820996016     
  -2.0650148258027912E-014  -2.8421709430404007E-014  -1.4425101365820017E-014  -5.5137464415515892E-015  0.78539817820996027     
   3.1086244689504383E-014   7.1054273576010019E-014  -1.6420558171130968E-014  -1.3044110568361274E-015  0.78539817820996005     
   2.0206059048177849E-014   9.9475983006414026E-014  -2.1259900649415173E-014  -1.1980000133189928E-015  0.78539817820996061     
  -7.7271522513910895E-014   9.2370555648813024E-014  -1.4967503385949765E-014   5.9046392691616726E-015  0.78539817820996149     
  -2.2204460492503131E-014   5.6843418860808015E-014  -2.2281093067386675E-014   5.4693098788374894E-015  0.78539817820996194     
  -1.9984014443252818E-014   1.1368683772161603E-013  -1.8653780574270647E-014   9.9945854476427856E-015  0.78539817820996249     
   3.3306690738754696E-015  -3.9079850466805510E-014  -2.1009209807695029E-014   5.3530634543506685E-015  0.78539817820996372     
   1.6209256159527285E-014   1.3145040611561853E-013  -2.2079273722148842E-014   8.9091658042619460E-015  0.78539817820996394     
   6.5725203057809267E-014   1.3855583347321954E-013  -1.9737564242425971E-014   3.2803894595155279E-015  0.78539817820996471     
   1.7763568394002505E-015  -2.4868995751603507E-014  -2.2154944918010163E-014   4.6878631492927876E-015  0.78539817820996616     
  -5.9063864910058328E-014  -1.4566126083082054E-013  -1.5978029153699387E-014   5.7140159337501908E-015  0.78539817820996671     
   7.3274719625260332E-015   2.0250467969162855E-013  -2.0166121725185285E-014   5.7858926945821326E-015  0.78539817820996749     
  -1.1235457009206584E-013  -6.7501559897209518E-014  -1.9933147809642475E-014   3.8749097918127658E-015  0.78539817820996882     
   6.9055872131684737E-014  -4.9737991503207013E-014  -1.5814620539273114E-014  -6.9418270896680639E-015  0.78539817820996949     
  -4.4186876380081230E-014  -2.3803181647963356E-013  -1.2021652729219515E-014   4.4902910335147174E-015  0.78539817820997060     
   2.5535129566378600E-014  -1.1723955140041653E-013  -7.5170913866609480E-015  -1.0495011086821250E-015  0.78539817820997182     
  -8.1934459217336553E-014   7.8159700933611020E-014  -1.1250936560358075E-014  -3.2263247493906048E-015  0.78539817820997349     
   6.1506355564233672E-014  -6.0396132539608516E-014  -1.2318104115709722E-014   5.3609415456656807E-015  0.78539817820997304     
  -1.1235457009206584E-013  -2.4513724383723456E-013  -1.0477297953343112E-014  -1.4864170380386298E-015  0.78539817820997349     
   1.1390888232654106E-013   6.0396132539608516E-014  -2.4701329674512263E-014   1.1246592328000827E-014  0.78539817820997426     
   3.7525538232330291E-014  -1.0658141036401503E-013  -1.5174037957617096E-014  -9.6932728359921244E-015  0.78539817820997482     
   3.3306690738754696E-014  -8.8817841970012523E-014  -2.4309495261864418E-014   6.1001637158769800E-015  0.78539817820997559     
  -9.5479180117763462E-015  -1.2434497875801753E-013  -2.2553371156574603E-014   1.0258723139814660E-014  0.78539817820997704     
   1.1324274851176597E-013   2.4868995751603507E-014  -1.5059461716771498E-014  -2.8433832582844140E-015  0.78539817820997793     
  -7.2386541205560206E-014   3.1974423109204508E-014  -1.5781568549896486E-014  -4.4813573439328017E-015  0.78539817820997859     
   2.2204460492503131E-014  -7.8159700933611020E-014  -1.7279217178978257E-014  -2.4616436043599810E-015  0.78539817820997926     
   8.5265128291212022E-014   2.2382096176443156E-013  -2.4728597626671601E-014  -2.0054326118808805E-014  0.78539817820998015     
  -3.1530333899354446E-014  -6.0396132539608516E-014  -1.2214020276361500E-014   1.2471607500951707E-015  0.78539817820998126     
  -6.8389738316909643E-014   8.5265128291212022E-014  -1.3242268986167719E-014   2.7173532756932834E-015  0.78539817820998192     
   1.1102230246251565E-014  -1.1723955140041653E-013  -1.4657084241032280E-014  -5.7347608856679143E-015  0.78539817820998281     
   6.2172489379008766E-014   1.5276668818842154E-013  -2.5676970784473943E-014  -8.3538084439451496E-015  0.78539817820998403     
  -2.3092638912203256E-014  -7.4606987254810520E-014  -1.9841102209582058E-014  -9.1999244978863819E-015  0.78539817820998414     
  -2.3980817331903381E-014   9.2370555648813024E-014  -1.9322735415887195E-014  -8.8983989136977679E-015  0.78539817820998459     
  -6.9277916736609768E-014  -6.3948846218409017E-014  -2.2498141765540251E-014  -2.9990616770479357E-015  0.78539817820998459     
  -6.6613381477509392E-014  -3.0198066269804258E-014  -2.2259877773272460E-014   6.0570483525070295E-015  0.78539817820998503     
   8.7041485130612273E-014  -3.5527136788005009E-015  -1.4061077086865307E-014  -7.2608575196103617E-015  0.78539817820998636     
  -4.7073456244106637E-014   3.3750779948604759E-014  -2.0965836402128388E-014  -9.5322183553606613E-015  0.78539817820998736     
  -7.2830630415410269E-014   3.5527136788005009E-015  -2.3942620756443649E-014  -1.0660355405518752E-014  0.78539817820998814     
   9.9475983006414026E-014   9.4146912488213275E-014  -1.7232136966048897E-014  -9.1593307085870156E-015  0.78539817820998836     
  -6.4837024638109142E-014  -1.6164847238542279E-013  -1.4831765114578168E-014  -2.2985263874054613E-014  0.78539817820998903     
   5.1514348342607263E-014   2.4868995751603507E-013  -2.0420143514831887E-014  -9.5277197766126835E-015  0.78539817820998992     
   9.7699626167013776E-014   1.0480505352461478E-013  -2.4619057135309439E-014  -1.7519482780797500E-014  0.78539817820999036     
   5.0626169922907138E-014   1.3855583347321954E-013  -6.8798030285487450E-015   6.3201415504845435E-015  0.78539817820999103     
   8.2600593032111647E-014   6.2172489379008766E-014  -1.3481516856680520E-014  -2.6680144356815664E-014  0.78539817820999169     
   6.9277916736609768E-014   1.7763568394002505E-013  -1.6178291259422903E-014  -4.6518551500477418E-015  0.78539817820999192     
   1.2789769243681803E-013   2.6112445539183682E-013  -2.0299040213562455E-014  -8.7225464829276414E-015  0.78539817820999214     
  -6.1284310959308641E-014   1.9539925233402755E-014  -1.3417836548347441E-014  -3.9367653515061119E-014  0.78539817820999258     
   1.3145040611561853E-013   1.4743761767022079E-013  -1.9281477517418134E-014  -3.0053771229389283E-014  0.78539817820999325     
   6.7501559897209518E-014   9.9475983006414026E-014  -1.7048734395952268E-014  -2.8180141364554365E-014  0.78539817820999369     
  -1.7763568394002505E-015   7.1054273576010019E-015  -1.6880620155990017E-014  -1.1477988758998697E-014  0.78539817820999414     
  -3.7303493627405260E-014  -2.5757174171303632E-013  -2.1976191917413425E-014  -3.4514585542809330E-014  0.78539817820999513     
   3.9079850466805510E-014   2.4868995751603507E-014  -2.6062712193844426E-014  -3.2195893670636763E-014  0.78539817820999558     
   3.5527136788005009E-014   3.0198066269804258E-014  -2.8069939100307715E-014  -1.9111068772908538E-014  0.78539817820999569     
   2.0250467969162855E-013   5.3290705182007514E-015  -2.6630287814808246E-014  -5.2850123012813884E-014  0.78539817820999624     
   1.0658141036401503E-014  -6.7501559897209518E-014  -2.2573381761882918E-014  -2.0316562900302196E-014  0.78539817820999591     
  -5.3290705182007514E-015  -1.2434497875801753E-014  -1.6691414564912373E-014  -2.4343021821951896E-014  0.78539817820999558     
  -7.6383344094210770E-014   1.0658141036401503E-014  -1.8269636536771312E-014  -1.8940110994816015E-014  0.78539817820999558     
   5.3290705182007514E-014   1.2789769243681803E-013  -2.0467343669267019E-014  -2.8720939072232085E-014  0.78539817820999580     
   1.1546319456101628E-013   1.1191048088221578E-013  -1.6213623306678154E-014  -4.1186912023991873E-014  0.78539817820999624     
  -5.6843418860808015E-014   7.1054273576010019E-015  -1.7410790135953716E-014  -4.8837312716855097E-014  0.78539817820999658     
  -3.1974423109204508E-014  -3.7303493627405260E-014  -9.2918964950246606E-015  -5.6648157881043973E-014  0.78539817820999658     
  -3.5527136788005009E-014  -1.3500311979441904E-013  -1.6225912613653360E-014  -1.8402937767589376E-014  0.78539817820999702     
  -7.4606987254810520E-014   5.3290705182007514E-015  -2.2254614630034436E-014  -5.4939863361651272E-014  0.78539817820999680     
  -1.1901590823981678E-013  -6.0396132539608516E-014  -1.7788151525665205E-014  -5.9242578856352296E-014  0.78539817820999680     
  -1.2967404927621828E-013  -3.5527136788005009E-014  -1.7420625275467216E-014  -4.5851549146059143E-014  0.78539817820999624     
   5.8619775700208265E-014  -3.5527136788005009E-015  -2.5123930341738394E-014  -4.3411885001124117E-014  0.78539817820999558     
   1.4566126083082054E-013   1.5276668818842154E-013  -1.4144837075567209E-014  -7.6679085310254919E-014  0.78539817820999425     
  -9.5923269327613525E-014   4.2632564145606011E-014  -1.4637090746333980E-014  -4.0194368338902495E-014  0.78539817820999247     
   1.0302869668521453E-013   1.7408297026122455E-013  -2.2970795705985126E-014  -6.1434813652731137E-014  0.78539817820999280     
  -1.3677947663381929E-013  -1.0658141036401503E-013  -1.9473585775268134E-014  -7.6493992173546722E-014  0.78539817820999280     
  -1.2789769243681803E-013  -1.0658141036401503E-014  -2.1211442585199888E-014  -8.4559048356322301E-014  0.78539817820999280     
  -1.4743761767022079E-013  -8.3488771451811772E-014  -1.5964596942947400E-014  -5.6158907137612467E-014  0.78539817820999258     
  -8.8817841970012523E-014  -6.6613381477509392E-014  -1.6058098504095490E-014  -4.5452896967256618E-014  0.78539817820999214     
   2.4158453015843406E-013   1.0480505352461478E-013  -2.3654800794777311E-014  -6.4218246767818921E-014  0.78539817820999136     
   1.4921397450962104E-013  -4.4408920985006262E-014  -1.6319235691608743E-014  -7.0862046688115376E-014  0.78539817820999080     
   1.5454304502782179E-013   5.2402526762307389E-014  -1.6706300210134735E-014  -6.8721327383414803E-014  0.78539817820998925     
   5.3290705182007514E-014  -4.4408920985006262E-015  -1.5016456013984632E-014  -7.7289945229050770E-014  0.78539817820998692     
   4.4408920985006262E-014  -2.2204460492503131E-014  -1.7773256991568961E-014  -5.3181380002699051E-014  0.78539817820998514     
   1.6164847238542279E-013   2.6645352591003757E-014  -2.2219472300261917E-014  -7.1217607415685098E-014  0.78539817820998170     
  -6.3948846218409017E-014  -1.5987211554602254E-014  -9.0006239865243538E-015  -7.3385480895991305E-014  0.78539817820997748     
   1.4921397450962104E-013   1.0302869668521453E-013  -1.4850798766928050E-014  -7.6831353438715175E-014  0.78539817820997748     
   4.9737991503207013E-014  -6.7057470687359455E-014  -1.8930115100240204E-014  -5.2842409222729582E-014  0.78539817820997726     
   1.4210854715202004E-013  -2.9753977059954195E-014  -1.5363210414372989E-014  -6.2837904923079478E-014  0.78539817820997693     
   1.9539925233402755E-013   1.2878587085651816E-014  -2.5370026984286482E-014  -4.7085981862928168E-014  0.78539817820997671     
  -1.8474111129762605E-013  -2.3980817331903381E-014  -2.6295467446365616E-014  -6.6234322031044697E-014  0.78539817820997559     
   1.4210854715202004E-013  -3.5527136788005009E-014  -2.2245645199826824E-014  -5.5503407007544428E-014  0.78539817820997282     
  -6.0396132539608516E-014  -4.2632564145606011E-014  -1.5368499052956779E-014  -5.9666324399452119E-014  0.78539817820997060     
   1.1368683772161603E-013  -7.5717210279435676E-014  -1.9418162427221905E-014  -5.7152728333674761E-014  0.78539817820996749     
   1.2079226507921703E-013  -5.1736392947532295E-014  -1.9326473164029541E-014  -8.5512269502982353E-014  0.78539817820996538     
  -1.8829382497642655E-013  -4.2632564145606011E-014  -1.5206779272554593E-014  -5.9396483313500304E-014  0.78539817820996105     
   1.7763568394002505E-014   7.2386541205560206E-014  -1.4507518940879423E-014  -7.8121896106169607E-014  0.78539817820995461     
  -1.4210854715202004E-013   1.9984014443252818E-015  -1.7106125670183152E-014  -6.0637521259466467E-014  0.78539817820995461     
  -4.6185277824406512E-014  -5.5511151231257827E-015  -1.9499844924424363E-014  -5.3936552213588733E-014  0.78539817820995428     
  -1.6697754290362354E-013  -8.8817841970012523E-015  -1.9834721499823479E-014  -8.5982290851505733E-014  0.78539817820995361     
   8.8817841970012523E-014  -6.2172489379008766E-015  -1.4933010769156845E-014  -8.7279861629256220E-014  0.78539817820995361     
  -1.2789769243681803E-013  -3.3750779948604759E-014  -1.7602671492067881E-014  -9.5758045638319113E-014  0.78539817820995128     
   9.9475983006414026E-014   4.8405723873656825E-014  -1.9429929338099952E-014  -7.0681905835412420E-014  0.78539817820994751     
   2.4158453015843406E-013  -4.9737991503207013E-014  -1.7959623384413584E-014  -6.1390203312605229E-014  0.78539817820994440     
   1.2434497875801753E-013  -1.0125233984581428E-013  -2.4768968210330021E-014  -7.8464892410220902E-014  0.78539817820993885     
   2.1316282072803006E-014   8.7929663550312398E-014  -1.9416986722901305E-014  -4.4421407309439974E-014  0.78539817820993563     
   2.1316282072803006E-014   4.7073456244106637E-014  -1.8133383634571965E-014  -7.3326694572755480E-014  0.78539817820992941     
   1.0302869668521453E-013  -1.1990408665951691E-013  -1.8011705679383634E-014  -2.5804845609091577E-014  0.78539817820992075     
  -1.1368683772161603E-013  -1.5987211554602254E-014  -1.6050494197904865E-014  -6.3203528455002141E-014  0.78539817820992053     
  -9.4146912488213275E-014   1.8918200339612667E-013  -1.3053596320418396E-014  -7.4289513972519018E-014  0.78539817820991864     
   6.2172489379008766E-014   5.9507954119908391E-014  -1.5949434981512390E-014  -6.6528254083975184E-014  0.78539817820991731     
   1.4566126083082054E-013  -1.5987211554602254E-014  -1.0798127982694277E-014  -4.0429976383150236E-014  0.78539817820991398     
  -7.4606987254810520E-014   7.9936057773011271E-014  -1.5460908700974172E-014  -7.1823401991429585E-014  0.78539817820991131     
   2.3092638912203256E-014   1.5099033134902129E-014  -1.8636294714670883E-014  -6.7587387906105114E-014  0.78539817820990532     
  -1.7763568394002505E-015   4.9737991503207013E-014  -2.0377387403455969E-014  -5.1249024351014257E-014  0.78539817820990099     
   2.4868995751603507E-014  -4.0856207306205761E-014  -1.6823322208642201E-014  -6.0665939896443674E-014  0.78539817820989433     
   0.0000000000000000        1.9539925233402755E-014  -2.3536486524277590E-014  -6.1329521832559262E-014  0.78539817820989055     
  -1.0302869668521453E-013   5.6843418860808015E-014  -2.3426539684359342E-014  -6.1813895962467964E-014  0.78539817820988322     
   4.6185277824406512E-014  -1.4388490399142029E-013  -1.9303171754851503E-014  -6.7642718923868737E-014  0.78539817820987201     
  -6.3948846218409017E-014   1.6520118606422329E-013  -1.4285891132182527E-014  -5.4539164976241307E-014  0.78539817820987223     
   6.3948846218409017E-014  -9.0594198809412774E-014  -2.2271290547156159E-014  -5.3015521402653668E-014  0.78539817820987123     
   7.8159700933611020E-014  -1.5809575870662229E-013  -1.0407052235935829E-014  -2.1025275122424408E-014  0.78539817820986912     
  -2.8421709430404007E-014  -1.5987211554602254E-014  -1.5398435380820914E-014  -4.3263676278063578E-014  0.78539817820986424     
   1.7763568394002505E-014   1.5987211554602254E-014  -2.1278703392266925E-014  -4.3823285806641317E-014  0.78539817820986091     
   7.4606987254810520E-014  -2.0605739337042905E-013  -1.6431568078429259E-014  -2.6882194213007721E-014  0.78539817820985403     
  -5.1514348342607263E-014  -2.1493917756743031E-013  -1.5525370601719355E-014  -3.9593516372458805E-014  0.78539817820985025     
  -7.8159700933611020E-014   6.2172489379008766E-014  -1.6552920081415265E-014  -3.8769461159279913E-014  0.78539817820984259     
   1.3855583347321954E-013  -7.9936057773011271E-014  -1.7309020189904238E-014  -3.7420888350635872E-014  0.78539817820983093     
  -3.3750779948604759E-014   1.4210854715202004E-014  -1.4183144386718562E-014  -4.6723070345214157E-014  0.78539817820982427     
  -1.8296475445822580E-013   1.5276668818842154E-013  -1.9857373190823673E-014  -3.6588132745895028E-014  0.78539817820981273     
  -5.1514348342607263E-014   5.6843418860808015E-014  -1.8590130842286224E-014  -4.0217233814642613E-014  0.78539817820979696     
  -9.5923269327613525E-014   7.2830630415410269E-014  -1.5742015235864540E-014  -4.2895607699511882E-014  0.78539817820979629     
   4.6185277824406512E-014  -1.9539925233402755E-013  -1.3769618769595092E-014  -1.7484088271634282E-014  0.78539817820979407     
  -1.9184653865522705E-013   1.3855583347321954E-013  -2.1728991554230143E-014  -3.8234042084347478E-014  0.78539817820979219     
   9.7699626167013776E-014   2.8421709430404007E-014  -2.7176548119850275E-014  -1.9716954987030006E-014  0.78539817820978675     
   1.9539925233402755E-014  -2.1316282072803006E-014  -1.9179724423431326E-014  -3.3583838489728205E-014  0.78539817820978586     
  -3.9079850466805510E-014  -1.4210854715202004E-013  -2.9519447630562972E-014  -1.8684306085215705E-014  0.78539817820977920     
  -9.5035090907913400E-014   6.0396132539608516E-014  -1.8287721429275644E-014  -1.6205407705036105E-014  0.78539817820976787     
  -2.5757174171303632E-014   1.7763568394002505E-014  -1.8887509945915329E-014  -1.9266466516055331E-014  0.78539817820976388     
   2.5757174171303632E-014   9.9475983006414026E-014  -2.0432820114538108E-014  -2.6429367772279946E-014  0.78539817820975300     
  -2.3092638912203256E-014   2.0961010704922955E-013  -2.2512365192440517E-014   6.0451806863796128E-015  0.78539817820973745     
   3.3750779948604759E-014  -1.2967404927621828E-013  -2.2329907225902067E-014  -1.5145350669933227E-014  0.78539817820972790     
  -1.8651746813702630E-014   7.2830630415410269E-014  -1.2386703898137439E-014   1.4472064866293543E-014  0.78539817820971414     
   3.9079850466805510E-014   1.0302869668521453E-013  -1.5151715957826610E-014  -1.6966494283775320E-014  0.78539817820969626     
  -2.0428103653102880E-014   1.0835776720341528E-013  -1.2292490498128133E-014  -6.3025133721015279E-015  0.78539817820969615     
  -8.8817841970012523E-015  -1.5276668818842154E-013  -1.8517792819130769E-014  -1.0640912644334701E-014  0.78539817820969360     
   1.1723955140041653E-013  -1.0658141036401503E-013  -1.4238397705186072E-014   1.1143074254377507E-014  0.78539817820969160     
   8.8817841970012523E-014  -1.3855583347321954E-013  -1.0989446384717632E-014   1.3726453797876345E-014  0.78539817820968638     
  -2.6645352591003757E-014  -8.1712414612411521E-014  -1.7329339739311270E-014   1.0196501204622658E-014  0.78539817820967772     
   5.4178883601707639E-014  -1.1013412404281553E-013  -2.2694866985906470E-014   1.2632132357689288E-014  0.78539817820967206     
   4.8849813083506888E-014  -6.0396132539608516E-014  -1.1456237788954335E-014   2.0807011507139797E-015  0.78539817820966340     
   9.7699626167013776E-014  -9.9475983006414026E-014  -1.6812566369298163E-014   3.1291291282089376E-015  0.78539817820965840     
   3.3750779948604759E-014  -1.6697754290362354E-013  -1.5747957577008287E-014   7.0105431106613794E-015  0.78539817820965085     
  -6.5725203057809267E-014   3.5527136788005009E-014  -1.3026349488870911E-014   7.3680453667863837E-015  0.78539817820964053     
  -3.1974423109204508E-014  -3.9079850466805510E-014  -1.2231367088848156E-014   2.1054454679538379E-015  0.78539817820963442     
   1.3766765505351941E-014  -8.8817841970012523E-014  -1.5100176020190257E-014   1.0687374221288947E-015  0.78539817820962643     
   3.9968028886505635E-014   1.5987211554602254E-013  -1.0216473154021520E-014   8.7703818778391625E-015  0.78539817820961644     
   4.2188474935755949E-014   6.3948846218409017E-014  -2.0297598535159252E-014   9.6802744139673478E-015  0.78539817820961633     
  -4.8405723873656825E-014  -7.4606987254810520E-014  -7.5441976300778419E-015   9.9730882957263145E-015  0.78539817820961488     
  -1.1501910535116622E-013   0.0000000000000000       -2.0564668037096665E-014   3.7608765982426714E-015  0.78539817820961377     
   9.3258734068513149E-015   3.9079850466805510E-014  -1.8381807173593534E-014   1.6255251977548382E-015  0.78539817820961144     
  -6.2172489379008766E-015  -3.1974423109204508E-014  -2.2394840435367499E-014   2.8324496809006391E-015  0.78539817820961122     
  -6.0840221749458578E-014   4.2632564145606011E-014  -1.5397730348929995E-014  -5.6161668067973822E-016  0.78539817820960944     
  -7.9491968563161208E-014   1.0658141036401503E-013  -2.0904152147702685E-014   3.1289518716754737E-015  0.78539817820960711     
  -1.0835776720341528E-013   7.1054273576010019E-015  -2.6556675109550337E-014   7.2781572014110754E-016  0.78539817820960578     
   1.9539925233402755E-014   1.3855583347321954E-013  -2.3077394124517431E-014  -3.0584235890242402E-028  0.78539817820960556     
