 force-1force-2force-3workmass
   1.7763568394002505E-015   2.4868995751603507E-014  -2.1490512560269861E-014   0.0000000000000000       0.78539817820995306     
   3.0642155479654321E-014  -1.3760361343528871E-003  -1.7703741804917019E-014  -2.0537339305267202E-007  0.78539817820995306     
   2.1760371282653068E-014  -5.3872365297813474E-003  -1.6494543726411571E-014  -3.2000184986905045E-006  0.78539817820995306     
   2.3536728122053319E-014  -1.2074991343435926E-002  -1.9600534571209895E-014  -1.6056719738921643E-005  0.78539817820995284     
  -3.0642155479654321E-014  -2.1491984449951929E-002  -2.0054088246085209E-014  -5.0549147426290353E-005  0.78539817820995328     
  -1.5987211554602254E-014  -3.3685218944167872E-002  -1.8067574200342309E-014  -1.2316158176461228E-004  0.78539817820995306     
  -3.9523939676655573E-014  -4.8690636440355206E-002  -1.8582246649661180E-014  -2.5504155367460368E-004  0.78539817820995306     
  -6.2172489379008766E-015  -6.6527761346026892E-002  -1.8290214585273705E-014  -4.7186477928706783E-004  0.78539817820995306     
   5.3290705182007514E-015  -8.7195023444401443E-002  -1.8199285887150961E-014  -8.0358933606367033E-004  0.78539817820995284     
   4.2188474935755949E-014 -0.11066545677611117       -1.6753274093611185E-014  -1.2840789613374759E-003  0.78539817820995284     
  -6.2172489379008766E-015 -0.13687986601227209       -1.9439927853018695E-014  -1.9505380906749692E-003  0.78539817820995306     
  -3.8635761256955448E-014 -0.16573908240516033       -2.0382299051264034E-014  -2.8427153066426514E-003  0.78539817820995306     
   2.3092638912203256E-014 -0.19709580467236876       -1.8986172644330844E-014  -4.0018332180676852E-003  0.78539817820995306     
   7.1054273576010019E-015 -0.23074369233021486       -2.3566315863046188E-014  -5.4691446815336997E-003  0.78539817820995306     
   6.4837024638109142E-014 -0.26640500975473103       -2.1921263548527422E-014  -7.2840457767140987E-003  0.78539817820995317     
   2.3092638912203256E-014 -0.30370410581252827       -2.1308847479819375E-014  -9.4812625533348127E-003  0.78539817820995328     
   5.5955240441107890E-014 -0.34209533822453864       -2.4312202835492326E-014  -1.2085544108796697E-002  0.78539817820995306     
   6.6169292267659330E-014 -0.38072065508742625       -2.0686330195649409E-014  -1.5101379964206574E-002  0.78539817820995339     
   6.6169292267659330E-014 -0.41827909160942411       -2.1422095011452023E-014  -1.8498811105518431E-002  0.78539817820995328     
   7.1942451995710144E-014 -0.45317319616471252       -2.4568621478424489E-014  -2.2208092357949072E-002  0.78539817820995306     
  -4.8849813083506888E-014 -0.48409124364647838       -2.1290327072686194E-014  -2.6140927156909410E-002  0.78539817820995328     
  -3.0642155479654321E-014 -0.51061001570074893       -2.0018480771206225E-014  -3.0230283022050886E-002  0.78539817820995328     
   0.0000000000000000      -0.53313419560002018       -1.9158381288471563E-014  -3.4447932914499768E-002  0.78539817820995328     
   3.5971225997855072E-014 -0.55221270207777806       -2.0727744013189789E-014  -3.8778998950236288E-002  0.78539817820995350     
   7.3274719625260332E-014 -0.56803441242482577       -1.5877552790233987E-014  -4.3188792445484347E-002  0.78539817820995361     
  -6.2172489379008766E-015 -0.58052151630186621       -2.0747208965500668E-014  -4.7620905634137456E-002  0.78539817820995372     
  -3.5083047578154947E-014 -0.58962525253281584       -2.1255320808112354E-014  -5.2015560527940430E-002  0.78539817820995361     
  -8.2156503822261584E-014 -0.59541722261479713       -2.1994355551012496E-014  -5.6319175398382937E-002  0.78539817820995383     
   1.2434497875801753E-014 -0.59804173622126733       -2.0391655034517452E-014  -6.0483549034474393E-002  0.78539817820995395     
  -1.0347278589506459E-013 -0.59770566493274835       -2.2952284524870668E-014  -6.4467487034731707E-002  0.78539817820995417     
   9.5923269327613525E-014 -0.59470978753572901       -1.9897574927808436E-014  -6.8242948119725533E-002  0.78539817820995439     
  -7.5939254884360707E-014 -0.58947280124158219       -1.7359539033232576E-014  -7.1801766132633116E-002  0.78539817820995439     
   3.6415315207705135E-014 -0.58255116659917228       -2.4011042220883337E-014  -7.5163081719292091E-002  0.78539817820995472     
  -1.3766765505351941E-014 -0.57467082565491090       -2.1332303920543027E-014  -7.8383520274559970E-002  0.78539817820995494     
   1.0658141036401503E-014 -0.56676042965659335       -2.1834909164357118E-014  -8.1569294557036987E-002  0.78539817820995494     
   3.5527136788005009E-014 -0.55994176375453364       -2.2300629858487360E-014  -8.4883671749163003E-002  0.78539817820995528     
   1.9539925233402755E-014 -0.55540894469524815       -2.3693329366196699E-014  -8.8536629055980587E-002  0.78539817820995539     
  -8.4376949871511897E-015 -0.55416422893377870       -2.0221785361671989E-014  -9.2745063895415925E-002  0.78539817820995594     
  -4.4408920985006262E-015 -0.55670647807383844       -2.1661424641121623E-014  -9.7671924752142480E-002  0.78539817820995583     
   2.9309887850104133E-014 -0.56289459745603310       -2.1631887247583004E-014 -0.10338164393972349       0.78539817820995628     
  -1.9095836023552692E-014 -0.57215075827355477       -1.9572475404169226E-014 -0.10985294558852310       0.78539817820995650     
   4.3076653355456074E-014 -0.58389453580688055       -2.0543700779887331E-014 -0.11704706072694426       0.78539817820995650     
   2.3092638912203256E-014 -0.59786948844468668       -1.8901893246937095E-014 -0.12497505064754755       0.78539817820995672     
   4.3964831775156199E-014 -0.61412418314010253       -2.3113964044632830E-014 -0.13370696362221679       0.78539817820995717     
  -8.3044682241961709E-014 -0.63274871958698142       -2.4120245706927176E-014 -0.14332517797108446       0.78539817820995728     
   3.8191672047105385E-014 -0.65365407470359926       -2.0168822035707509E-014 -0.15387425452319370       0.78539817820995728     
   1.0391687510491465E-013 -0.67653890032283037       -2.0900764492659286E-014 -0.16534475416109862       0.78539817820995772     
  -5.5955240441107890E-014 -0.70095725220069660       -2.6386646300040702E-014 -0.17768057192027609       0.78539817820995794     
  -1.2434497875801753E-014 -0.72635617686388976       -2.4077323155921740E-014 -0.19078180799036115       0.78539817820995794     
  -4.5741188614556449E-014 -0.75206100794705577       -2.0902076412291393E-014 -0.20449535286915843       0.78539817820995816     
  -3.9968028886505635E-014 -0.77725931388376246       -2.5582143183462145E-014 -0.21860418202980725       0.78539817820995839     
   2.5757174171303632E-014 -0.80101815365308937       -2.1149923798258020E-014 -0.23282533832257446       0.78539817820995883     
   1.0791367799356522E-013 -0.82234246456153315       -2.2751338683199411E-014 -0.24682115668335491       0.78539817820995927     
   4.7961634663806763E-014 -0.84028460365758839       -1.9268361860370914E-014 -0.26022962954707740       0.78539817820995961     
   6.2172489379008766E-015 -0.85410773284304575       -1.9305859116029255E-014 -0.27271830731225233       0.78539817820995983     
  -2.4424906541753444E-014 -0.86345973375692608       -1.9222659882856610E-014 -0.28405126928934799       0.78539817820996038     
   2.7977620220553945E-014 -0.86846167952505837       -2.1359067508590267E-014 -0.29413754931497849       0.78539817820996072     
   9.4146912488213275E-014 -0.86962011411053020       -2.0739772849008812E-014 -0.30302369426741471       0.78539817820996083     
  -4.8849813083506888E-014 -0.86756786566877153       -2.1548204362945735E-014 -0.31082006896169201       0.78539817820996149     
   2.0872192862952943E-014 -0.86277101952694402       -1.7613019412832059E-014 -0.31759960093142503       0.78539817820996194     
   2.6645352591003757E-014 -0.85539095078203076       -2.0449880198020944E-014 -0.32333777939560893       0.78539817820996216     
   1.0436096431476471E-013 -0.84538714400846970       -2.3813481968291817E-014 -0.32793771992768583       0.78539817820996283     
   4.5297099404706387E-014 -0.83276346272852209       -1.9719049243006006E-014 -0.33131827470039266       0.78539817820996349     
   2.1760371282653068E-014 -0.81776602125238185       -2.1675739985778771E-014 -0.33349704551553749       0.78539817820996372     
   4.9293902293356950E-014 -0.80091824059729078       -2.3851148322847247E-014 -0.33461723357562256       0.78539817820996416     
  -2.2648549702353193E-014 -0.78293313205688619       -2.0171856519979683E-014 -0.33492411389771348       0.78539817820996494     
  -1.1102230246251565E-014 -0.76461606718968689       -2.1848047746518374E-014 -0.33473209266216752       0.78539817820996527     
   5.4622972811557702E-014 -0.74681903220011314       -2.2917087938168188E-014 -0.33440894589574288       0.78539817820996571     
   6.7057470687359455E-014 -0.73042073170793742       -2.5877304610332474E-014 -0.33436908087833217       0.78539817820996616     
  -5.7731597280508140E-014 -0.71627979279320009       -2.2161227680153743E-014 -0.33505294518523954       0.78539817820996705     
   1.5543122344752192E-014 -0.70514157127415444       -2.4524207687692339E-014 -0.33688138567622428       0.78539817820996738     
   1.0214051826551440E-014 -0.69751978310361729       -2.1103379314983403E-014 -0.34019208167599846       0.78539817820996782     
  -8.8817841970012523E-015 -0.69359477347562404       -1.8825286643808873E-014 -0.34517714934697175       0.78539817820996827     
   5.8619775700208265E-014 -0.69317670999634018       -1.9248947021775458E-014 -0.35184765999108691       0.78539817820996882     
   1.6431300764452317E-014 -0.69577355400066665       -2.3117117218337212E-014 -0.36005029027137070       0.78539817820996938     
   7.4162898044960457E-014 -0.70076461636115539       -2.3069944183512498E-014 -0.36954384065920820       0.78539817820996960     
   1.4210854715202004E-014 -0.70761516566270544       -2.1527748795120301E-014 -0.38010822330870475       0.78539817820997004     
   5.7731597280508140E-015 -0.71602034812926973       -2.7437653446655721E-014 -0.39162750841438765       0.78539817820997038     
   9.3258734068513149E-014 -0.72588954274402084       -2.6481313745649044E-014 -0.40409254599200040       0.78539817820997082     
   7.5051076464660582E-014 -0.73717768959688357       -2.4907524277256221E-014 -0.41751588094025038       0.78539817820997104     
  -3.9079850466805510E-014 -0.74967219375791494       -2.0995839840024960E-014 -0.43181118360455706       0.78539817820997182     
  -1.4210854715202004E-014 -0.76286914327366162       -2.2383327680894965E-014 -0.44671271207490371       0.78539817820997215     
  -4.9293902293356950E-014 -0.77599896714489347       -2.5866132199545891E-014 -0.46177680937478094       0.78539817820997249     
  -1.0080825063596421E-013 -0.78815490990028891       -1.8973644647636243E-014 -0.47644732754509711       0.78539817820997282     
   5.4178883601707639E-014 -0.79842853638292510       -2.2729318143826964E-014 -0.49013292248645612       0.78539817820997337     
   2.2648549702353193E-014 -0.80599321247402678       -2.2117018973654493E-014 -0.50225970781076512       0.78539817820997393     
  -6.2616578588858829E-014 -0.81014600078979981       -2.4658638502476804E-014 -0.51230230476743621       0.78539817820997437     
  -3.1086244689504383E-014 -0.81035037984816327       -2.3414433325614104E-014 -0.51981768662474259       0.78539817820997504     
  -6.2616578588858829E-014 -0.80629860414135202       -2.7614800011307096E-014 -0.52449401679953134       0.78539817820997537     
   2.2204460492503131E-015 -0.79797004759371859       -2.2444322666272269E-014 -0.52620000218690421       0.78539817820997593     
  -7.5939254884360707E-014 -0.78564233503515624       -2.4373603653710954E-014 -0.52500549038724920       0.78539817820997659     
  -4.3964831775156199E-014 -0.76982657657889497       -2.3224474543280693E-014 -0.52115084474312567       0.78539817820997715     
  -1.1723955140041653E-013 -0.75113328107577715       -2.1093348872638885E-014 -0.51496495937305653       0.78539817820997726     
  -6.7057470687359455E-014 -0.73011392878910364       -2.2757641924811046E-014 -0.50675911845028487       0.78539817820997815     
   1.2789769243681803E-013 -0.70714759253904447       -2.5493924387329869E-014 -0.49674431215015424       0.78539817820997859     
   3.1086244689504383E-015 -0.68243388472100719       -2.5439173064993228E-014 -0.48501855750655487       0.78539817820997904     
  -5.8619775700208265E-014 -0.65610483881130754       -2.3617921500067697E-014 -0.47163965116982176       0.78539817820997926     
   5.4622972811557702E-014 -0.62839977453626261       -2.4956076401887588E-014 -0.45674939122275759       0.78539817820997981     
   6.4837024638109142E-014 -0.59980428886799331       -2.3363258040059563E-014 -0.44067980985705013       0.78539817820998037     
   7.0610184366159956E-014 -0.57107324952446703       -2.1423324480688713E-014 -0.42397948558314447       0.78539817820998103     
   6.6613381477509392E-015 -0.54312898181429858       -2.2608766020607892E-014 -0.40734673636072394       0.78539817820998170     
   8.8373752760162461E-014 -0.51689758924646156       -2.4975454179158941E-014 -0.39151076886181180       0.78539817820998170     
  -9.8143715376863838E-014 -0.49316652111530246       -2.4185673414717644E-014 -0.37712147969774179       0.78539817820998215     
   4.9293902293356950E-014 -0.47250820716727304       -2.5616975849576971E-014 -0.36468407870568242       0.78539817820998237     
  -2.2648549702353193E-014 -0.45525895677565842       -2.6814299492493882E-014 -0.35453382310695503       0.78539817820998303     
   2.3980817331903381E-014 -0.44151733624535083       -2.2292642484562989E-014 -0.34682566503748191       0.78539817820998314     
   7.5051076464660582E-014 -0.43114375179696651       -2.7815625932988305E-014 -0.34152534926094980       0.78539817820998326     
   1.0214051826551440E-013 -0.42377497814762677       -2.2811601869866742E-014 -0.33841303080564877       0.78539817820998370     
   9.9920072216264089E-014 -0.41887877924930805       -2.2699957266361461E-014 -0.33712034360030607       0.78539817820998359     
  -7.6383344094210770E-014 -0.41585410851666893       -2.2047163285887342E-014 -0.33720705176930466       0.78539817820998381     
  -2.6645352591003757E-015 -0.41414877538212380       -2.2338969338040635E-014 -0.33825601229334978       0.78539817820998403     
   3.2862601528904634E-014 -0.41334446435483585       -2.1082850293418178E-014 -0.33994554444984360       0.78539817820998437     
   7.2830630415410269E-014 -0.41316447444291882       -2.7344757384504227E-014 -0.34206052104918605       0.78539817820998437     
   9.3258734068513149E-015 -0.41339262035797475       -2.4918122955183903E-014 -0.34442932660015124       0.78539817820998448     
   1.7275070263167436E-013 -0.41373785619420289       -1.8121376784667044E-014 -0.34681244805194034       0.78539817820998470     
   6.4837024638109142E-014 -0.41371369191468332       -2.0755851333869396E-014 -0.34879942794269780       0.78539817820998503     
   1.6875389974302379E-014 -0.41260094135107295       -2.2598196354549513E-014 -0.34977337080966109       0.78539817820998492     
  -1.8207657603852567E-013 -0.40952152202156711       -1.8989899423225986E-014 -0.34896977215583469       0.78539817820998525     
  -2.0428103653102880E-014 -0.40359209265830032       -2.8160165088290741E-014 -0.34560640233771522       0.78539817820998548     
   1.2390088954816747E-013 -0.39408693916375981       -2.1422107046130911E-014 -0.33902540758900024       0.78539817820998570     
   4.4408920985006262E-016 -0.38054482815209312       -2.4136669638889970E-014 -0.32879073152340865       0.78539817820998570     
   5.9507954119908391E-014 -0.36279650412438968       -2.4275141889824886E-014 -0.31471843930045118       0.78539817820998592     
  -1.7097434579227411E-013 -0.34093386373595180       -2.3846115540397355E-014 -0.29685588822898445       0.78539817820998570     
  -1.4654943925052066E-014 -0.31525756136165128       -2.2802059643890504E-014 -0.27544045254728644       0.78539817820998603     
  -6.9722005946459831E-014 -0.28622399916987362       -2.0723361121142450E-014 -0.25085587204045723       0.78539817820998603     
  -1.1457501614131615E-013 -0.25438878445564939       -1.9576344957465726E-014 -0.22358389258797651       0.78539817820998625     
  -1.5365486660812167E-013 -0.22033718811430347       -2.3284124487022019E-014 -0.19414306251689872       0.78539817820998648     
   3.9968028886505635E-015 -0.18460779027695295       -1.9730112738371372E-014 -0.16302026295338479       0.78539817820998625     
   1.3855583347321954E-013 -0.14763647180945227       -2.3928847239890630E-014 -0.13061930152280787       0.78539817820998636     
   9.3258734068513149E-015 -0.10975268379613823       -2.2892600608480851E-014  -9.7255502388497561E-002  0.78539817820998636     
   1.1102230246251565E-014  -7.1240186507942838E-002  -2.1246685282416090E-014  -6.3207855479175734E-002  0.78539817820998636     
  -2.4868995751603507E-014  -3.2440152840390368E-002  -2.4184534862119671E-014  -2.8809507704764314E-002  0.78539817820998648     
  -1.0791367799356522E-013   6.1538204668423191E-003  -3.0635247746309514E-014   5.4684325585263593E-003  0.78539817820998659     
   1.6875389974302379E-014   4.3863296189094569E-002  -1.9924990971852900E-014   3.8988866776016096E-002  0.78539817820998659     
   1.7852386235972517E-013   7.9883844544504257E-002  -2.0933846359551817E-014   7.1002518475738796E-002  0.78539817820998648     
  -9.9475983006414026E-014  0.11341977825970417       -2.0957817245292810E-014  0.10076992861567291       0.78539817820998692     
  -9.3702823278363212E-014  0.14384123094881929       -1.9794083013661967E-014  0.12770339556620947       0.78539817820998681     
   4.4853010194856324E-014  0.17080035742442590       -2.5544941736999565E-014  0.15147177767657993       0.78539817820998659     
   3.7747582837255322E-014  0.19426773600260816       -2.1944537513799628E-014  0.17203301654615544       0.78539817820998681     
   3.2862601528904634E-014  0.21449162920442788       -1.7783399217961761E-014  0.18959681912953563       0.78539817820998681     
  -1.7763568394002505E-015  0.23191444081616197       -2.0028533765701612E-014  0.20454853679985163       0.78539817820998681     
   1.4610535004067060E-013  0.24708525000461634       -1.9151837674956695E-014  0.21736935709887462       0.78539817820998659     
   9.7699626167013776E-014  0.26058940035993317       -2.4362976719995280E-014  0.22857182309531154       0.78539817820998659     
   9.3702823278363212E-014  0.27299585994149922       -2.0297922608135858E-014  0.23865154753259255       0.78539817820998659     
   1.2079226507921703E-013  0.28481738521709588       -1.2613091452409785E-014  0.24805087859419395       0.78539817820998659     
  -8.0824236192711396E-014  0.29648751213543179       -1.8806107173393963E-014  0.25713806013420815       0.78539817820998670     
   1.1191048088221578E-013  0.30836768467893805       -2.2533910035197335E-014  0.26621320544795601       0.78539817820998703     
   2.7977620220553945E-014  0.32079312396668413       -1.7314050182065781E-014  0.27554773997790605       0.78539817820998714     
  -4.0412118096355698E-014  0.33414614429317524       -2.1248709260365492E-014  0.28544634863931329       0.78539817820998703     
   1.4210854715202004E-013  0.34892347357023823       -2.2350725452548823E-014  0.29630171390503435       0.78539817820998725     
   5.9063864910058328E-014  0.36575665900310028       -1.8557071825824645E-014  0.30860718103386198       0.78539817820998747     
  -3.7747582837255322E-014  0.38536034000295416       -2.3650966876021735E-014  0.32290759088096621       0.78539817820998725     
  -1.4743761767022079E-013  0.40841605715717577       -1.9473271620615443E-014  0.33969760504413848       0.78539817820998747     
   5.2846615972157451E-014  0.43543204788881695       -2.9610716150105264E-014  0.35930426551828454       0.78539817820998792     
  -1.4255263636187010E-013  0.46663358419705503       -2.2021150867861411E-014  0.38180053185719842       0.78539817820998781     
   9.4146912488213275E-014  0.50192523295109126       -1.7521537645950644E-014  0.40698293810568487       0.78539817820998814     
   4.8405723873656825E-014  0.54093321368215896       -2.2625585874359247E-014  0.43441697270957924       0.78539817820998792     
   2.9753977059954195E-013  0.58310189954915970       -2.3879813961164633E-014  0.46352533878409119       0.78539817820998892     
  -2.5401902803423582E-013  0.62780212365446530       -2.5901657645774156E-014  0.49368224476966560       0.78539817820998881     
   3.8191672047105385E-014  0.67441624604152750       -2.1746553318185125E-014  0.52428495132240727       0.78539817820998903     
   5.0182080713057076E-014  0.72238615199719192       -2.2764104885460800E-014  0.55479256473384098       0.78539817820998925     
  -1.0347278589506459E-013  0.77122883018113697       -2.9576452364412497E-014  0.58473740833341203       0.78539817820998925     
   1.9229062786507711E-013  0.82052960424927690       -2.1098338233016526E-014  0.61371839961665842       0.78539817820999025     
  -5.6399329650957952E-014  0.86991828266150328       -2.7222156251579929E-014  0.64138183314392272       0.78539817820999058     
   5.1070259132757201E-014  0.91902962750175377       -1.5758072865800125E-014  0.66739196325474737       0.78539817820999103     
  -1.0214051826551440E-014  0.96745480335479250       -2.1096784931832366E-014  0.69139762181002773       0.78539817820999136     
   8.8817841970012523E-015   1.0147022883602972       -1.7902948683222267E-014  0.71300897458043266       0.78539817820999214     
  -1.2345680033831741E-013   1.0601939882438600       -1.5362876286735600E-014  0.73180181591879290       0.78539817820999269     
  -3.2285285556099552E-013   1.1033149109771649       -2.3237988201593666E-014  0.74735904113806129       0.78539817820999369     
  -3.0198066269804258E-014   1.1435125261159644       -1.8893605540657146E-014  0.75934177425775218       0.78539817820999480     
  -1.5543122344752192E-014   1.1804158269627418       -3.1383695262806131E-014  0.76756539148252223       0.78539817820999536     
   7.6383344094210770E-014   1.2139295026325119       -2.3000754555179517E-014  0.77204914875587605       0.78539817820999636     
   1.2434497875801753E-013   1.2442653063129772       -2.3377515912737418E-014  0.77301724126122195       0.78539817820999758     
   1.6386891843467311E-013   1.2718983683112590       -2.5684393351042057E-014  0.77084958687004601       0.78539817820999869     
   1.2523315717771766E-013   1.2974674890186577       -2.6010687138451719E-014  0.76600145110180762       0.78539817820999969     
  -1.2123635428906709E-013   1.3216589582948615       -2.5116179724620520E-014  0.75892135495837643       0.78539817821000091     
  -3.4949820815199928E-013   1.3451136604073142       -2.9761281876295844E-014  0.74999233340598082       0.78539817821000257     
   1.6875389974302379E-013   1.3683798668311695       -2.7683471982293485E-014  0.73950703162719833       0.78539817821000391     
   9.1482377229112899E-014   1.3919114286090313       -2.9516537980290962E-014  0.72767180811679211       0.78539817821000513     
  -1.1146639167236572E-013   1.4160959337640371       -2.7090156252321816E-014  0.71462679456629452       0.78539817821000690     
   9.9031893796563963E-014   1.4412948307524758       -2.6892404867516802E-014  0.70046928774569839       0.78539817821000812     
   1.4210854715202004E-013   1.4678828708095448       -2.8176321792231537E-014  0.68527267791092861       0.78539817821000968     
   3.4194869158454821E-014   1.4962788472220225       -3.1762134721725159E-014  0.66909699722765659       0.78539817821001112     
   4.6984638402136625E-013   1.5269590205569052       -2.8222327968431064E-014  0.65198821565272791       0.78539817821001279     
   2.0161650127192843E-013   1.5604420914548633       -1.9525713367936706E-014  0.63396392937954360       0.78539817821001490     
  -1.5543122344752192E-014   1.5972374679201202       -2.3612693580733105E-014  0.61498633882011422       0.78539817821001623     
  -4.8849813083506888E-014   1.6377608230407148       -2.9133911272103781E-014  0.59492972105611752       0.78539817821001756     
  -1.0036416142611415E-013   1.6822383442567634       -2.4949987243683690E-014  0.57355537843806470       0.78539817821001934     
  -3.1974423109204508E-013   1.7306332299921721       -2.9083209587702009E-014  0.55050750792758407       0.78539817821002078     
   2.9487523534044158E-013   1.7826254887800772       -4.1156821387036544E-014  0.52533661194887493       0.78539817821002322     
  -1.2878587085651816E-014   1.8376575477399726       -2.9485720430608399E-014  0.49754578105058922       0.78539817821002467     
  -5.3290705182007514E-015   1.8950319220330485       -3.2037515373043412E-014  0.46664545194688367       0.78539817821002655     
  -1.2256862191861728E-013   1.9540265716581313       -3.0747884447191815E-014  0.43219941322562727       0.78539817821002855     
   2.7400304247748863E-013   2.0139889509623288       -3.0530639316618281E-014  0.39385014078056857       0.78539817821003044     
   1.7230661342182430E-013   2.0743825368490594       -3.7808640443197781E-014  0.35132157520582252       0.78539817821003244     
   2.2470914018413168E-013   2.1347818560872334       -2.4809612668418194E-014  0.30440655029143038       0.78539817821003477     
  -9.7699626167013776E-014   2.1948317460172646       -2.9432698367877490E-014  0.25294996906498901       0.78539817821003666     
  -3.2995828291859652E-013   2.2541951817010997       -3.0724347135673480E-014  0.19683688681492661       0.78539817821003899     
   9.8587804586713901E-014   2.3125108081769561       -3.3069563544918236E-014  0.13598951058564279       0.78539817821004110     
   2.4646951146678475E-013   2.3693723263675288       -2.8735736224583263E-014   7.0372135122349522E-002  0.78539817821004354     
   1.3455903058456897E-013   2.4243341156695575       -2.9400192178613245E-014  -1.1842826840242659E-014  0.78539817821004598     
