0.00010350022102,0.0603279913,4.7584045102e-05,7.6456317602e-13
0.0020700044203,0.060330289351,2.2601503876e-05,1.4512068387e-10
0.0041400088406,0.060535479169,0.00073707389282,1.8910641643e-08
0.0062100132609,0.060620096994,0.00042364280036,2.4430223657e-08
0.0082800176812,0.060596843573,-0.00054760003719,-5.6080411155e-08
0.010350022102,0.060513348597,-0.0012926476209,-2.0663307962e-07
0.012420026522,0.060451163928,-0.0020678215779,-4.7549235025e-07
0.014490030942,0.060420698487,-0.0028818168254,-9.0102742343e-07
0.016560035362,0.060402797547,-0.0037961004429,-1.548603678e-06
0.018630039783,0.060391955068,-0.0048183163936,-2.4851322829e-06
0.020700044203,0.06038388543,-0.0059509758868,-3.7853273396e-06
0.022770048623,0.060377605963,-0.007193122865,-5.5304910071e-06
0.024840053044,0.060372952298,-0.0085436818205,-7.8093252328e-06
0.026910057464,0.060369861593,-0.010001132686,-1.0717326747e-05
0.028980061884,0.060367453883,-0.011563592401,-1.4356334499e-05
0.031050066305,0.060364876095,-0.013230936672,-1.883698966e-05
0.033120070725,0.060362527125,-0.015000865438,-2.4273805005e-05
0.035190075145,0.060360951333,-0.016870860071,-3.0786431257e-05
0.037260079565,0.060359597703,-0.018840895982,-3.8504639697e-05
0.039330083986,0.060358281222,-0.020908872987,-4.7560462156e-05
0.041400088406,0.060357064749,-0.023073035629,-5.8091718242e-05
0.043470092826,0.060356090812,-0.025332290087,-7.024304094e-05
0.045540097247,0.060355294332,-0.027684096176,-8.4160102456e-05
0.047610101667,0.060354345905,-0.030128169448,-9.9999714046e-05
0.049680106087,0.060353397543,-0.03266239185,-0.00011791800375
0.051750110508,0.060352555743,-0.035285327348,-0.0001380774122
0.053820114928,0.060351734342,-0.037995354525,-0.00016064381113
0.055890119348,0.060350894118,-0.040791455891,-0.00018578959011
0.057960123768,0.060350191545,-0.043670557108,-0.00021368143241
0.060030128189,0.060349378164,-0.04663328553,-0.00024450675317
0.062100132609,0.060348616921,-0.049676462747,-0.00027843792312
0.064170137029,0.060347752842,-0.052799348633,-0.00031566253143
0.06624014145,0.060346951968,-0.056000646779,-0.00035636862114
0.06831014587,0.060346257571,-0.05927820793,-0.00040074146395
0.07038015029,0.060345500697,-0.062630765082,-0.0004489740771
0.072450154711,0.060344535802,-0.066058062471,-0.0005012697748
0.074520159131,0.060343702989,-0.069555956619,-0.00055780488417
0.076590163551,0.060342786704,-0.073124937695,-0.00061879219196
0.078660167971,0.060341808484,-0.076763630675,-0.00068443301735
0.080730172392,0.060340712696,-0.080470869745,-0.00075493236102
0.082800176812,0.06033969461,-0.08424358437,-0.0008304783801
0.084870181232,0.060338780753,-0.088080065703,-0.00091127137708
0.086940185653,0.060337620048,-0.09198169996,-0.00099754562513
0.089010190073,0.060336373033,-0.095945499936,-0.0010894922399
0.091080194493,0.060335103828,-0.099969408782,-0.0011873108982
0.093150198914,0.060333719006,-0.10405276817,-0.0012912177673
0.095220203334,0.060332236074,-0.10819453549,-0.0014014259615
0.097290207754,0.060330780608,-0.11239214342,-0.0015181289752
0.099360212174,0.06032927164,-0.11664488724,-0.0016415439035
0.10143021659,0.060327620762,-0.1209519757,-0.0017718879533
0.10350022102,0.060325755166,-0.12531249031,-0.0019093774698
0.10557022544,0.060324034309,-0.12972203887,-0.0020541744555
0.10764022986,0.06032223063,-0.13418138229,-0.0022065177328
0.10971023428,0.060320154269,-0.13869025337,-0.002366632943
0.1117802387,0.060317958289,-0.14324608863,-0.0025347069258
0.11385024312,0.060315649169,-0.14784768667,-0.0027109473883
0.11592024754,0.060313324134,-0.15249290623,-0.0028955433432
0.11799025196,0.060310785498,-0.15718159568,-0.0030887194158
0.12006025638,0.060308040334,-0.16191242441,-0.0032906778968
0.1221302608,0.060305173081,-0.1666832831,-0.0035016030872
0.12420026522,0.060302052162,-0.17149417683,-0.0037217212243
0.12627026964,0.06029892273,-0.17634188114,-0.0039511879547
0.12834027406,0.060295656126,-0.18122592071,-0.0041902150091
0.13041027848,0.060292142243,-0.18614582637,-0.0044390144117
0.1324802829,0.060288403798,-0.19110014332,-0.0046977740579
0.13455028732,0.060284419619,-0.1960876114,-0.0049666838689
0.13662029174,0.060280285397,-0.20110614809,-0.0052459098367
0.13869029616,0.060275980416,-0.20615465427,-0.0055356392167
0.14076030058,0.060271391362,-0.21123265724,-0.0058360742599
0.142830305,0.060266586667,-0.21633862623,-0.006147386687
0.14490030942,0.060261542679,-0.22147094769,-0.0064697419043
0.14697031384,0.060256198982,-0.22662895119,-0.0068033292997
0.14904031826,0.060250624463,-0.23181087183,-0.0071483030913
0.15111032268,0.060244758684,-0.23701599906,-0.0075048457632
0.1531803271,0.060238532792,-0.24224354162,-0.0078731354034
0.15525033152,0.06023206203,-0.24749116849,-0.0082532966234
0.15732033594,0.060225174707,-0.2527591049,-0.0086455339807
0.15939034036,0.060218035036,-0.2580446973,-0.0090499522008
0.16146034478,0.06021068406,-0.26334655381,-0.0094666924176
0.1635303492,0.060202821663,-0.26866595861,-0.0098959895956
0.16560035362,0.06019462312,-0.27399990912,-0.010337921667
0.16767035804,0.060185903051,-0.27934854,-0.010792677069
0.16974036246,0.060176871831,-0.28470907428,-0.01126032957
0.17181036688,0.060167483663,-0.29008090099,-0.01174103033
0.17388037131,0.060157661432,-0.29546338555,-0.01223492708
0.17595037573,0.060147404644,-0.30085534649,-0.012742141782
0.17802038015,0.060136574817,-0.3062566046,-0.013262835049
0.18009038457,0.060125229135,-0.31166542868,-0.013797097775
0.18216038899,0.060113454706,-0.31707991463,-0.014345005971
0.18423039341,0.06010116453,-0.32249990564,-0.014906708499
0.18630039783,0.06008843369,-0.32792349816,-0.015482270587
0.18837040225,0.060075113067,-0.33335093672,-0.01607185286
0.19044040667,0.060061056205,-0.3387821874,-0.016675602562
0.19251041109,0.060046412228,-0.34421513661,-0.017293561663
0.19458041551,0.060031118714,-0.3496492205,-0.017925842244
0.19665041993,0.060015308565,-0.35508242491,-0.018572477422
0.19872042435,0.059998850286,-0.36051485748,-0.019233604282
0.20079042877,0.059981658931,-0.3659460838,-0.019909329966
0.20286043319,0.059963696278,-0.37137562257,-0.020599756257
0.20493043761,0.059944946538,-0.37680269136,-0.021304964922
0.20700044203,0.059925407025,-0.38222647615,-0.022025031568
0.20907044645,0.05990501548,-0.38764646539,-0.022760045015
0.21114045087,0.059883827416,-0.39306130236,-0.02351004025
0.21321045529,0.059861835581,-0.39847031429,-0.024275086846
0.21528045971,0.059838963896,-0.40387327799,-0.025055278135
0.21735046413,0.059815231382,-0.40926928311,-0.025850661875
0.21942046855,0.059790578786,-0.4146581325,-0.026661326375
0.22149047297,0.059764895122,-0.42003988892,-0.027487374838
0.22356047739,0.059738215939,-0.42541354256,-0.028328838103
0.22563048181,0.059710561265,-0.43077832595,-0.029185757522
0.22770048623,0.059681916582,-0.43613357138,-0.030058176472
0.22977049065,0.059652347187,-0.44147797022,-0.030946088955
0.23184049507,0.05962179978,-0.4468111903,-0.031849551037
0.23391049949,0.059590126179,-0.4521334961,-0.032768659046
0.23598050391,0.059557287257,-0.45744437782,-0.033703452128
0.23805050833,0.059523233966,-0.46274354441,-0.034653981947
0.24012051275,0.059487920811,-0.46803055726,-0.035620286113
0.24219051718,0.059451422171,-0.47330407483,-0.036602328835
0.2442605216,0.059413731998,-0.47856347943,-0.037600123122
0.24633052602,0.059374747719,-0.48380877707,-0.038613727202
0.24840053044,0.059334441692,-0.48903945958,-0.039643156123
0.25047053486,0.05929273322,-0.49425552967,-0.040688462909
0.25254053928,0.059249524293,-0.49945700182,-0.041749700056
0.2546105437,0.059204835229,-0.50464299919,-0.042826842955
0.25668054812,0.059158653201,-0.50981298957,-0.043919890661
0.25875055254,0.0591109123,-0.51496672772,-0.04502886302
0.26082055696,0.059061606306,-0.52010352559,-0.046153737727
0.26289056138,0.059010673404,-0.52522328001,-0.047294539962
0.2649605658,0.058957990746,-0.53032630714,-0.048451331068
0.26703057022,0.058903561129,-0.53541204192,-0.049624090778
0.26910057464,0.05884725427,-0.54048105689,-0.050812901183
0.27117057906,0.058789163342,-0.54553200534,-0.052017662828
0.27324058348,0.058729255492,-0.55056480931,-0.053238390127
0.2753105879,0.058667505437,-0.5555790897,-0.05447506592
0.27738059232,0.058603863149,-0.56057472705,-0.055727695171
0.27945059674,0.058538243859,-0.5655519243,-0.056996313049
0.28152060116,0.058470566074,-0.57051088481,-0.058280954255
0.28359060558,0.058400728969,-0.57545204475,-0.059581677103
0.28566061,0.058328705867,-0.58037499356,-0.060898451897
0.28773061442,0.058254505164,-0.58527935875,-0.062231249112
0.28980061884,0.058178159547,-0.59016449954,-0.063580006654
0.29187062326,0.058099705252,-0.59502981383,-0.064944661441
0.29394062768,0.058019097504,-0.59987543056,-0.06632522618
0.2960106321,0.057936257845,-0.60470167817,-0.067721735034
0.29808063652,0.057851082717,-0.60950902642,-0.069134238464
0.30015064094,0.057763471412,-0.61429787478,-0.070562779968
0.30222064536,0.057673361052,-0.61906830858,-0.072007367258
0.30429064978,0.057580731607,-0.62382010042,-0.07346797017
0.3063606542,0.057485592964,-0.62855288837,-0.074944539638
0.30843065862,0.057387954878,-0.63326633679,-0.076437026113
0.31050066305,0.057287807486,-0.63796033724,-0.077945404282
0.31257066747,0.05718511499,-0.64263499333,-0.079469672865
0.31464067189,0.057079821197,-0.6472905562,-0.08100984812
0.31671067631,0.056971863162,-0.65192728975,-0.082565947893
0.31878068073,0.056861185476,-0.65654536863,-0.084137978669
0.32085068515,0.056747745209,-0.66114485874,-0.08572593239
0.32292068957,0.056631508253,-0.66572574914,-0.087329789842
0.32499069399,0.05651243968,-0.67028807784,-0.088949536765
0.32706069841,0.056390501267,-0.67483196269,-0.090585168393
0.32913070283,0.056265650287,-0.67935759665,-0.092236689422
0.33120070725,0.056137848861,-0.68386516227,-0.093904102873
0.33327071167,0.056007067998,-0.68835474702,-0.095587398267
0.33534071609,0.055873287811,-0.69282633442,-0.097286549658
0.33741072051,0.055736489753,-0.69727987291,-0.099001524616
0.33948072493,0.055596645372,-0.70171538818,-0.10073230008
0.34155072935,0.055453711435,-0.70613307012,-0.1024788756
0.34362073377,0.05530763172,-0.71053327174,-0.10424127445
0.34569073819,0.055158346358,-0.71491641042,-0.10601953035
0.34776074261,0.055005805047,-0.7192828267,-0.10781366682
0.34983074703,0.054849975938,-0.7236326843,-0.10962368142
0.35190075145,0.054690843961,-0.72796596911,-0.11144954425
0.35397075587,0.054528401089,-0.73228259252,-0.11329121251
0.35604076029,0.054362631827,-0.73658253979,-0.11514865306
0.35811076471,0.054193503119,-0.74086597463,-0.11702185959
0.36018076913,0.054020964222,-0.7451332454,-0.11891085503
0.36225077355,0.053844955228,-0.74938479559,-0.12081567868
0.36432077797,0.053665419721,-0.75362102749,-0.1227363648
0.36639078239,0.053482314473,-0.75784219592,-0.12467292478
0.36846078681,0.053295612555,-0.76204838782,-0.12662534264
0.37053079123,0.053105298927,-0.76623959386,-0.12859358561
0.37260079565,0.052911361845,-0.77041582622,-0.13057762334
0.37467080007,0.052713785452,-0.77457722231,-0.1325774458
0.37674080449,0.052512545852,-0.77872408395,-0.13459307113
0.37881080892,0.052307610097,-0.78285683861,-0.13662454031
0.38088081334,0.052098939208,-0.78697594948,-0.13867190231
0.38295081776,0.051886490898,-0.79108181917,-0.14073519736
0.38502082218,0.051670222567,-0.79517473194,-0.14281444609
0.3870908266,0.051450093545,-0.79925485231,-0.14490964824
0.38916083102,0.051226067164,-0.80332226938,-0.14702078984
0.39123083544,0.050998111682,-0.80737706269,-0.14914785467
0.39330083986,0.050766200349,-0.81141935729,-0.15129083454
0.39537084428,0.05053031012,-0.81544935005,-0.15344973456
0.3974408487,0.050290419415,-0.81946730671,-0.15562457326
0.39951085312,0.050046505621,-0.82347353986,-0.15781537898
0.40158085754,0.049798543479,-0.82746838368,-0.16002218541
0.40365086196,0.049546504534,-0.83145217854,-0.16224502876
0.40572086638,0.049290357502,-0.83542526315,-0.16448394636
0.4077908708,0.049030070247,-0.83938796836,-0.16673897536
0.40986087522,0.048765609487,-0.84334062731,-0.16901015478
0.41193087964,0.048496943908,-0.84728353451,-0.17129751721
0.41400088406,0.048224043546,-0.85121693933,-0.17360108725
0.41607088848,0.047946879769,-0.85514107267,-0.17592088652
0.4181408929,0.047665426293,-0.85905614257,-0.17825693268
0.42021089732,0.047379659111,-0.86296236204,-0.180609245
0.42228090174,0.047089557661,-0.86685997322,-0.18297784958
0.42435090616,0.046795105059,-0.87074925929,-0.18536278209
0.42642091058,0.046496172107,-0.87463123429,-0.18776423631
0.428490915,0.046192881587,-0.87850480966,-0.19018195735
0.43056091942,0.045885227023,-0.88237100898,-0.19261614261
0.43263092384,0.045573170653,-0.88623010819,-0.19506683156
0.43470092826,0.045256667881,-0.89008237658,-0.19753406339
0.43677093268,0.044935676306,-0.89392806282,-0.20001787383
0.4388409371,0.044610154217,-0.89776744324,-0.2025183059
0.44091094152,0.044280059805,-0.90160082247,-0.20503541029
0.44298094594,0.043945363723,-0.90542849196,-0.20756923614
0.44505095036,0.043606049641,-0.90925077564,-0.21011984147
0.44712095479,0.043262104562,-0.91306798654,-0.21268728342
0.44919095921,0.042913514588,-0.91688041204,-0.21527161466
0.45126096363,0.042560265062,-0.9206883042,-0.21787288092
0.45333096805,0.042202337298,-0.9244918876,-0.22049112254
0.45540097247,0.041839707375,-0.92829137822,-0.22312637871
0.45747097689,0.041472348213,-0.93208700339,-0.22577869232
0.45954098131,0.041100231448,-0.93587901588,-0.22844811346
0.46161098573,0.040723331236,-0.93966769771,-0.23113470061
0.46368099015,0.040341626065,-0.94345335503,-0.23383851967
0.46575099457,0.039955100025,-0.94723630243,-0.23655964029
0.46782099899,0.039563743115,-0.95101684602,-0.23929813168
0.46989100341,0.039167548261,-0.95479526871,-0.24205405883
0.47196100783,0.038766508433,-0.95857182582,-0.24482748117
0.47403101225,0.038360613681,-0.96234674422,-0.24761845212
0.47610101667,0.037949848124,-0.96612023557,-0.25042702223
0.47817102109,0.037534188583,-0.96989251445,-0.2532532438
0.48024102551,0.037113604964,-0.97366381524,-0.25609717535
0.48231102993,0.03668806275,-0.9774344012,-0.25895888424
0.48438103435,0.036257526106,-0.98120456669,-0.2618384475
0.48645103877,0.035821961835,-0.9849746268,-0.2647359494
0.48852104319,0.035381342988,-0.98874489585,-0.26765147585
0.49059104761,0.034935649806,-0.99251566264,-0.27058510758
0.49266105203,0.034484870513,-0.9962871726,-0.27353691509
0.49473105645,0.034029001193,-1.0000596148,-0.2765069546
0.49680106087,0.03356804345,-1.0038331244,-0.27949526822
0.49887106529,0.033102000532,-1.007607805,-0.28250188966
0.50094106971,0.032630874115,-1.0113837525,-0.2855268507
0.50301107413,0.032154661701,-1.0151610804,-0.28857018833
0.50508107855,0.031673353554,-1.0189399469,-0.2916319526
0.50715108297,0.031186931721,-1.0227205661,-0.29471221033
0.50922108739,0.030695370522,-1.0265032008,-0.29781104366
0.51129109181,0.030198639353,-1.0302881521,-0.30092854728
0.51336109623,0.029696704997,-1.0340757401,-0.30406482337
0.51543110066,0.029189536412,-1.0378662717,-0.30721997217
0.51750110508,0.028677105167,-1.0416600413,-0.31039409199
0.5195711095,0.028159390539,-1.0454573007,-0.31358727021
0.52164111392,0.027636380394,-1.0492582546,-0.3167995814
0.52371111834,0.027108068625,-1.0530630703,-0.32003108983
0.52578112276,0.026574452958,-1.0568718857,-0.32328185165
0.52785112718,0.026035532946,-1.0606848223,-0.32655191842
0.5299211316,0.025491307637,-1.0645019985,-0.32984134122
0.53199113602,0.024941774208,-1.0683235396,-0.33315017368
0.53406114044,0.024386927289,-1.0721495895,-0.33647847569
0.53613114486,0.023826758669,-1.0759803156,-0.33982631525
0.53820114928,0.023261257603,-1.0798159082,-0.3431937684
0.5402711537,0.022690413212,-1.0836565733,-0.34658091718
0.54234115812,0.022114215416,-1.0875025217,-0.34998784631
0.54441116254,0.02153265601,-1.0913539592,-0.35341464
0.54648116696,0.020945729329,-1.0952110796,-0.35686137981
0.54855117138,0.020353434225,-1.0990740556,-0.36032814122
0.5506211758,0.019755773718,-1.1029430391,-0.36381499388
0.55269118022,0.019152752692,-1.1068181726,-0.36732200489
0.55476118464,0.018544376984,-1.1106995906,-0.37084923937
0.55683118906,0.017930650878,-1.1145874393,-0.3743967669
0.55890119348,0.017311576972,-1.1184818659,-0.37796465803
0.5609711979,0.016687154552,-1.1223830255,-0.38155298672
0.56304120232,0.016057378221,-1.1262910781,-0.38516182923
0.56511120674,0.01542224021,-1.1302061564,-0.38879125326
0.56718121116,0.014781770064,-1.1341283882,-0.39244132524
0.56925121558,0.014135900394,-1.1380579786,-0.39611213912
0.57132122,0.013484614018,-1.1419950639,-0.39980376594
0.57339122442,0.01282774175,-1.1459408011,-0.40351663664
0.57546122884,0.012165261558,-1.1498937274,-0.4072502642
0.57753123326,0.011497484616,-1.1538538844,-0.41100468326
0.57960123768,0.010824368242,-1.1578217453,-0.41478008339
0.5816712421,0.010145849788,-1.1617975742,-0.4185765825
0.58374124652,0.0094619173601,-1.1657814381,-0.42239422858
0.58581125095,0.0087725724721,-1.1697733961,-0.42623306676
0.58788125537,0.0080778270062,-1.1737735053,-0.43009314138
0.58995125979,0.0073776941574,-1.1777818269,-0.43397449822
0.59202126421,0.0066721863935,-1.1817984291,-0.43787718555
0.59409126863,0.0059613163295,-1.1858233687,-0.44180124741
0.59616127305,0.0052450667509,-1.1898567777,-0.445746756
0.59823127747,0.0045234253094,-1.1938988641,-0.44971381279
0.60030128189,0.0037964145109,-1.1979496398,-0.45370244589
0.60237128631,0.0030640473833,-1.2020092172,-0.4577127212
0.60444129073,0.0023263314476,-1.206077734,-0.46174471471
0.60651129515,0.0015832744228,-1.2101553312,-0.46579850419
0.60858129957,0.00083488714243,-1.2142421449,-0.46987416609
0.61065130399,8.1184062065e-05,-1.2183383027,-0.47397177411
0.61272130841,-0.00067781730938,-1.2224439175,-0.47809139672
0.61479131283,-0.0014420967265,-1.2265590856,-0.48223309607
0.61686131725,-0.0022116318441,-1.2306838851,-0.48639692749
0.61893132167,-0.0029863995101,-1.2348183784,-0.49058294002
0.62100132609,-0.0037663765362,-1.2389626163,-0.49479117803
0.62307133051,-0.0045515406929,-1.2431166415,-0.49902168242
0.62514133493,-0.0053418722707,-1.2472804944,-0.50327449288
0.62721133935,-0.0061373528892,-1.2514542172,-0.5075496497
0.62928134377,-0.0069379641398,-1.25563785,-0.51184719185
0.63135134819,-0.0077436885282,-1.2598314351,-0.51616715911
0.63342135261,-0.0085545100754,-1.2640350178,-0.52050959205
0.63549135703,-0.0093704132522,-1.2682486415,-0.52487453036
0.63756136145,-0.010191381396,-1.272472343,-0.52926201057
0.63963136587,-0.011017397277,-1.27670615,-0.53367206522
0.64170137029,-0.011848442057,-1.2809500812,-0.53810472255
0.64377137471,-0.01268449462,-1.2852041443,-0.54256000569
0.64584137913,-0.013525531939,-1.2894683379,-0.54703793341
0.64791138355,-0.014371528912,-1.2937426572,-0.55153852229
0.64998138797,-0.015222457963,-1.2980270963,-0.55606178771
0.65205139239,-0.016078289368,-1.3023216497,-0.56060774462
0.65412139682,-0.016938992152,-1.3066263195,-0.56517641043
0.65619140124,-0.017804533967,-1.3109411172,-0.56976780615
0.65826140566,-0.018674880721,-1.3152660579,-0.5743819536
0.66033141008,-0.019549997798,-1.3196011631,-0.57901887697
0.6624014145,-0.020429850275,-1.3239464635,-0.58367860401
0.66447141892,-0.021314403022,-1.3283019916,-0.58836116277
0.66654142334,-0.022203620181,-1.3326677765,-0.59306657945
0.66861142776,-0.023097465784,-1.3370438448,-0.59779487858
0.67068143218,-0.023995903781,-1.3414302182,-0.60254608211
0.6727514366,-0.024898897212,-1.345826909,-0.60732020722
0.67482144102,-0.025806408877,-1.350233919,-0.61211726564
0.67689144544,-0.026718400881,-1.3546512426,-0.61693726516
0.67896144986,-0.0276348347,-1.3590788657,-0.62178020879
0.68103145428,-0.02855567068,-1.3635167633,-0.62664609378
0.6831014587,-0.029480867871,-1.3679649001,-0.63153491169
0.68517146312,-0.030410384065,-1.3724232342,-0.63644664995
0.68724146754,-0.031344175678,-1.3768917156,-0.64138129125
0.68931147196,-0.032282196782,-1.3813702868,-0.64633881345
0.69138147638,-0.033224399726,-1.3858588845,-0.65131919055
0.6934514808,-0.034170734569,-1.3903574429,-0.65632239416
0.69552148522,-0.035121149492,-1.3948658955,-0.66134839422
0.69759148964,-0.036075590516,-1.3993841769,-0.66639715978
0.69966149406,-0.037034001844,-1.4039122229,-0.67146865938
0.70173149848,-0.037996325775,-1.4084499739,-0.67656286225
0.7038015029,-0.038962502942,-1.4129973737,-0.68167973813
0.70587150732,-0.03993247257,-1.4175543714,-0.68681925813
0.70794151174,-0.040906172712,-1.4221209231,-0.69198139545
0.71001151616,-0.041883540697,-1.4266969923,-0.69716612587
0.71208152058,-0.042864512856,-1.43128255,-0.70237342769
0.714151525,-0.043849024685,-1.4358775728,-0.70760328101
0.71622152942,-0.04483700465,-1.4404820132,-0.712855653
0.71829153384,-0.04582840961,-1.4450959315,-0.71813056337
0.72036153826,-0.04682317775,-1.4497193114,-0.72342799339
0.72243154269,-0.047821230113,-1.4543521032,-0.72874790635
0.72450154711,-0.048822493303,-1.4589942925,-0.73409028216
0.72657155153,-0.049826895649,-1.4636458604,-0.73945509752
0.72864155595,-0.050834366273,-1.468306792,-0.74484233014
0.73071156037,-0.051844833854,-1.4729770686,-0.75025195493
0.73278156479,-0.052858226512,-1.4776566646,-0.75568394225
0.73485156921,-0.053874471138,-1.4823455451,-0.76113825661
0.73692157363,-0.054893493833,-1.4870436649,-0.76661485623
0.73899157805,-0.055915219375,-1.4917509632,-0.77211368991
0.74106158247,-0.056939574241,-1.4964673898,-0.77763471067
0.74313158689,-0.057966479155,-1.5011928593,-0.783177852
0.74520159131,-0.058995855812,-1.5059272874,-0.78874304626
0.74727159573,-0.060027625949,-1.5106705855,-0.79433022222
0.74934160015,-0.061061482564,-1.5154210338,-0.79993844577
0.75141160457,-0.062098025021,-1.5201816419,-0.80556927876
0.75348160899,-0.063137308169,-1.5249551084,-0.81122413768
0.75555161341,-0.064177852766,-1.5297304884,-0.81689717243
0.75762161783,-0.065221075213,-1.5345191237,-0.8225943889
0.75969162225,-0.066265616838,-1.5393115302,-0.82831068078
0.76176162667,-0.067312328187,-1.5441143767,-0.83404958926
0.76383163109,-0.068360821696,-1.5489263007,-0.83981035332
0.76590163551,-0.069410607583,-1.5537440414,-0.84559115987
0.76797163993,-0.070461770553,-1.5585692782,-0.85139287249
0.77004164435,-0.071514314462,-1.563402055,-0.85721547219
0.77211164877,-0.072568170605,-1.568242233,-0.86305883894
0.77418165319,-0.073623253994,-1.5730896739,-0.86892285093
0.77625165761,-0.074679472645,-1.5779442391,-0.87480738429
0.77832166203,-0.075736702329,-1.5828055161,-0.88071216068
0.78039166645,-0.076794911931,-1.5876740386,-0.88663742631
0.78246167087,-0.07785394562,-1.5925491902,-0.89258278572
0.78453167529,-0.078913701644,-1.597430902,-0.89854814545
0.78660167971,-0.079974084184,-1.6023190994,-0.90453340748
0.78867168413,-0.081034988309,-1.6072136701,-0.91053845107
0.79074168855,-0.082096306622,-1.6121145075,-0.91656315688
0.79281169298,-0.083157931467,-1.617021511,-0.92260740725
0.7948816974,-0.084219754658,-1.6219345847,-0.92867108553
0.79695170182,-0.085281666518,-1.6268536361,-0.9347540752
0.79902170624,-0.086343557754,-1.631778573,-0.94085625853
0.80109171066,-0.087405317795,-1.636709304,-0.94697751642
0.80316171508,-0.088466834826,-1.6416457404,-0.95311772972
0.8052317195,-0.089527996807,-1.6465877867,-0.95927677374
0.80730172392,-0.090588690347,-1.6515353446,-0.96545452046
0.80937172834,-0.091648801289,-1.6564883093,-0.9716508365
0.81144173276,-0.092708214747,-1.6614465687,-0.97786558228
0.81351173718,-0.093766813908,-1.6664100073,-0.98409861436
0.8155817416,-0.094824480895,-1.671378495,-0.99034977902
0.81765174602,-0.095881092294,-1.6763518382,-0.99661888269
0.81972175044,-0.096936526778,-1.6813299974,-1.0029058215
0.82179175486,-0.097990661662,-1.6863127846,-1.0092104008
0.82386175928,-0.099043389943,-1.691300045,-1.0155324443
0.8259317637,-0.10009459325,-1.696291632,-1.0218717784
0.82800176812,-0.10114414779,-1.7012873641,-1.0282282061
0.83007177254,-0.10219193016,-1.7062870685,-1.0346015337
0.83214177696,-0.10323781687,-1.7112905672,-1.0409915616
0.83421178138,-0.10428168476,-1.7162976774,-1.0473980853
0.8362817858,-0.10532341047,-1.721308217,-1.0538208983
0.83835179022,-0.10636287026,-1.7263220029,-1.0602597911
0.84042179464,-0.1073999405,-1.7313388498,-1.0667145507
0.84249179906,-0.10843449592,-1.7363585667,-1.0731849579
0.84456180348,-0.10946641102,-1.7413809626,-1.0796707916
0.8466318079,-0.11049556049,-1.7464058507,-1.0861718304
0.84870181232,-0.11152181824,-1.7514330429,-1.0926878503
0.85077181674,-0.11254505788,-1.7564623504,-1.099218624
0.85284182116,-0.11356515258,-1.7614935803,-1.1057639198
0.85491182558,-0.1145819756,-1.7665265417,-1.1123235044
0.85698183,-0.11559540101,-1.7715610448,-1.1188971433
0.85905183442,-0.1166053023,-1.7765968994,-1.1254845991
0.86112183885,-0.11761155338,-1.7816339152,-1.1320856321
0.86319184327,-0.11861402873,-1.7866719012,-1.1386999999
0.86526184769,-0.11961260372,-1.7917106663,-1.1453274576
0.86733185211,-0.12060715511,-1.7967500212,-1.1519677593
0.86940185653,-0.1215975604,-1.8017897709,-1.158620653
0.87147186095,-0.12258369859,-1.8068297198,-1.165285884
0.87354186537,-0.12356544915,-1.811869667,-1.1719631919
0.87561186979,-0.12454269262,-1.8169094061,-1.1786523104
0.87768187421,-0.12551531165,-1.8219487277,-1.1853529687
0.87975187863,-0.12648319035,-1.826987415,-1.192064889
0.88182188305,-0.12744621396,-1.8320252465,-1.1987877876
0.88389188747,-0.12840426871,-1.8370619933,-1.2055213739
0.88596189189,-0.12935724267,-1.8420974219,-1.2122653516
0.88803189631,-0.13030502429,-1.8471312881,-1.2190194145
0.89010190073,-0.13124750323,-1.8521633375,-1.2257832473
0.89217190515,-0.13218457056,-1.8571933104,-1.2325565286
0.89424190957,-0.13311611834,-1.8622209421,-1.2393389308
0.89631191399,-0.13404203814,-1.8672459574,-1.2461301165
0.89838191841,-0.13496222359,-1.8722680786,-1.2529297439
0.90045192283,-0.13587656899,-1.8772870187,-1.2597374621
0.90252192725,-0.13678496972,-1.8823024803,-1.2665529104
0.90459193167,-0.13768732209,-1.8873141672,-1.273375726
0.90666193609,-0.1385835238,-1.8923217781,-1.2802055397
0.90873194051,-0.1394734719,-1.8973250045,-1.2870419745
0.91080194493,-0.14035706572,-1.9023235346,-1.2938846482
0.91287194935,-0.14123420637,-1.907317056,-1.3007331752
0.91494195377,-0.14210479613,-1.9123052545,-1.3075871656
0.91701195819,-0.14296873907,-1.9172878145,-1.3144462259
0.91908196261,-0.14382594367,-1.9222643991,-1.3213099446
0.92115196703,-0.14467632864,-1.9272347746,-1.3281779781
0.92322197145,-0.14551978521,-1.9321985312,-1.3350498596
0.92529197587,-0.14635622205,-1.9371553639,-1.3419251909
0.92736198029,-0.14718555948,-1.9421049802,-1.3488035797
0.92943198472,-0.14800771265,-1.9470470598,-1.3556846116
0.93150198914,-0.14882260126,-1.9519812944,-1.3625678776
0.93357199356,-0.14963014771,-1.9569073754,-1.3694529661
0.93564199798,-0.15043027633,-1.9618249917,-1.3763394605
0.9377120024,-0.15122291419,-1.9667338335,-1.3832269427
0.93978200682,-0.1520079915,-1.9716335903,-1.3901149912
0.94185201124,-0.15278544167,-1.9765239534,-1.3970031832
0.94392201566,-0.15355520043,-1.9814046128,-1.4038910922
0.94599202008,-0.15431720727,-1.9862752599,-1.41077829
0.9480620245,-0.15507140391,-1.9911355809,-1.4176643421
0.95013202892,-0.15581773613,-1.9959852631,-1.4245488123
0.95220203334,-0.15655615238,-2.000823993,-1.4314312611
0.95427203776,-0.15728660486,-2.0056514539,-1.4383112439
0.95634204218,-0.15800903983,-2.0104672757,-1.4451882752
0.9584120466,-0.15872338988,-2.0152710589,-1.4520618453
0.96048205102,-0.15942961355,-2.0200625653,-1.4589315582
0.96255205544,-0.160127684,-2.0248414878,-1.4657969659
0.96462205986,-0.16081757657,-2.0296075108,-1.4726576117
0.96669206428,-0.16149926707,-2.0343603022,-1.4795130247
0.9687620687,-0.16217273236,-2.0390995249,-1.4863627276
0.97083207312,-0.16283795067,-2.0438248345,-1.493206235
0.97290207754,-0.16349490196,-2.0485358753,-1.5000430509
0.97497208196,-0.16414356941,-2.0532322927,-1.5068726773
0.97704208638,-0.16478393844,-2.0579137232,-1.5136946071
0.9791120908,-0.16541599584,-2.0625797917,-1.5205083217
0.98118209522,-0.16603973104,-2.0672301191,-1.5273132973
0.98325209964,-0.16665513659,-2.0718643227,-1.5341090044
0.98532210406,-0.16726220791,-2.0764820146,-1.5408949071
0.98739210848,-0.16786094234,-2.0810827946,-1.5476704575
0.9894621129,-0.16845134088,-2.0856662617,-1.5544351046
0.99153211732,-0.16903340688,-2.0902320086,-1.5611882899
0.99360212174,-0.16960714502,-2.0947796113,-1.5679294395
0.99567212616,-0.17017256392,-2.0993086502,-1.5746579802
0.99774213058,-0.17072967539,-2.1038187029,-1.581373334
0.99981213501,-0.17127849343,-2.1083093382,-1.5880749134
1.0018821394,-0.17181903428,-2.1127801138,-1.5947621198
1.0039521438,-0.17235131811,-2.1172305929,-1.6014343561
1.0060221483,-0.17287536675,-2.1216603291,-1.608091015
1.0080921527,-0.17339120457,-2.1260688689,-1.6147314816
1.0101621571,-0.17389886001,-2.1304557599,-1.6213551384
1.0122321615,-0.17439836346,-2.1348205414,-1.6279613594
1.0143021659,-0.17488974714,-2.1391627467,-1.6345495111
1.0163721704,-0.17537304606,-2.1434819055,-1.6411189547
1.0184421748,-0.17584829993,-2.1477775505,-1.6476690509
1.0205121792,-0.17631555159,-2.1520492102,-1.6541991546
1.0225821836,-0.17677484528,-2.1562964074,-1.6607086136
1.024652188,-0.1772262276,-2.1605186633,-1.6671967721
1.0267221925,-0.17766974743,-2.1647154955,-1.6736629689
1.0287921969,-0.17810545609,-2.1688864174,-1.6801065367
1.0308622013,-0.1785334094,-2.1730309475,-1.6865268101
1.0329322057,-0.17895366551,-2.177148602,-1.6929231191
1.0350022102,-0.17936628317,-2.1812388931,-1.6992947885
1.0370722146,-0.17977132192,-2.1853013296,-1.7056411376
1.039142219,-0.1801688468,-2.1893354293,-1.711961491
1.0412122234,-0.18055892117,-2.1933406972,-1.7182551604
1.0432822278,-0.18094161201,-2.1973166468,-1.7245214622
1.0453522323,-0.18131698968,-2.201262796,-1.730759714
1.0474222367,-0.18168512175,-2.2051786495,-1.7369692209
1.0494922411,-0.18204607991,-2.2090637168,-1.7431492895
1.0515622455,-0.18239993566,-2.2129175043,-1.7492992221
1.0536322499,-0.18274676289,-2.2167395317,-1.7554183293
1.0557022544,-0.18308663601,-2.2205293113,-1.761505914
1.0577722588,-0.183419629,-2.2242863512,-1.7675612737
1.0598422632,-0.18374581662,-2.2280101673,-1.7735837105
1.0619122676,-0.18406527464,-2.2317002758,-1.7795725246
1.063982272,-0.18437807855,-2.2353561933,-1.7855270151
1.0660522765,-0.18468430394,-2.2389774389,-1.7914464812
1.0681222809,-0.18498402598,-2.2425635366,-1.7973302243
1.0701922853,-0.18527731986,-2.2461140112,-1.8031775454
1.0722622897,-0.18556426035,-2.2496283917,-1.8089877467
1.0743322941,-0.18584492101,-2.2531062097,-1.8147601316
1.0764022986,-0.18611937516,-2.2565470013,-1.8204940055
1.078472303,-0.18638769489,-2.2599503053,-1.8261886749
1.0805423074,-0.18664995253,-2.2633156724,-1.8318434544
1.0826123118,-0.18690621918,-2.2666426606,-1.8374576637
1.0846823162,-0.18715656372,-2.269930824,-1.8430306182
1.0867523207,-0.1874010544,-2.2731797259,-1.84856164
1.0888223251,-0.18763975813,-2.2763889339,-1.8540500534
1.0908923295,-0.18787274019,-2.2795580221,-1.8594951876
1.0929623339,-0.18810006355,-2.2826865676,-1.8648963734
1.0950323383,-0.18832178972,-2.2857741629,-1.8702529532
1.0971023428,-0.18853798043,-2.2888204092,-1.8755642766
1.0991723472,-0.18874869508,-2.2918249118,-1.8808296957
1.1012423516,-0.18895398977,-2.2947872768,-1.8860485631
1.103312356,-0.18915391898,-2.2977071236,-1.8912202417
1.1053823604,-0.18934853466,-2.300584084,-1.8963441049
1.1074523649,-0.1895378868,-2.3034177941,-1.9014195292
1.1095223693,-0.18972202574,-2.3062079094,-1.9064459072
1.1115923737,-0.18990099819,-2.3089540883,-1.9114226341
1.1136623781,-0.19007484785,-2.3116560007,-1.9163491146
1.1157323825,-0.19024361584,-2.3143133207,-1.9212247574
1.117802387,-0.19040733991,-2.3169257268,-1.9260489751
1.1198723914,-0.1905660577,-2.3194929168,-1.9308211967
1.1219423958,-0.19071980678,-2.3220146194,-1.9355408776
1.1240124002,-0.19086861952,-2.3244905485,-1.9402074616
1.1260824046,-0.19101252615,-2.326920427,-1.9448204005
1.1281524091,-0.19115155365,-2.3293039838,-1.9493791522
1.1302224135,-0.19128572882,-2.3316409767,-1.9538831995
1.1322924179,-0.19141507469,-2.3339311748,-1.9583320358
1.1343624223,-0.19153961185,-2.3361743413,-1.9627251504
1.1364324267,-0.19165935699,-2.338370238,-1.967062033
1.1385024312,-0.19177432726,-2.3405186636,-1.9713422051
1.1405724356,-0.19188453789,-2.3426194287,-1.9755651999
1.14264244,-0.1919899989,-2.3446723333,-1.979730543
1.1447124444,-0.19209071737,-2.3466771809,-1.9838377643
1.1467824488,-0.19218669979,-2.3486337976,-1.9878864143
1.1488524533,-0.19227795139,-2.3505420205,-1.9918760548
1.1509224577,-0.19236447406,-2.3524016931,-1.9958062545
1.1529924621,-0.19244626609,-2.3542126693,-1.9996765924
1.1550624665,-0.19252332683,-2.355974817,-2.0034866616
1.1571324709,-0.19259565047,-2.3576879926,-2.0072360476
1.1592024754,-0.19266322982,-2.3593520687,-2.0109243509
1.1612724798,-0.19272605653,-2.3609669308,-2.0145511856
1.1633424842,-0.19278412015,-2.3625324693,-2.0181161717
1.1654124886,-0.19283740809,-2.3640485794,-2.021618936
1.167482493,-0.19288590641,-2.3655151634,-2.025059113
1.1695524975,-0.19292960047,-2.3669321327,-2.0284363475
1.1716225019,-0.19296847138,-2.3682993902,-2.0317502794
1.1736925063,-0.19300249964,-2.3696168483,-2.0350005589
1.1757625107,-0.19303166693,-2.370884444,-2.0381868598
1.1778325152,-0.19305595336,-2.3721021052,-2.0413088507
1.1799025196,-0.19307533493,-2.3732697448,-2.0443661894
1.181972524,-0.19308978711,-2.3743872878,-2.0473585472
1.1840425284,-0.19309929153,-2.3754547249,-2.0502856541
1.1861125328,-0.19310382364,-2.3764719953,-2.0531471987
1.1881825373,-0.1931033562,-2.3774390253,-2.055942861
1.1902525417,-0.19309786482,-2.3783557722,-2.0586723504
1.1923225461,-0.19308732343,-2.3792221881,-2.0613353748
1.1943925505,-0.19307170685,-2.380038239,-2.0639316566
1.1964625549,-0.19305098956,-2.3808038801,-2.0664609119
1.1985325594,-0.19302514673,-2.3815190625,-2.0689228561
1.2006025638,-0.19299415297,-2.3821837453,-2.0713172142
1.2026725682,-0.19295798259,-2.3827978791,-2.0736437069
1.2047425726,-0.19291661118,-2.3833614191,-2.0759020617
1.206812577,-0.19287001578,-2.3838743296,-2.0780920171
1.2088825815,-0.19281817313,-2.3843365732,-2.080213313
1.2109525859,-0.19276106076,-2.3847481132,-2.0822656929
1.2130225903,-0.19269865711,-2.3851088905,-2.0842488841
1.2150925947,-0.19263094161,-2.3854188525,-2.0861626221
1.2171625991,-0.19255789434,-2.3856779501,-2.0880066489
1.2192326036,-0.19247949709,-2.3858861361,-2.0897807111
1.221302608,-0.19239573105,-2.3860433473,-2.0914845447
1.2233726124,-0.19230657952,-2.3861495201,-2.0931178881
1.2254426168,-0.19221202895,-2.3862045948,-2.0946804864
1.2275126212,-0.192112065,-2.3862084969,-2.0961720749
1.2295826257,-0.19200667405,-2.3861611448,-2.0975923859
1.2316526301,-0.19189584485,-2.386062463,-2.0989411604
1.2337226345,-0.1917795671,-2.3859123675,-2.1002181348
1.2357926389,-0.19165783268,-2.3857107658,-2.1014230416
1.2378626433,-0.19153063513,-2.3854575592,-2.1025556111
1.2399326478,-0.19139796806,-2.3851526362,-2.1036155652
1.2420026522,-0.19125982886,-2.3847958876,-2.1046026319
1.2440726566,-0.19111621364,-2.3843871763,-2.1055165171
1.246142661,-0.19096712349,-2.3839263809,-2.1063569442
1.2482126654,-0.19081256168,-2.3834133823,-2.1071236424
1.2502826699,-0.19065253042,-2.3828480358,-2.107816321
1.2523526743,-0.19048703292,-2.3822301738,-2.1084346732
1.2544226787,-0.19031607816,-2.3815596596,-2.1089784224
1.2564926831,-0.19013967753,-2.3808363442,-2.1094472848
1.2585626875,-0.18995783948,-2.3800600502,-2.109840955
1.260632692,-0.18977057586,-2.3792306026,-2.1101591333
1.2627026964,-0.18957790204,-2.3783478197,-2.1104015176
1.2647727008,-0.18937983338,-2.3774115156,-2.1105678056
1.2668427052,-0.18917638567,-2.3764214972,-2.1106576923
1.2689127096,-0.18896757608,-2.375377555,-2.1106708619
1.2709827141,-0.18875342345,-2.3742794714,-2.110606995
1.2730527185,-0.18853395178,-2.3731270578,-2.1104658017
1.2751227229,-0.18830918904,-2.3719201381,-2.1102470073
1.2771927273,-0.1880791623,-2.3706585165,-2.109950323
1.2792627317,-0.18784389737,-2.3693419684,-2.1095754386
1.2813327362,-0.18760341957,-2.3679702509,-2.1091220316
1.2834027406,-0.18735775543,-2.3665431161,-2.1085897788
1.285472745,-0.18710693391,-2.3650603312,-2.1079783745
1.2875427494,-0.18685098964,-2.3635217112,-2.1072875598
1.2896127538,-0.1865899604,-2.3619270795,-2.1065170871
1.2916827583,-0.18632388102,-2.3602762186,-2.1056666771
1.2937527627,-0.18605278662,-2.3585689107,-2.104736054
1.2958227671,-0.18577671323,-2.3568049405,-2.1037249486
1.2978927715,-0.18549569676,-2.354984082,-2.1026330869
1.2999627759,-0.18520977276,-2.3531061134,-2.1014602023
1.3020327804,-0.18491897783,-2.3511708176,-2.1002060375
1.3041027848,-0.18462335204,-2.3491780059,-2.0988703646
1.3061727892,-0.18432293767,-2.347127516,-2.0974529841
1.3082427936,-0.18401777572,-2.3450191623,-2.0959536802
1.3103127981,-0.18370790262,-2.3428527376,-2.0943722225
1.3123828025,-0.18339335653,-2.3406280606,-2.0927084085
1.3144528069,-0.18307418117,-2.3383449688,-2.090962057
1.3165228113,-0.18275041698,-2.3360032911,-2.0891329841
1.3185928157,-0.18242210373,-2.3336028733,-2.0872210259
1.3206628202,-0.18208928189,-2.3311435632,-2.0852260253
1.3227328246,-0.18175198989,-2.3286251974,-2.0831478197
1.324802829,-0.18141026752,-2.3260476446,-2.0809862806
1.3268728334,-0.18106415369,-2.3234107871,-2.0787412964
1.3289428378,-0.18071364763,-2.3207143028,-2.0764125774
1.3310128423,-0.18035878342,-2.3179581993,-2.0740001347
1.3330828467,-0.17999960256,-2.3151423981,-2.0715039073
1.3351528511,-0.17963615261,-2.3122668268,-2.068923845
1.3372228555,-0.17926847896,-2.3093314151,-2.066259905
1.3392928599,-0.17889662373,-2.3063360843,-2.0635120419
1.3413628644,-0.17852062568,-2.3032807498,-2.0606802105
1.3434328688,-0.1781405239,-2.3001653399,-2.0577643822
1.3455028732,-0.17775635483,-2.2969897959,-2.0547645455
1.3475728776,-0.17736815312,-2.2937540652,-2.0516806998
1.349642882,-0.17697595169,-2.2904580816,-2.0485128375
1.3517128865,-0.17657978229,-2.2871017952,-2.045260971
1.3537828909,-0.17617967719,-2.283685183,-2.0419251426
1.3558528953,-0.17577566865,-2.2802082214,-2.0385053992
1.3579228997,-0.17536778599,-2.2766708761,-2.0350017839
1.3599929041,-0.1749560453,-2.2730731288,-2.0314143601
1.3620629086,-0.17454047199,-2.2694148307,-2.0277430795
1.364132913,-0.17412111065,-2.2656961389,-2.0239881724
1.3662029174,-0.17369798287,-2.2619169636,-2.0201496544
1.3682729218,-0.17327110852,-2.25807727,-2.0162275961
1.3703429262,-0.17284050926,-2.2541770466,-2.0122220946
1.3724129307,-0.17240620512,-2.2502162663,-2.0081332388
1.3744829351,-0.17196821676,-2.2461949119,-2.0039611323
1.3765529395,-0.17152656463,-2.2421129925,-1.9997059078
1.3786229439,-0.17108126661,-2.2379705043,-1.9953676922
1.3806929483,-0.17063234005,-2.2337674529,-1.9909466267
1.3827629528,-0.1701797989,-2.2295038191,-1.9864428363
1.3848329572,-0.16972365469,-2.2251795595,-1.9818564301
1.3869029616,-0.16926392016,-2.2207946495,-1.97718754
1.388972966,-0.16880060788,-2.2163490885,-1.9724363252
1.3910429704,-0.16833373006,-2.2118428804,-1.9676029546
1.3931129749,-0.16786329905,-2.2072760294,-1.9626876035
1.3951829793,-0.16738932491,-2.2026485282,-1.9576904431
1.3972529837,-0.16691181575,-2.1979603659,-1.9526116472
1.3993229881,-0.16643077855,-2.193211532,-1.9474513958
1.4013929925,-0.16594622081,-2.1884020336,-1.9422098909
1.403462997,-0.16545814987,-2.1835318823,-1.9368873445
1.4055330014,-0.1649665708,-2.1786010795,-1.9314839653
1.4076030058,-0.16447148717,-2.1736096342,-1.9259999753
1.4096730102,-0.1639729041,-2.1685575585,-1.9204356051
1.4117430146,-0.16347082587,-2.1634448634,-1.9147910903
1.4138130191,-0.16296525673,-2.1582715682,-1.9090666804
1.4158830235,-0.16245619933,-2.1530376729,-1.9032626137
1.4179530279,-0.16194365756,-2.1477431873,-1.8973791433
1.4200230323,-0.16142763228,-2.1423881288,-1.8914165356
1.4220930367,-0.16090814158,-2.1369725576,-1.8853751001
1.4241630412,-0.16038517662,-2.1314963766,-1.8792550165
1.4262330456,-0.15985873114,-2.125959679,-1.8730566356
1.42830305,-0.15932880665,-2.120362492,-1.8667802568
1.4303730544,-0.15879540729,-2.1147048383,-1.8604261817
1.4324430588,-0.15825853352,-2.1089867323,-1.8539947118
1.4345130633,-0.15771818469,-2.103208199,-1.8474861636
1.4365830677,-0.15717439358,-2.097369529,-1.840901093
1.4386530721,-0.15662710441,-2.0914701858,-1.8342393352
1.4407230765,-0.15607636232,-2.0855105501,-1.8275015399
1.4427930809,-0.15552215611,-2.0794905238,-1.8206879417
1.4448630854,-0.15496448592,-2.0734101414,-1.8137988979
1.4469330898,-0.15440335816,-2.067269476,-1.8068348057
1.4490030942,-0.1538387779,-2.0610685948,-1.7997960634
1.4510730986,-0.15327093903,-2.0548097549,-1.7926849882
1.4531431031,-0.15269880428,-2.0484855453,-1.7854954314
1.4552131075,-0.15212344896,-2.0421055615,-1.7782361042
1.4572831119,-0.15154416341,-2.0356628664,-1.7709013531
1.4593531163,-0.15096143521,-2.0291587534,-1.7634926628
1.4614231207,-0.15037566386,-2.0225973398,-1.7560140326
1.4634931252,-0.1497866493,-2.0159761346,-1.7484636878
1.4655631296,-0.1491942729,-2.0092949555,-1.740841862
1.467633134,-0.14859850494,-2.0025538248,-1.7331489724
1.4697031384,-0.14799933488,-1.9957527684,-1.7253854463
1.4717731428,-0.14739676125,-1.9888918101,-1.7175517156
1.4738431473,-0.14679079842,-1.9819710296,-1.709648269
1.4759131517,-0.14618145586,-1.9749905105,-1.7016756049
1.4779831561,-0.14556872065,-1.9679502339,-1.6936341386
1.4800531605,-0.14495259214,-1.9608502322,-1.685524336
1.4821231649,-0.1443330713,-1.9536905338,-1.6773466664
1.4841931694,-0.14371016368,-1.9464711825,-1.669101619
1.4862631738,-0.14308387495,-1.9391922372,-1.6607897027
1.4883331782,-0.14245420983,-1.9318537536,-1.6524114304
1.4904031826,-0.1418211754,-1.9244557926,-1.6439673261
1.492473187,-0.14118477964,-1.9169984071,-1.6354579138
1.4945431915,-0.14054503005,-1.9094816412,-1.6268837166
1.4966131959,-0.1399019355,-1.90190554,-1.6182452653
1.4986832003,-0.13925550662,-1.8942701678,-1.609543114
1.5007532047,-0.13860574949,-1.8865755802,-1.6007778157
1.5028232091,-0.13795267452,-1.8788218621,-1.5919499552
1.5048932136,-0.13729629502,-1.8710091047,-1.5830601296
1.506963218,-0.13663662006,-1.8631373808,-1.5741089265
1.5090332224,-0.13597365994,-1.8552067536,-1.5650969325
1.5111032268,-0.135307427,-1.8472173055,-1.5560247572
1.5131732312,-0.13463793536,-1.8391691285,-1.5468930246
1.5152432357,-0.13396520159,-1.8310623148,-1.5377023657
1.5173132401,-0.13328924356,-1.8228969825,-1.5284534398
1.5193832445,-0.13261007909,-1.8146732421,-1.5191469066
1.5214532489,-0.13192772371,-1.806391198,-1.509783427
1.5235232533,-0.1312421925,-1.7980509594,-1.5003636724
1.5255932578,-0.13055350274,-1.7896526418,-1.4908883262
1.5276632622,-0.12986167455,-1.7811963816,-1.4813580958
1.5297332666,-0.12916672634,-1.7726823092,-1.4717736898
1.531803271,-0.12846867675,-1.7641105364,-1.4621358078
1.5338732754,-0.1277675503,-1.7554812035,-1.4524451798
1.5359432799,-0.12706337121,-1.7467944568,-1.4427025469
1.5380132843,-0.12635616053,-1.7380504136,-1.4329086328
1.5400832887,-0.12564594211,-1.7292492101,-1.423064183
1.5421532931,-0.12493274126,-1.7203909723,-1.4131699414
1.5442232975,-0.12421658357,-1.7114758389,-1.4032266685
1.546293302,-0.1234974933,-1.7025039398,-1.393235124
1.5483633064,-0.12277549361,-1.6934753918,-1.3831960636
1.5504333108,-0.12205062198,-1.6843901888,-1.3731101501
1.5525033152,-0.12132297463,-1.6752484866,-1.3629781883
1.5545733196,-0.12059213902,-1.6660498555,-1.3528005035
1.5566433241,-0.1198585942,-1.6567958127,-1.3425790144
1.5587133285,-0.11912235974,-1.6474860469,-1.3323141641
1.5607833329,-0.11838340486,-1.6381204249,-1.3220065438
1.5628533373,-0.1176417278,-1.6286990698,-1.3116569584
1.5649233417,-0.11689734168,-1.6192221182,-1.3012662309
1.5669933462,-0.11615026246,-1.6096897012,-1.2908351857
1.5690633506,-0.11540051123,-1.6001019584,-1.2803646608
1.571133355,-0.11464810981,-1.5904590485,-1.2698555156
1.5732033594,-0.11389308207,-1.5807611334,-1.2593086184
1.5752733638,-0.11313545154,-1.5710083601,-1.248724832
1.5773433683,-0.11237524109,-1.5612008623,-1.2381050146
1.5794133727,-0.11161247589,-1.5513387962,-1.2274500486
1.5814833771,-0.11084718254,-1.5414223347,-1.216760836
1.5835533815,-0.11007938787,-1.5314516552,-1.206038288
1.585623386,-0.10930911755,-1.5214269205,-1.195283311
1.5876933904,-0.10853639829,-1.5113482972,-1.1844968198
1.5897633948,-0.10776125777,-1.5012159468,-1.1736797315
1.5918333992,-0.10698372784,-1.4910300757,-1.1628330043
1.5939034036,-0.10620383594,-1.4807908609,-1.1519575794
1.5959734081,-0.1054216101,-1.4704984822,-1.141054406
1.5980434125,-0.10463708089,-1.4601531149,-1.1301244359
1.6001134169,-0.10385028046,-1.4497549333,-1.1191686257
1.6021834213,-0.10306124311,-1.4393041332,-1.1081879547
1.6042534257,-0.10227000406,-1.4288009346,-1.0971834264
1.6063234302,-0.10147659867,-1.4182455483,-1.086156043
1.6083934346,-0.10068106205,-1.4076381646,-1.0751067963
1.610463439,-0.099883431039,-1.3969789694,-1.0640366806
1.6125334434,-0.099083742111,-1.3862681527,-1.0529466991
1.6146034478,-0.098282033447,-1.3755059136,-1.0418378676
1.6166734523,-0.097478342405,-1.3646924252,-1.0307111878
1.6187434567,-0.096672707583,-1.3538278933,-1.0195676919
1.6208134611,-0.09586516972,-1.3429125393,-1.0084084293
1.6228834655,-0.095055767311,-1.331946562,-0.99723443767
1.6249534699,-0.094244542822,-1.3209301956,-0.98604678676
1.6270234744,-0.093431534227,-1.3098636272,-0.97484651621
1.6290934788,-0.092616781366,-1.2987470475,-0.96363467386
1.6311634832,-0.091800324892,-1.2875806817,-0.95241233882
1.6332334876,-0.090982213159,-1.2763647725,-0.94118060847
1.635303492,-0.090162405939,-1.265098877,-0.92994008175
1.6373734965,-0.089340989139,-1.2537844299,-0.9186927419
1.6394435009,-0.088518060105,-1.2424210068,-0.90743921206
1.6415135053,-0.087693647879,-1.2310088626,-0.89618061938
1.6435835097,-0.086867775881,-1.2195481849,-0.88491804689
1.6456535141,-0.086040477991,-1.2080392054,-0.87365261476
1.6477235186,-0.085211788096,-1.1964821597,-0.86238545112
1.649793523,-0.084381743782,-1.1848772827,-0.85111768837
1.6518635274,-0.083550382941,-1.1732248075,-0.83985046257
1.6539335318,-0.082717735978,-1.1615249275,-0.82858488645
1.6560035362,-0.081883848307,-1.1497779708,-0.8173221735
1.6580735407,-0.081048758715,-1.13798405,-0.80606338828
1.6601435451,-0.080212516507,-1.126143522,-0.79480977407
1.6622135495,-0.079375146531,-1.1142564925,-0.78356240105
1.6642835539,-0.078536668396,-1.1023231895,-0.772322431
1.6663535583,-0.077697226916,-1.0903444984,-0.76109148747
1.6684235628,-0.076856645016,-1.0783191524,-0.74986969849
1.6704935672,-0.076015127913,-1.0662489048,-0.73865930387
1.6725635716,-0.075172700465,-1.0541334804,-0.72746113174
1.674633576,-0.074329334312,-1.0419727832,-0.71627614284
1.6767035804,-0.073485137668,-1.0297676675,-0.7051059563
1.6787735849,-0.072640087918,-1.0175178253,-0.69395139756
1.6808435893,-0.071794279465,-1.005224253,-0.68281418804
1.6829135937,-0.07094768591,-0.99288649194,-0.67169505798
1.6849835981,-0.070100392116,-0.98050513135,-0.66059545931
1.6870536025,-0.069252361869,-0.96808028277,-0.64951652545
1.689123607,-0.068403721706,-0.95561243635,-0.63845964218
1.6911936114,-0.067554383873,-0.94310130319,-0.6274256845
1.6932636158,-0.066704511776,-0.93054782922,-0.61641635235
1.6953336202,-0.065854089153,-0.91795212282,-0.60543279171
1.6974036246,-0.065003242879,-0.90531485951,-0.59447652226
1.6994736291,-0.064151765403,-0.8926346655,-0.58354772635
1.7015436335,-0.063299984027,-0.87991399939,-0.57264910287
1.7036136379,-0.062449608826,-0.86716533048,-0.56178980106
1.7056836423,-0.061597039289,-0.8543589527,-0.55095162803
1.7077536467,-0.060743509342,-0.84151040619,-0.5401458374
1.7098236512,-0.059890276748,-0.82862686025,-0.52937813411
1.7118936556,-0.059036600057,-0.81570112638,-0.5186450119
1.71396366,-0.058182927781,-0.80273714553,-0.50795009462
1.7160336644,-0.057328905442,-0.78973212897,-0.4972927347
1.7181036688,-0.056474793321,-0.77668945457,-0.48667617968
1.7201736733,-0.055620534189,-0.76360602637,-0.47609960784
1.7222436777,-0.054766160243,-0.75048414839,-0.46556559656
1.7243136821,-0.05391191356,-0.73732473851,-0.45507584265
1.7263836865,-0.053057335917,-0.72412491217,-0.4446297081
1.728453691,-0.05220299668,-0.71088871232,-0.43423082447
1.7305236954,-0.05134859363,-0.6976140062,-0.42387902854
1.7325936998,-0.050494168027,-0.68430109501,-0.41357566119
1.7346637042,-0.049639868884,-0.67095157125,-0.40332284306
1.7367337086,-0.048785899679,-0.65756668008,-0.39312247127
1.7388037131,-0.047931847886,-0.64414221714,-0.3829731919
1.7408737175,-0.0470781012,-0.63068278599,-0.37287892209
1.7429437219,-0.046224476407,-0.61718650201,-0.36283971251
1.7450137263,-0.045371178851,-0.60365498403,-0.35285768948
1.7470837307,-0.044517986744,-0.5900866101,-0.34293308594
1.7491537352,-0.0436652596,-0.57648439733,-0.33306883667
1.7512237396,-0.04281277095,-0.56284592679,-0.32326472266
1.753293744,-0.041960626806,-0.54917287753,-0.31352290557
1.7553637484,-0.041108883628,-0.53546518344,-0.3038445365
1.7574337528,-0.040257527666,-0.52172295432,-0.29423087518
1.7595037573,-0.039406558023,-0.50794665024,-0.28468338377
1.7615737617,-0.038556073039,-0.49413672797,-0.27520351963
1.7636437661,-0.037705948247,-0.48029229764,-0.26579199595
1.7657137705,-0.036856329059,-0.46641490289,-0.2564508836
1.7677837749,-0.036007267659,-0.45250451353,-0.2471813764
1.7698537794,-0.035158611587,-0.43856020021,-0.23798418762
1.7719237838,-0.034310600495,-0.42458434512,-0.22886183545
1.7739937882,-0.033463053398,-0.41057484574,-0.21981440857
1.7760637926,-0.032616262224,-0.39653470767,-0.21084474755
1.778133797,-0.03176986712,-0.38246088547,-0.20195246294
1.7802038015,-0.030924159347,-0.36835575364,-0.19314005381
1.7822738059,-0.030079058977,-0.35421873987,-0.18440845907
1.7843438103,-0.029234808533,-0.34005158782,-0.17575982672
1.7864138147,-0.028391063548,-0.32585187018,-0.16719414773
1.7884838191,-0.027548023282,-0.31162127119,-0.15871354786
1.7905538236,-0.026705713787,-0.29735996503,-0.1503193707
1.792623828,-0.025864135512,-0.28306793942,-0.14201286969
1.7946938324,-0.025023366415,-0.26874593875,-0.13379568096
1.7967638368,-0.024183327531,-0.25439295084,-0.12566856745
1.7988338412,-0.023344214161,-0.24001077448,-0.11763369095
1.8009038457,-0.022505889152,-0.2255984646,-0.10969185815
1.8029738501,-0.021668476086,-0.21115667052,-0.10184466441
1.8050438545,-0.02083177255,-0.19668391978,-0.094092688112
1.8071138589,-0.01999614985,-0.18218335487,-0.086438722113
1.8091838633,-0.019161659185,-0.16765452734,-0.07888382857
1.8112538678,-0.0183278345,-0.15309453413,-0.07142794131
1.8133238722,-0.017495257679,-0.13850751564,-0.064074295322
1.8153938766,-0.016663643585,-0.12389095695,-0.056823022123
1.817463881,-0.015832933023,-0.10924485613,-0.049675439007
1.8195338854,-0.015003667442,-0.094572740437,-0.042634452881
1.8216038899,-0.014175291629,-0.079870426836,-0.035699489205
1.8236738943,-0.013348112199,-0.065140157883,-0.028872880365
1.8257438987,-0.012522248994,-0.050382663217,-0.022156266395
1.8278139031,-0.011697627903,-0.03559691555,-0.015550521956
1.8298839075,-0.010874160364,-0.020782699746,-0.0090568927895
1.831953912,-0.010052137881,-0.0059415416734,-0.0026773712352
1.8340239164,-0.0092315256697,0.0089266965514,0.0035867677477
1.8360939208,-0.0084122479531,0.023823124251,0.0097346445872
1.8381639252,-0.0075943809578,0.03874705691,0.015764617454
1.8402339296,-0.0067779942511,0.053698227851,0.02167522027
1.8423039341,-0.0059631347648,0.068676609191,0.027465081722
1.8443739385,-0.0051497628353,0.083682710137,0.033133038559
1.8464439429,-0.004338116075,0.098714921956,0.038677079997
1.8485139473,-0.0035280288192,0.11377514154,0.044096580446
1.8505839517,-0.0027197732154,0.12886140389,0.049389391062
1.8526539562,-0.001913089392,0.14397632761,0.054555132543
1.8547239606,-0.0011083829103,0.15911678262,0.059591215058
1.856793965,-0.00030553888754,0.1742844757,0.064496892728
1.8588639694,0.00049544606162,0.18947949918,0.069270791298
1.8609339739,0.0012944144247,0.20470138635,0.073911327571
1.8630039783,0.0020913956774,0.21995075228,0.078417305586
1.8650739827,0.0028860332625,0.23522525805,0.0827864722
1.8671439871,0.0036788245029,0.25052978118,0.08701912073
1.8692139915,0.0044693194688,0.26586035698,0.091112413369
1.871283996,0.0052573592861,0.28121756906,0.095065120322
1.8733540004,0.006042906966,0.29660145468,0.098875811984
1.8754240048,0.0068263643507,0.31201538485,0.10254414829
1.8774940092,0.00760694515,0.32745371267,0.10606679534
1.8795640136,0.0083852229269,0.34292269282,0.10944432284
1.8816340181,0.0091605533595,0.35841727587,0.11267361758
1.8837040225,0.0099332439687,0.37394119893,0.1157543791
1.8857740269,0.010702783776,0.38949105992,0.11868405142
1.8878440313,0.011469700255,0.40507203689,0.12146271271
1.8899140357,0.012233142818,0.42067844109,0.12408712646
1.8919840402,0.012993725548,0.43631611868,0.12655750853
1.8940540446,0.013750730769,0.4519805341,0.12887099186
1.896124049,0.014504556997,0.46767606235,0.13102729001
1.8981940534,0.015254911494,0.48340106624,0.13302436745
1.9002640578,0.01600342532,0.49916909256,0.13486431844
1.9023340623,0.01674631337,0.51494838965,0.13653694069
1.9044040667,0.017485136692,0.53076017844,0.13804645321
1.9064740711,0.018219918702,0.54660384362,0.13939106634
1.9085440755,0.018948481255,0.56246555754,0.14056569382
1.9106140799,0.019674686221,0.57837779081,0.1415768609
1.9126840844,0.020396497703,0.59431885491,0.14241743453
1.9147540888,0.021113660385,0.6102910555,0.14308634956
1.9168240932,0.021826226381,0.62629733526,0.14358263263
1.9188940976,0.022533609695,0.6423350753,0.14390399529
1.920964102,0.023235829059,0.65840658226,0.1440492742
1.9230341065,0.023932943182,0.67451368741,0.14401714856
1.9251041109,0.024624380851,0.69065444292,0.14380546416
1.9271741153,0.025310116052,0.7068305848,0.14341284776
1.9292441197,0.025990077248,0.72304374736,0.14283786119
1.9313141241,0.026663851637,0.73929319277,0.14207856729
1.9333841286,0.027331419045,0.75558087582,0.14113353957
1.935454133,0.027992476132,0.77190655942,0.14000090335
1.9375241374,0.028646637519,0.78827028153,0.13867882909
1.9395941418,0.029293871199,0.80467409223,0.13716582088
1.9416641462,0.029933902936,0.82111872757,0.13546011255
1.9437341507,0.030566366109,0.83760398058,0.13355976237
1.9458041551,0.031191122094,0.8541318974,0.13146317103
1.9478741595,0.031807909659,0.87070314867,0.12916848059
1.9499441639,0.032416416282,0.88731824314,0.12667378564
1.9520141683,0.033016344254,0.90397809153,0.12397721502
1.9540841728,0.033607425897,0.92068385698,0.12107690063
1.9561541772,0.034189362419,0.93743653315,0.11797091691
1.9582241816,0.034761852383,0.95423718389,0.11465731416
1.960294186,0.035324585045,0.9710868825,0.11113410927
1.9623641904,0.03587723885,0.98798671996,0.10739928607
1.9644341949,0.036419490483,1.0049378471,0.10345079883
1.9665041993,0.036951001628,1.0219414157,0.099286564485
1.9685742037,0.037471424748,1.0389986067,0.094904464879
1.9706442081,0.037980405137,1.0561106511,0.09030234735
1.9727142125,0.038477574322,1.0732788115,0.085478021442
1.974784217,0.038962552363,1.0905043553,0.080429255668
1.9768542214,0.039434960891,1.1077886422,0.075153782932
1.9789242258,0.039894412816,1.1251330543,0.069649293068
1.9809942302,0.040340507138,1.1425389813,0.063913430983
1.9830642346,0.040772834668,1.1600078323,0.057943796606
1.9851342391,0.041190977606,1.177541056,0.051737944762
1.9872042435,0.041594507532,1.1951401174,0.045293382732
1.9892742479,0.041982992621,1.2128065483,0.038607570896
1.9913442523,0.042355908035,1.2305412767,0.031677903036
1.9934142567,0.042712864254,1.2483470943,0.024501772763
1.9954842612,0.043053468287,1.2662249581,0.017076466118
1.9975542656,0.043377233761,1.2841764936,0.0093992357029
1.99962427,0.043683666815,1.3022032981,0.0014672788663
2.0000382709,0.043742830666,1.3058178361,-0.00014993017197
