 force-1force-2force-3workmass
   1.2434497875801753E-014   4.4408920985006262E-015  -2.1618456724884384E-014   0.0000000000000000       0.78539909798813223     
  -5.4622972811557702E-014  -2.9252413402205413E-003  -2.1284306171070356E-014  -4.3659227002743571E-007  0.78539909798813234     
   2.4424906541753444E-014  -8.9308724006564866E-003  -2.1128259086956862E-014  -5.3049382059944770E-006  0.78539909798813246     
   1.3766765505351941E-014  -1.7714155670585541E-002  -2.3072417054163578E-014  -2.3555398502970396E-005  0.78539909798813234     
   6.0840221749458578E-014  -2.9150463202078480E-002  -2.1598506084145683E-014  -6.8561889451275622E-005  0.78539909798813246     
  -2.7533531010703882E-014  -4.3164126360044186E-002  -1.7835179858561335E-014  -1.5781883700393719E-004  0.78539909798813290     
  -3.1530333899354446E-014  -5.9681034983695369E-002  -1.6659581019989478E-014  -3.1260926124462157E-004  0.78539909798813290     
   5.1958437552457326E-014  -7.8614475000811979E-002  -1.6970601087937873E-014  -5.5759281756200332E-004  0.78539909798813223     
   2.2648549702353193E-014  -9.9859547427182171E-002  -1.9157150184144324E-014  -9.2030558908890933E-004  0.78539909798813223     
  -1.1102230246251565E-014 -0.12329480069203447       -1.6284250212987458E-014  -1.4306203961298516E-003  0.78539909798813090     
   4.8849813083506888E-014 -0.14878079129198607       -1.9557925105285954E-014  -2.1201262759107942E-003  0.78539909798813179     
   2.4424906541753444E-014 -0.17614549985644201       -1.8790586310303602E-014  -3.0212035771626441E-003  0.78539909798812702     
   1.3322676295501878E-015 -0.20515810824985303       -1.7371164919936734E-014  -4.1655302299048735E-003  0.78539909798812868     
   5.3290705182007514E-015 -0.23550340164623940       -1.8008562679790646E-014  -5.5819605016695500E-003  0.78539909798812158     
   7.7271522513910895E-014 -0.26677119336513089       -1.7928491856797656E-014  -7.2940579689894369E-003  0.78539909798812424     
   4.0412118096355698E-014 -0.29846864845417942       -1.8189680090130754E-014  -9.3178181189292331E-003  0.78539909798811580     
   4.7073456244106637E-014 -0.33005349375095694       -1.8339287610065565E-014  -1.1660129827233565E-002  0.78539909798811758     
   6.5281113847959205E-014 -0.36097863190857149       -1.5875841753210815E-014  -1.4318307679311346E-002  0.78539909798811158     
   3.5527136788005009E-014 -0.39073634633962051       -1.8626268181902860E-014  -1.7280705653215905E-002  0.78539909798811225     
   3.1974423109204508E-014 -0.41889264498051926       -2.0676589602011136E-014  -2.0528148236754223E-002  0.78539909798811181     
   6.3060667798708891E-014 -0.44510699023315192       -1.7840673060258265E-014  -2.4035777472590170E-002  0.78539909798811047     
  -5.7731597280508140E-015 -0.46913749974758678       -1.8493028856976586E-014  -2.7774933819431080E-002  0.78539909798812002     
   1.2878587085651816E-014 -0.49083507758076639       -1.7902092236591654E-014  -3.1714817702803821E-002  0.78539909798811602     
  -7.9047879353311146E-014 -0.51013151309490601       -1.6353445715784001E-014  -3.5823857974211143E-002  0.78539909798813556     
  -1.1990408665951691E-014 -0.52702634859015252       -1.6982746321011615E-014  -4.0070867336006871E-002  0.78539909798812924     
  -2.7533531010703882E-014 -0.54157601500268848       -1.8620489280641629E-014  -4.4426157480688871E-002  0.78539909798816065     
   1.4654943925052066E-014 -0.55388675133758580       -1.6316863732023206E-014  -4.8862781429498625E-002  0.78539909798815111     
   1.2878587085651816E-014 -0.56411104739356466       -1.5434298814920581E-014  -5.3357994723100710E-002  0.78539909798819352     
  -2.5313084961453569E-014 -0.57244593067979199       -1.6384383296867785E-014  -5.7894891645231761E-002  0.78539909798818153     
   6.2172489379008766E-015 -0.57913095568568540       -1.3411518460946091E-014  -6.2464051401085852E-002  0.78539909798823293     
  -6.3060667798708891E-014 -0.58444388208844256       -1.6158897472464435E-014  -6.7064935469649367E-002  0.78539909798821927     
  -2.4424906541753444E-014 -0.58869294868931688       -1.4329171699156084E-014  -7.1706774827761777E-002  0.78539909798827834     
   4.8405723873656825E-014 -0.59220560664840516       -1.7438403433003980E-014  -7.6408736192204230E-002  0.78539909798826291     
  -1.8651746813702630E-014 -0.59531467940640859       -1.7024730609611311E-014  -8.1199285155665546E-002  0.78539909798832852     
   8.4376949871511897E-015 -0.59834343538946566       -1.6707008384091864E-014  -8.6114783908123327E-002  0.78539909798831198     
  -4.4408920985006262E-015 -0.60159136992352202       -1.6156363929692850E-014  -9.1197491734345382E-002  0.78539909798838270     
  -2.0428103653102880E-014 -0.60532211329029773       -1.4941696620422408E-014  -9.6493187435380212E-002  0.78539909798836516     
  -3.5083047578154947E-014 -0.60975447912062375       -1.5381629834767754E-014 -0.10204866206424706       0.78539909798843999     
  -1.0214051826551440E-014 -0.61505689176392364       -1.7030421225970649E-014 -0.10790927143241402       0.78539909798842189     
  -7.4606987254810520E-014 -0.62134501166763600       -1.4343248864349363E-014 -0.11411669085163623       0.78539909798849961     
   1.8651746813702630E-014 -0.62868187460451042       -1.4359484094233452E-014 -0.12070691992406712       0.78539909798848062     
  -3.1086244689504383E-015 -0.63707988406739524       -1.8104307789836714E-014 -0.12770855575023643       0.78539909798856056     
   1.1546319456101628E-014 -0.64650394016538248       -1.6353726922448904E-014 -0.13514130462853058       0.78539909798854124     
   1.4210854715202004E-014 -0.65687535353568549       -1.4773970079701370E-014 -0.14301473775295115       0.78539909798862240     
  -4.4408920985006262E-015 -0.66807629372510036       -1.5595195286901705E-014 -0.15132729744425966       0.78539909798860308     
   4.0856207306205761E-014 -0.67995486694582485       -2.1320836683322779E-014 -0.16006562539696556       0.78539909798868690     
  -2.7977620220553945E-014 -0.69233085705770403       -1.9189227516776968E-014 -0.16920427680318961       0.78539909798866614     
  -4.7073456244106637E-014 -0.70500229354079558       -1.9437537187228246E-014 -0.17870592012302777       0.78539909798875351     
   3.7747582837255322E-014 -0.71775274136102585       -2.0315375394420269E-014 -0.18852206403492333       0.78539909798873175     
   9.7699626167013776E-015 -0.73035921247986169       -1.8491213919539199E-014 -0.19859434713284052       0.78539909798882568     
   2.5757174171303632E-014 -0.74260029286603846       -1.7332735075676982E-014 -0.20885633236857370       0.78539909798880148     
   6.9277916736609768E-014 -0.75426415182749729       -1.8795048120372407E-014 -0.21923573833244692       0.78539909798890395     
  -1.3322676295501878E-014 -0.76515591025428886       -1.6484596437229983E-014 -0.22965695552736265       0.78539909798887719     
  -1.8651746813702630E-014 -0.77510406880654559       -1.5658426960601404E-014 -0.24004372305285293       0.78539909798899044     
   2.7089441800853820E-014 -0.78396562097933353       -1.2827783151607459E-014 -0.25032179070994465       0.78539909798896135     
   1.9984014443252818E-014 -0.79162978686020136       -1.7332599604322654E-014 -0.26042146144616607       0.78539909798908569     
   4.0412118096355698E-014 -0.79802023662181609       -1.7265765162557548E-014 -0.27027987790096808       0.78539909798905372     
  -1.5543122344752192E-014 -0.80309596320863630       -1.7707516144768434E-014 -0.27984300463385514       0.78539909798907570     
   1.6875389974302379E-014 -0.80685083771261779       -1.3031645144484396E-014 -0.28906722222394943       0.78539909798907614     
   3.5527136788005009E-015 -0.80931206611598494       -1.6188639279422671E-014 -0.29792051820233389       0.78539909798907626     
  -1.5099033134902129E-014 -0.81053765890609242       -1.6535947071691429E-014 -0.30638323506650322       0.78539909798907614     
  -4.7073456244106637E-014 -0.81061306989601745       -1.5549649258116210E-014 -0.31444836104891283       0.78539909798907637     
  -2.3536728122053319E-014 -0.80964712963104546       -1.3751872829188155E-014 -0.32212134911223100       0.78539909798907659     
   4.6629367034256575E-014 -0.80776740214046283       -1.4383273330938603E-014 -0.32941946116206022       0.78539909798907659     
   7.4606987254810520E-014 -0.80511510299282962       -1.6863133596333827E-014 -0.33637064910958259       0.78539909798907637     
  -2.8421709430404007E-014 -0.80183973502463246       -1.7575397928258043E-014 -0.34301200414850674       0.78539909798907637     
   4.3520742565306136E-014 -0.79809361876378748       -1.7885823202664603E-014 -0.34938782823517101       0.78539909798907659     
   7.1054273576010019E-015 -0.79402651014982606       -1.9222280543293405E-014 -0.35554740415524022       0.78539909798907648     
   0.0000000000000000      -0.78978050253175081       -1.7134820962074655E-014 -0.36154255932697432       0.78539909798907659     
   5.8175686490358203E-014 -0.78548539991544697       -2.0820120967475218E-014 -0.36742513091899531       0.78539909798907648     
  -2.2204460492503131E-015 -0.78125472416381081       -2.1096323500213490E-014 -0.37324444446925886       0.78539909798907659     
   3.7747582837255322E-014 -0.77718248338083917       -2.0930401793114954E-014 -0.37904491495143344       0.78539909798907626     
  -1.7763568394002505E-014 -0.77334078684644103       -1.8905138043625854E-014 -0.38486386934514716       0.78539909798907659     
   5.5067062021407764E-014 -0.76977834876803763       -2.0934238792933702E-014 -0.39072967516070722       0.78539909798907681     
  -5.5955240441107890E-014 -0.76651988314289632       -2.3707524804376753E-014 -0.39666024216855256       0.78539909798907637     
   6.3060667798708891E-014 -0.76356635789941807       -2.2200690735016354E-014 -0.40266194654852416       0.78539909798907637     
   5.7731597280508140E-015 -0.76089604924816712       -2.1401991655500824E-014 -0.40872900898254105       0.78539909798907670     
  -2.7977620220553945E-014 -0.75846631629535466       -2.1746271234352593E-014 -0.41484334131432310       0.78539909798907648     
  -4.8849813083506888E-014 -0.75621600022063973       -1.9990006177060169E-014 -0.42097486029882836       0.78539909798907614     
   4.1744385725905886E-014 -0.75406834017646052       -2.0618205899927774E-014 -0.42708225137699585       0.78539909798907659     
   3.7303493627405260E-014 -0.75193428848967470       -1.9057513110027728E-014 -0.43311415017005461       0.78539909798907648     
  -1.4210854715202004E-014 -0.74971610035837255       -2.0596152616384932E-014 -0.43901069459978048       0.78539909798907692     
   1.5543122344752192E-014 -0.74731106831156779       -2.1708619507809864E-014 -0.44470538666443682       0.78539909798907648     
   1.8207657603852567E-014 -0.74461527001876870       -2.3204098810032590E-014 -0.45012719072522689       0.78539909798907648     
  -8.4376949871511897E-015 -0.74152720048026932       -1.9896929837091854E-014 -0.45520278561322525       0.78539909798907659     
  -5.3290705182007514E-015 -0.73795116677862316       -1.8626317562950979E-014 -0.45985888177289436       0.78539909798907659     
  -3.3306690738754696E-014 -0.73380033566543634       -2.0369856227964917E-014 -0.46402451266072386       0.78539909798907681     
   5.0182080713057076E-014 -0.72899934077525996       -1.7210352595528159E-014 -0.46763321187529017       0.78539909798907681     
  -2.2648549702353193E-014 -0.72348637635109903       -1.6863239265028550E-014 -0.47062499387088508       0.78539909798907659     
  -1.0214051826551440E-014 -0.71721472669709341       -1.5476864196048890E-014 -0.47294806602646089       0.78539909798907614     
   2.0872192862952943E-014 -0.71015370380914744       -1.6478813932250709E-014 -0.47456021257046288       0.78539909798907670     
   5.5067062021407764E-014 -0.70228898843670473       -1.4075520985829502E-014 -0.47542980550772240       0.78539909798907659     
   2.3092638912203256E-014 -0.69362239121871250       -2.0519600376364664E-014 -0.47553641346129250       0.78539909798907659     
   8.1268325402561459E-014 -0.68417106973892006       -2.2049269703687035E-014 -0.47487099546929690       0.78539909798907681     
   4.5297099404706387E-014 -0.67396625395010590       -2.1468277183148593E-014 -0.47343568268230252       0.78539909798907681     
   2.2204460492503131E-014 -0.66305154622374207       -2.0335902680342493E-014 -0.47124316611770123       0.78539909798907681     
   3.9079850466805510E-014 -0.65148087318024572       -2.6582746597932575E-014 -0.46831572272387412       0.78539909798907692     
  -2.0428103653102880E-014 -0.63931617444890065       -2.6334113236856949E-014 -0.46468392464634967       0.78539909798907681     
   1.6431300764452317E-014 -0.62662491854709934       -2.3318815553208331E-014 -0.46038508740606998       0.78539909798907726     
  -4.8849813083506888E-015 -0.61347753809608685       -2.0200012582591988E-014 -0.45546152132914575       0.78539909798907703     
   7.1054273576010019E-015 -0.59994487562999854       -2.3028309689671229E-014 -0.44995865672249824       0.78539909798907703     
  -5.1070259132757201E-014 -0.58609572725070525       -1.6493514600467986E-014 -0.44392311664106376       0.78539909798907703     
   3.7747582837255322E-014 -0.57199456456697240       -1.8419798193230113E-014 -0.43740081155697474       0.78539909798907692     
  -2.6201263381153694E-014 -0.55769950589033179       -2.0293046965430902E-014 -0.43043512771881209       0.78539909798907692     
   1.4654943925052066E-014 -0.54326059602442900       -1.7236874403206223E-014 -0.42306527567522023       0.78539909798907681     
  -2.4424906541753444E-014 -0.52871844063358298       -2.1750561680627405E-014 -0.41532485756894877       0.78539909798907681     
   1.0613732115416497E-013 -0.51410322673672226       -1.9821486485031041E-014 -0.40724070182077288       0.78539909798907726     
   5.2402526762307389E-014 -0.49943414595545965       -1.6430012348333628E-014 -0.39883200220882831       0.78539909798907703     
  -3.0198066269804258E-014 -0.48471922234419695       -1.8724218996244166E-014 -0.39010978565016607       0.78539909798907681     
  -7.3718808835110394E-014 -0.46995553251890998       -2.0686344314629031E-014 -0.38107671978675084       0.78539909798907692     
  -1.1723955140041653E-013 -0.45512979282355026       -2.0603913797229701E-014 -0.37172725828863440       0.78539909798907703     
   2.9753977059954195E-014 -0.44021927682728057       -2.5115769477070608E-014 -0.36204810912840912       0.78539909798907714     
  -4.0856207306205761E-014 -0.42519301681479726       -2.3654270605776854E-014 -0.35201899939303649       0.78539909798907703     
  -2.3536728122053319E-014 -0.41001323533515865       -2.6072956118137516E-014 -0.34161369988015178       0.78539909798907726     
  -2.2648549702353193E-014 -0.39463694742646815       -2.0839958471075728E-014 -0.33080126408466359       0.78539909798907748     
   4.4408920985006262E-016 -0.37901767095074135       -2.6192387539741881E-014 -0.31954742951812021       0.78539909798907726     
   4.8849813083506888E-015 -0.36310718150560017       -2.5541305172449509E-014 -0.30781612476338260       0.78539909798907714     
   5.9063864910058328E-014 -0.34685724962803688       -2.6252945913094032E-014 -0.29557102341234920       0.78539909798907703     
   8.8817841970012523E-015 -0.33022130130931471       -2.5678931537364685E-014 -0.28277708606499985       0.78539909798907726     
   4.0856207306205761E-014 -0.31315594803989022       -1.6498186498573267E-014 -0.26940203384672179       0.78539909798907737     
   6.8833827526759706E-014 -0.29562233943553018       -2.3959996134995230E-014 -0.25541770127230645       0.78539909798907703     
  -8.0824236192711396E-014 -0.27758729967481877       -1.8599453912947995E-014 -0.24080122253143754       0.78539909798907703     
   2.4424906541753444E-014 -0.25902421814611598       -2.3256943870955837E-014 -0.22553601307887350       0.78539909798907714     
   6.2172489379008766E-015 -0.23991367450983603       -2.4629236379867497E-014 -0.20961251744083143       0.78539909798907703     
   2.3980817331903381E-014 -0.22024378842727232       -2.3714647288766088E-014 -0.19302870397889693       0.78539909798907692     
   8.4376949871511897E-015 -0.20001029415581550       -2.3516105311022082E-014 -0.17579029759789000       0.78539909798907681     
  -3.2862601528904634E-014 -0.17921634967948163       -2.0227226952635056E-014 -0.15791075159688450       0.78539909798907703     
   1.6475709685437323E-013 -0.15787209876655162       -1.7685632949156986E-014 -0.13941096968506361       0.78539909798907703     
   1.8074430840897548E-013 -0.13599401201412853       -2.0699824857410844E-014 -0.12031879821332847       0.78539909798907703     
  -5.0626169922907138E-014 -0.11360403938738139       -2.0373720295779911E-014 -0.10066831663546916       0.78539909798907703     
   4.5297099404706387E-014  -9.0728611780108714E-002  -2.0015829254034741E-014  -8.0498960801904662E-002  0.78539909798907703     
  -9.1482377229112899E-014  -6.7397532646876535E-002  -2.6730326982608663E-014  -5.9854518738721385E-002  0.78539909798907703     
  -1.6431300764452317E-014  -4.3642802717558826E-002  -2.5901500614702755E-014  -3.8782041922087451E-002  0.78539909798907748     
  -1.3322676295501878E-014  -1.9497421192554931E-002  -2.7794487404693171E-014  -1.7330716644622157E-002  0.78539909798907726     
   8.4376949871511897E-014   5.0057942881167605E-003  -2.6668896349674891E-014   4.4492600907508617E-003  0.78539909798907726     
  -5.2846615972157451E-014   2.9835329115833975E-002  -2.4015007313533547E-014   2.6507757565384704E-002  0.78539909798907714     
   2.9309887850104133E-014   5.4961998618054508E-002  -2.1681662579438043E-014   4.8795702069095892E-002  0.78539909798907703     
  -4.4408920985006262E-014   8.0359849237712666E-002  -2.0253365152485979E-014   7.1265946988690487E-002  0.78539909798907703     
  -2.7089441800853820E-014  0.10600690852693528       -2.3224243324113645E-014   9.3873993818395007E-002  0.78539909798907726     
  -8.8817841970012523E-016  0.13188576483942294       -2.1248343454871062E-014  0.11657854245765886       0.78539909798907748     
  -1.2434497875801753E-014  0.15798396431347550       -2.1879452481916593E-014  0.13934185652448683       0.78539909798907703     
   2.9309887850104133E-014  0.18429421958515801       -2.1795707114965410E-014  0.16212993704608625       0.78539909798907703     
   8.0380146982861334E-014  0.21081443132339617       -2.2813039163900931E-014  0.18491250540440740       0.78539909798908836     
  -1.1368683772161603E-013  0.23754753099422388       -2.1799036737866187E-014  0.20766280447061369       0.78539909798904894     
   1.7319479184152442E-014  0.26450115460422374       -1.0009125796164835E-014  0.23035722955867266       0.78539909798905871     
  -7.3718808835110394E-014  0.29168717510000119       -1.7070268709999174E-014  0.25297481782970221       0.78539909798902385     
   4.7961634663806763E-014  0.31912110012808181       -1.7726968212669340E-014  0.27549660749837335       0.78539909798903262     
  -3.1086244689504383E-014  0.34682138405337337       -2.3088918495505325E-014  0.29790491569836375       0.78539909798900465     
   8.3488771451811772E-014  0.37480865342624448       -1.4756933605162894E-014  0.32018254104128596       0.78539909798901153     
  -2.2648549702353193E-014  0.40310491068050780       -1.9791688037456841E-014  0.34231195366718215       0.78539909798899221     
   1.0125233984581428E-013  0.43173270414032139       -1.8304317575589981E-014  0.36427446911840100       0.78539909798899654     
   1.6076029396572267E-013  0.46071434065281247       -1.6764866601839539E-014  0.38604947728501049       0.78539909798898777     
   7.9936057773011271E-015  0.49007111385154367       -2.0792231401187458E-014  0.40761370851933387       0.78539909798898933     
  -1.2390088954816747E-013  0.51982263205627710       -1.9864799139634840E-014  0.42894061178164655       0.78539909798899377     
   3.1086244689504383E-014  0.54998620051455482       -1.9634253867908900E-014  0.44999980923341010       0.78539909798899132     
   1.9095836023552692E-014  0.58057634668964253       -1.3678874246077907E-014  0.47075670211112808       0.78539909798901064     
   2.4868995751603507E-014  0.61160442295252038       -1.9223292026610241E-014  0.49117217282009307       0.78539909798900465     
  -8.1712414612411521E-014  0.64307837831807380       -2.0655812515730786E-014  0.51120245604597869       0.78539909798904095     
  -6.1728400169158704E-014  0.67500261248024307       -2.3527069380249655E-014  0.53079910436563837       0.78539909798903018     
   7.1054273576010019E-014  0.70737800628605152       -3.1363948836817231E-014  0.54990911884022253       0.78539909798908591     
   5.3290705182007514E-015  0.74020202140963320       -2.0190280332057051E-014  0.56847515244259927       0.78539909798907059     
   1.3766765505351941E-013  0.77346896664643827       -2.2913955443967022E-014  0.58643585571993739       0.78539909798914853     
  -7.7715611723760958E-014  0.80717030485257535       -1.9301832830987383E-014  0.60372625819570214       0.78539909798912688     
   1.2612133559741778E-013  0.84129510303409694       -2.3103810745189963E-014  0.62027825619223576       0.78539909798922913     
   2.2115642650533118E-013  0.87583048348387749       -2.1377421074312367E-014  0.63602109046212041       0.78539909798920149     
  -2.0872192862952943E-014  0.91076218597115943       -2.6035921813785904E-014  0.65088188846794814       0.78539909798933061     
   3.9079850466805510E-014  0.94607508589370592       -2.1063855532973355E-014  0.66478614920561840       0.78539909798929630     
   4.3964831775156199E-014  0.98175378847474892       -2.1049425630511700E-014  0.67765825231760912       0.78539909798945484     
   7.0610184366159956E-014   1.0177831341384782       -2.1230016234257697E-014  0.68942186827017959       0.78539909798941299     
   1.3766765505351941E-014   1.0541487476391720       -2.2487559024673239E-014  0.70000036036574587       0.78539909798960328     
  -5.5955240441107890E-014   1.0908374591801588       -1.8145105146454777E-014  0.70931705783190213       0.78539909798955365     
  -5.1070259132757201E-014   1.1278377443809489       -8.1830137930003391E-015  0.71729550076489446       0.78539909798977836     
  -3.5527136788005009E-014   1.1651400068137772       -1.7141122862166893E-014  0.72385954119315121       0.78539909798971952     
   6.7501559897209518E-014   1.2027368651389310       -2.7164000494484888E-014  0.72893341064404482       0.78539909798998053     
  -4.3964831775156199E-014   1.2406232656409477       -2.1071337473811157E-014  0.73244164481562901       0.78539909798991292     
  -1.5054624213917123E-013   1.2787965973275792       -2.0007861377269968E-014  0.73430898362169295       0.78539909799021179     
  -1.1324274851176597E-013   1.3172566282007061       -2.0713486821984523E-014  0.73446014367260837       0.78539909799013508     
   3.9079850466805510E-014   1.3560054539690891       -2.6212294658758856E-014  0.73281958646260525       0.78539909799047247     
  -1.9673151996357774E-013   1.3950472756319265       -2.0597819269609077E-014  0.72931118503850723       0.78539909799038643     
   3.6415315207705135E-014   1.4343882093852374       -2.7954250966911723E-014  0.72385791371636410       0.78539909799076391     
   3.9079850466805510E-014   1.4740359425416685       -1.5356810055824175E-014  0.71638146807524206       0.78539909799066754     
   4.7517545453956700E-014   1.5139994485420303       -1.9335629228232462E-014  0.70680193705501271       0.78539909799108587     
   1.0702549957386509E-013   1.5542885710704022       -2.3422928339193717E-014  0.69503743747982694       0.78539909799097929     
   1.9140244944537699E-013   1.5949136971157873       -2.4762904710341346E-014  0.68100382623455702       0.78539909799143803     
  -6.8833827526759706E-014   1.6358853242466456       -2.5012829191522068E-014  0.66461440245233083       0.78539909799132213     
  -1.1679546219056647E-013   1.6772137458162519       -3.2071760501804161E-014  0.64577970506880633       0.78539909799182106     
  -1.8207657603852567E-014   1.7189086537361611       -3.4358173749512945E-014  0.62440731973888286       0.78539909799169583     
   2.9753977059954195E-014   1.7609788837064366       -2.6391520006643332E-014  0.60040178819721535       0.78539909799223384     
   4.1744385725905886E-014   1.8034320964622248       -2.1987846309606656E-014  0.57366453615624280       0.78539909799209950     
   1.6431300764452317E-014   1.8462746188425507       -2.4304999888545323E-014  0.54409389919230855       0.78539909799267549     
   8.8817841970012523E-014   1.8895112322184433       -2.1819614789855986E-014  0.51158516612313421       0.78539909799253238     
  -1.3367085216486885E-013   1.9331451293632482       -2.0666264742275500E-014  0.47603070538402348       0.78539909799314533     
   6.1284310959308641E-014   1.9771778219581591       -2.7727030856088307E-014  0.43732009937198479       0.78539909799299357     
   3.3750779948604759E-014   2.0216092160464507       -2.2589171817158768E-014  0.39534033886469022       0.78539909799364249     
   1.4566126083082054E-013   2.0664376335924355       -1.8731089748285048E-014  0.34997601050047350       0.78539909799348240     
  -6.7945649107059580E-014   2.1116599932235984       -1.8610664987873973E-014  0.30110951715871942       0.78539909799416507     
  -1.8118839761882555E-013   2.1572719260530957       -2.3915311177609716E-014  0.24862127493375979       0.78539909799399676     
   1.2789769243681803E-013   2.2032680354621714       -2.4571140901233762E-014  0.19238991567355734       0.78539909799471075     
  -6.3504757008558954E-014   2.2496420765951441       -1.7352055582834900E-014  0.13229245195624373       0.78539909799453578     
  -1.1413092693146609E-013   2.2963872605795843       -2.8119189066794571E-014   6.8204423929648317E-002  0.78539909799527829     
   4.7517545453956700E-014   2.3434964613465139       -2.8310760875364227E-014  -1.1447936409863680E-014  0.78539909799509711     
