 force-1force-2force-3workmass
  -8.8817841970012523E-015  -8.8817841970012523E-016  -2.1618456724884375E-014   0.0000000000000000       0.78539909798813157     
   6.8389738316909643E-014   9.7699626167013776E-015  -2.6924346867938516E-014  -3.0080946982445622E-008  0.78539909798813135     
   1.1546319456101628E-014  -8.1712414612411521E-014  -2.0250038761228056E-014  -3.3964848613395743E-007  0.78539909798813179     
  -1.0214051826551440E-014  -1.1368683772161603E-013  -3.2062112068113409E-014  -1.4690343446109588E-006  0.78539909798813135     
   4.4408920985006262E-015   4.8405723873656825E-014  -2.4289629808354375E-014  -4.1845362703379907E-006  0.78539909798813135     
   1.0214051826551440E-014  -3.9968028886505635E-015  -2.7743980358448462E-014  -9.4332293979447479E-006  0.78539909798813168     
  -5.8619775700208265E-014  -2.3536728122053319E-014  -2.4369460911722398E-014  -1.8303486776512223E-005  0.78539909798813135     
   5.5955240441107890E-014  -7.5051076464660582E-014  -2.5860254376993794E-014  -3.1958759356576216E-005  0.78539909798813168     
   6.1728400169158704E-014   2.3980817331903381E-014  -2.3688048112067160E-014  -5.1541420802256321E-005  0.78539909798813157     
   5.3734794391857577E-014  -3.7747582837255322E-014  -2.5472089095867433E-014  -7.8072448984799203E-005  0.78539909798813157     
  -2.4868995751603507E-014   2.6201263381153694E-014  -2.5770204595922518E-014  -1.1237589111640078E-004  0.78539909798813157     
   1.6875389974302379E-014  -6.2172489379008766E-015  -2.5376477141385913E-014  -1.5504344876070275E-004  0.78539909798813157     
  -3.2862601528904634E-014   3.3750779948604759E-014  -2.0446345000071918E-014  -2.0643959623711794E-004  0.78539909798813179     
  -5.7731597280508140E-015  -1.1990408665951691E-014  -2.2279357267342622E-014  -2.6673951880036573E-004  0.78539909798813246     
   4.0856207306205761E-014   2.5757174171303632E-014  -2.5087986706420564E-014  -3.3599016809299220E-004  0.78539909798813190     
   8.8817841970012523E-016  -2.0872192862952943E-014  -2.3833487252552700E-014  -4.1418514736143996E-004  0.78539909798813312     
  -4.4408920985006262E-015  -4.5741188614556449E-014  -2.7357615664933583E-014  -5.0134427057163533E-004  0.78539909798813290     
  -6.7945649107059580E-014   9.5035090907913400E-014  -2.0944708259427348E-014  -5.9758841223989112E-004  0.78539909798813512     
  -8.0824236192711396E-014  -7.5495165674510645E-014  -2.4555594071319709E-014  -7.0320041312621484E-004  0.78539909798813579     
   2.8421709430404007E-014   1.0658141036401503E-014  -2.9043941553393541E-014  -8.1866439450359318E-004  0.78539909798813590     
  -3.2862601528904634E-014   2.7533531010703882E-014  -2.8229980018944896E-014  -9.4467857643637521E-004  0.78539909798813545     
   3.5527136788005009E-015  -2.5757174171303632E-014  -2.6349782798764181E-014  -1.0821403193123080E-003  0.78539909798813556     
  -9.7255536957163713E-014  -1.0658141036401503E-013  -1.8238623716854712E-014  -1.2321056574171041E-003  0.78539909798813534     
  -7.3718808835110394E-014  -6.8389738316909643E-014  -2.0693178495933858E-014  -1.3957285882952308E-003  0.78539909798813534     
  -8.6153306710912148E-014  -7.6827433304060833E-014  -2.3955736511173963E-014  -1.5741874648696474E-003  0.78539909798813556     
  -1.6875389974302379E-014   8.8817841970012523E-016  -2.5226148455363135E-014  -1.7686068962936008E-003  0.78539909798813534     
  -4.2632564145606011E-014   3.7747582837255322E-014  -1.7324216604160936E-014  -1.9799836200058429E-003  0.78539909798813579     
  -2.2204460492503131E-015  -2.4868995751603507E-014  -1.7955833394591108E-014  -2.2091239606645274E-003  0.78539909798813567     
  -1.0302869668521453E-013   1.1102230246251565E-014  -2.2488048775143660E-014  -2.4565988983472620E-003  0.78539909798813545     
   8.1268325402561459E-014  -3.4638958368304884E-014  -2.2569006159053254E-014  -2.7227206396842618E-003  0.78539909798813534     
   3.1530333899354446E-014   2.5313084961453569E-014  -1.6760815494893827E-014  -3.0075421709440109E-003  0.78539909798813523     
   1.4210854715202004E-014  -3.5527136788005009E-015  -2.0884980801187697E-014  -3.3108788420078694E-003  0.78539909798813534     
   1.5543122344752192E-014   8.8817841970012523E-015  -2.1372579870808430E-014  -3.6323488384721880E-003  0.78539909798813512     
  -3.1086244689504383E-015   3.5971225997855072E-014  -2.1899443403101359E-014  -3.9714276608522336E-003  0.78539909798813545     
   1.3322676295501878E-014   6.5281113847959205E-014  -2.7797347096201647E-014  -4.3275105935700608E-003  0.78539909798813512     
  -1.1990408665951691E-014   1.0658141036401503E-013  -2.6455413102520156E-014  -4.6999766878936811E-003  0.78539909798813523     
  -2.9309887850104133E-014   4.8849813083506888E-014  -2.7231865275187828E-014  -5.0882480002820696E-003  0.78539909798813512     
  -5.7287508070658077E-014   1.3322676295501878E-014  -2.4358122363211403E-014  -5.4918386516843443E-003  0.78539909798813534     
   4.3964831775156199E-014   6.7501559897209518E-014  -2.5827750222380631E-014  -5.9103895790784122E-003  0.78539909798813512     
   7.6827433304060833E-014  -1.9539925233402755E-014  -2.6683072771328619E-014  -6.3436864740388232E-003  0.78539909798813512     
   4.4408920985006262E-015  -8.0380146982861334E-014  -2.2485792877995840E-014  -6.7916601638318141E-003  0.78539909798813501     
   6.7501559897209518E-014  -6.3060667798708891E-014  -2.2413350068526623E-014  -7.2543704056394764E-003  0.78539909798813523     
  -2.7089441800853820E-014  -2.6645352591003757E-014  -2.1723900697890724E-014  -7.7319755723426198E-003  0.78539909798813512     
   3.9968028886505635E-015  -5.8175686490358203E-014  -2.0277360749530388E-014  -8.2246918775212841E-003  0.78539909798813523     
  -2.3092638912203256E-014   1.0214051826551440E-014  -2.5328545545350778E-014  -8.7327465317603714E-003  0.78539909798813501     
   2.9309887850104133E-014  -1.1990408665951691E-014  -2.5122446904960827E-014  -9.2563295007828117E-003  0.78539909798813512     
   1.2878587085651816E-014   2.3980817331903381E-014  -2.6564230530503788E-014  -9.7955483584424297E-003  0.78539909798813512     
  -3.5527136788005009E-015  -7.9936057773011271E-015  -2.3524164577829205E-014  -1.0350390143750055E-002  0.78539909798813490     
  -2.3092638912203256E-014  -2.8865798640254070E-014  -2.4297162771839920E-014  -1.0920693227003175E-002  0.78539909798813534     
   1.9539925233402755E-014  -4.2188474935755949E-014  -2.6168238594174094E-014  -1.1506131076501225E-002  0.78539909798813534     
  -3.5971225997855072E-014  -4.3964831775156199E-014  -1.9239345719414318E-014  -1.2106208611617708E-002  0.78539909798813512     
  -4.4408920985006262E-015  -3.9523939676655573E-014  -2.3430918151287757E-014  -1.2720270652665455E-002  0.78539909798813534     
   2.7977620220553945E-014  -2.4424906541753444E-014  -2.0374963664373248E-014  -1.3347520936723756E-002  0.78539909798813490     
   1.3766765505351941E-014   1.0524914273446484E-013  -1.8628078991960596E-014  -1.3987049348694658E-002  0.78539909798813501     
   2.1760371282653068E-014   3.3750779948604759E-014  -2.0301018958245288E-014  -1.4637864474232654E-002  0.78539909798813534     
   7.3718808835110394E-014   1.1368683772161603E-013  -1.9247197735758392E-014  -1.5298928343479901E-002  0.78539909798813490     
   9.3258734068513149E-015   4.8405723873656825E-014  -2.3484108927458323E-014  -1.5969190297553615E-002  0.78539909798813512     
  -1.9539925233402755E-014   3.0198066269804258E-014  -2.6129055790167411E-014  -1.6647617241442703E-002  0.78539909798813490     
   1.2878587085651816E-014   2.3980817331903381E-014  -2.2558391487158370E-014  -1.7333218096284186E-002  0.78539909798813523     
  -8.9706020389712648E-014   1.3766765505351941E-014  -2.2769408854813078E-014  -1.8025060958468231E-002  0.78539909798813512     
   3.3306690738754696E-014  -3.7303493627405260E-014  -2.2506107582998729E-014  -1.8722282240488441E-002  0.78539909798813512     
  -3.5083047578154947E-014   2.0872192862952943E-014  -2.4190682019617664E-014  -1.9424087831531711E-002  0.78539909798813501     
  -4.3076653355456074E-014   4.7961634663806763E-014  -1.6981070616909818E-014  -2.0129747005961818E-002  0.78539909798813512     
   9.7699626167013776E-015  -3.2418512319054571E-014  -1.6976510835749344E-014  -2.0838580370501347E-002  0.78539909798813512     
   6.7501559897209518E-014   2.1316282072803006E-014  -1.6698231277531121E-014  -2.1549943538564653E-002  0.78539909798813534     
   2.8865798640254070E-014  -6.8389738316909643E-014  -1.6678514029203530E-014  -2.2263208430534309E-002  0.78539909798813512     
   1.4210854715202004E-014   2.4868995751603507E-014  -1.1668132593979790E-014  -2.2977744124048183E-002  0.78539909798813501     
   1.2434497875801753E-014  -3.7747582837255322E-014  -1.5788278731314565E-014  -2.3692899032542680E-002  0.78539909798813490     
   3.6415315207705135E-014  -1.1102230246251565E-014  -1.3726348826803420E-014  -2.4407985903271978E-002  0.78539909798813501     
  -1.3855583347321954E-013   4.3520742565306136E-014  -1.5396575211997029E-014  -2.5122270738788810E-002  0.78539909798813490     
  -1.9984014443252818E-014   3.9968028886505635E-015  -1.9320733794897847E-014  -2.5834966301041540E-002  0.78539909798813490     
  -6.0840221749458578E-014   5.9507954119908391E-014  -1.9787318097631098E-014  -2.6545230400578657E-002  0.78539909798813479     
   3.5971225997855072E-014  -6.1728400169158704E-014  -2.1123619888613418E-014  -2.7252168746917160E-002  0.78539909798813501     
   5.9507954119908391E-014  -3.1530333899354446E-014  -1.7179750734363062E-014  -2.7954841771816952E-002  0.78539909798813490     
  -7.9936057773011271E-015   4.7073456244106637E-014  -2.1503462936651640E-014  -2.8652274563222058E-002  0.78539909798813479     
   6.2172489379008766E-015   1.9539925233402755E-014  -2.7061841940205565E-014  -2.9343468874472478E-002  0.78539909798813468     
   8.4376949871511897E-015   3.1974423109204508E-014  -2.5146030345594529E-014  -3.0027416108943328E-002  0.78539909798813490     
   3.5527136788005009E-015  -4.9737991503207013E-014  -2.0582780916116425E-014  -3.0703110213571083E-002  0.78539909798813490     
   5.4178883601707639E-014  -6.6613381477509392E-014  -1.9650511148588817E-014  -3.1369559536460478E-002  0.78539909798813490     
  -4.1300296516055823E-014  -3.3750779948604759E-014  -2.5344690515636025E-014  -3.2025796890063241E-002  0.78539909798813490     
  -3.1086244689504383E-014   4.8405723873656825E-014  -2.2520120420100522E-014  -3.2670887290782602E-002  0.78539909798813479     
  -5.2402526762307389E-014   2.7977620220553945E-014  -2.2561148885818192E-014  -3.3303933092709403E-002  0.78539909798813479     
  -1.5987211554602254E-014  -8.7929663550312398E-014  -2.0788148801970478E-014  -3.3924076476520959E-002  0.78539909798813490     
  -2.9309887850104133E-014  -2.6645352591003757E-014  -2.2702162503019273E-014  -3.4530499469731524E-002  0.78539909798813468     
  -1.2878587085651816E-014   4.4408920985006262E-016  -2.7573163427338566E-014  -3.5122421854433483E-002  0.78539909798813501     
  -5.4178883601707639E-014   1.5099033134902129E-014  -2.4253170409798562E-014  -3.5699097442984051E-002  0.78539909798813490     
   6.2172489379008766E-015  -7.0166095156309893E-014  -2.7264484552035713E-014  -3.6259809275482002E-002  0.78539909798813490     
  -6.2172489379008766E-015   1.1990408665951691E-014  -2.5762856709634152E-014  -3.6803864311537815E-002  0.78539909798813512     
   2.2648549702353193E-014   4.0412118096355698E-014  -2.4432401590835295E-014  -3.7330588156582856E-002  0.78539909798813490     
  -3.4194869158454821E-014   4.8405723873656825E-014  -2.1616169912769271E-014  -3.7839320294399847E-002  0.78539909798813468     
   3.5083047578154947E-014   5.6399329650957952E-014  -2.4855945545816986E-014  -3.8329410195325320E-002  0.78539909798813490     
  -6.6613381477509392E-015  -5.0626169922907138E-014  -1.8310704920740228E-014  -3.8800214554340240E-002  0.78539909798813490     
  -2.2204460492503131E-014  -1.0080825063596421E-013  -1.7633280159918538E-014  -3.9251095788204626E-002  0.78539909798813512     
   1.9984014443252818E-014   5.5511151231257827E-014  -1.9202580255513005E-014  -3.9681421805162209E-002  0.78539909798813479     
   6.1728400169158704E-014  -2.2648549702353193E-014  -2.2947893155255734E-014  -4.0090566955540474E-002  0.78539909798813479     
   1.7319479184152442E-014  -1.1990408665951691E-014  -1.9114660280452317E-014  -4.0477913989121816E-002  0.78539909798813479     
  -5.5955240441107890E-014  -7.4606987254810520E-014  -2.5123525882225832E-014  -4.0842856786845516E-002  0.78539909798813468     
   2.1760371282653068E-014   2.2204460492503131E-015  -2.5727561687182893E-014  -4.1184803601760578E-002  0.78539909798813468     
  -6.1284310959308641E-014  -5.1070259132757201E-014  -2.3960632362513973E-014  -4.1503180537048934E-002  0.78539909798813490     
   5.5067062021407764E-014  -1.5987211554602254E-014  -2.3936780414594645E-014  -4.1797435004008232E-002  0.78539909798813490     
  -2.2204460492503131E-015  -1.5321077739827160E-013  -2.3166464514994822E-014  -4.2067038936351775E-002  0.78539909798813456     
  -8.4376949871511897E-015   4.9293902293356950E-014  -2.6011281099458009E-014  -4.2311491583811645E-002  0.78539909798813479     
  -3.4194869158454821E-014   1.0746958878371515E-013  -2.3242595654973820E-014  -4.2530321761724554E-002  0.78539909798813479     
  -5.0626169922907138E-014   2.1316282072803006E-014  -2.5673024314254806E-014  -4.2723089490001698E-002  0.78539909798813468     
  -1.4654943925052066E-014  -5.3734794391857577E-014  -1.9994754127007149E-014  -4.2889387008765656E-002  0.78539909798813468     
   8.4376949871511897E-015  -1.9984014443252818E-014  -2.1024263554313503E-014  -4.3028839206142422E-002  0.78539909798813468     
   3.1530333899354446E-014  -4.2188474935755949E-014  -1.5433921337707808E-014  -4.3141103531165292E-002  0.78539909798813490     
  -1.3766765505351941E-014  -4.2632564145606011E-014  -1.7247917296764798E-014  -4.3225869493859648E-002  0.78539909798813490     
   9.1926466438962962E-014   1.7319479184152442E-014  -1.7321234590318664E-014  -4.3282857869698432E-002  0.78539909798813456     
  -7.1054273576010019E-015  -3.5527136788005009E-015  -2.2613134032825652E-014  -4.3311819731385537E-002  0.78539909798813456     
  -5.3734794391857577E-014   2.9309887850104133E-014  -2.3231512530108131E-014  -4.3312535425616083E-002  0.78539909798813468     
  -4.7073456244106637E-014   1.1990408665951691E-014  -1.7763695701393594E-014  -4.3284813600191541E-002  0.78539909798813423     
  -3.5527136788005009E-014  -2.7089441800853820E-014  -1.9387528308059476E-014  -4.3228490367761996E-002  0.78539909798813445     
  -1.4210854715202004E-014   3.2418512319054571E-014  -2.0342179827290344E-014  -4.3143428669744743E-002  0.78539909798813456     
   1.9984014443252818E-014  -2.5757174171303632E-014  -1.6521884123354063E-014  -4.3029517880622148E-002  0.78539909798813423     
  -3.5971225997855072E-014  -1.3766765505351941E-014  -1.5387947595055667E-014  -4.2886673668861341E-002  0.78539909798813445     
  -1.2878587085651816E-014   4.4853010194856324E-014  -1.5107663838681513E-014  -4.2714838110960329E-002  0.78539909798813434     
   6.7945649107059580E-014  -1.3988810110276972E-013  -1.3420981131715376E-014  -4.2513980035915111E-002  0.78539909798813423     
  -7.2386541205560206E-014  -1.6431300764452317E-014  -1.3179795829941676E-014  -4.2284095565138013E-002  0.78539909798813423     
  -1.9095836023552692E-014   6.3504757008558954E-014  -1.7848129726346954E-014  -4.2025208804677749E-002  0.78539909798813412     
   1.7763568394002505E-015  -3.5083047578154947E-014  -1.3913570857073687E-014  -4.1737372640288761E-002  0.78539909798813423     
   2.2204460492503131E-014   2.7977620220553945E-014  -2.1733816468241631E-014  -4.1420669588070780E-002  0.78539909798813445     
   3.2862601528904634E-014   1.5099033134902129E-014  -1.6517763211084755E-014  -4.1075212655082627E-002  0.78539909798813412     
  -7.0166095156309893E-014  -3.5527136788005009E-015  -1.7885068713935879E-014  -4.0701146171000513E-002  0.78539909798813423     
   1.1102230246251565E-014  -2.1316282072803006E-014  -1.8949952602412996E-014  -4.0298646559115525E-002  0.78539909798813401     
  -2.6645352591003757E-015  -7.3274719625260332E-014  -1.4525303725512524E-014  -3.9867923025094676E-002  0.78539909798813412     
  -2.0428103653102880E-014  -7.6383344094210770E-014  -1.7753316616747242E-014  -3.9409218148950487E-002  0.78539909798813423     
  -6.8833827526759706E-014  -8.7929663550312398E-014  -2.1454231411777448E-014  -3.8922808375923434E-002  0.78539909798813423     
  -9.8143715376863838E-014  -1.9095836023552692E-014  -1.9698637660904227E-014  -3.8409004409555081E-002  0.78539909798813423     
  -7.0610184366159956E-014  -1.5454304502782179E-013  -2.0338508940412213E-014  -3.7868151515728421E-002  0.78539909798813412     
  -8.4376949871511897E-015  -8.2600593032111647E-014  -2.0625523039012757E-014  -3.7300629752146541E-002  0.78539909798813445     
   3.5527136788005009E-014  -7.3274719625260332E-014  -1.5702564425712704E-014  -3.6706854140943879E-002  0.78539909798813412     
  -7.3718808835110394E-014  -1.8651746813702630E-014  -1.2121586544951514E-014  -3.6087274803798586E-002  0.78539909798813412     
  -4.1300296516055823E-014  -5.7287508070658077E-014  -1.3288667717248180E-014  -3.5442377078712450E-002  0.78539909798813412     
  -5.6399329650957952E-014  -1.2878587085651816E-014  -1.7381908198741528E-014  -3.4772681637757152E-002  0.78539909798813456     
  -1.2878587085651816E-014   3.1530333899354446E-014  -1.6102766380815038E-014  -3.4078744617385581E-002  0.78539909798782492     
   5.0182080713057076E-014   2.6645352591003757E-014  -1.6136034713353745E-014  -3.3361157806380604E-002  0.78539909798790963     
   1.0658141036401503E-014   6.7057470687359455E-014  -2.2749704618108435E-014  -3.2620548804996208E-002  0.78539909798760099     
   3.9523939676655573E-014  -1.1546319456101628E-014  -1.5837532196551344E-014  -3.1857581358669229E-002  0.78539909798768504     
   1.6875389974302379E-014   2.5757174171303632E-014  -1.5314413005332978E-014  -3.1072955574329431E-002  0.78539909798737839     
  -2.3092638912203256E-014   1.3322676295501878E-013  -2.0683828889201786E-014  -3.0267408402194107E-002  0.78539909798746144     
  -7.7271522513910895E-014   1.6875389974302379E-014  -2.5783210455898757E-014  -2.9441713927577329E-002  0.78539909798715701     
  -2.2204460492503131E-015  -8.6597395920762210E-014  -2.3175959292668302E-014  -2.8596683994504879E-002  0.78539909798723939     
   5.6399329650957952E-014   4.3076653355456074E-014  -2.2455830787550597E-014  -2.7733168562061206E-002  0.78539909798693874     
  -5.2846615972157451E-014   2.4424906541753444E-014  -2.1680462363679248E-014  -2.6852056452686845E-002  0.78539909798701957     
   3.1086244689504383E-014   1.0169642905566434E-013  -2.1828430819424843E-014  -2.5954275754037859E-002  0.78539909798672314     
  -5.8619775700208265E-014   7.8159700933611020E-014  -2.2042922559223367E-014  -2.5040794671379540E-002  0.78539909798680274     
  -6.8833827526759706E-014   4.5741188614556449E-014  -1.8533803113357950E-014  -2.4112621956467795E-002  0.78539909798651153     
  -2.0428103653102880E-014   4.8849813083506888E-014  -2.1154100330659824E-014  -2.3170807846981667E-002  0.78539909798658902     
   3.8191672047105385E-014   2.2204460492503131E-014  -1.4210197199190163E-014  -2.2216444510419819E-002  0.78539909798630347     
   7.5495165674510645E-015  -4.3520742565306136E-014  -2.0000042172872760E-014  -2.1250667061461392E-002  0.78539909798637964     
   5.1070259132757201E-014   2.9309887850104133E-014  -1.6982723270164684E-014  -2.0274654018988425E-002  0.78539909798610053     
   9.6367358537463588E-014   7.1054273576010019E-015  -1.7435207804780769E-014  -1.9289628402576753E-002  0.78539909798617480     
   7.8603790143461083E-014   1.9539925233402755E-014  -2.2702176980194145E-014  -1.8296858210414157E-002  0.78539909798590257     
  -1.6431300764452317E-014  -3.9079850466805510E-014  -2.3730688537576735E-014  -1.7297657604403494E-002  0.78539909798597496     
  -9.7699626167013776E-014  -2.0428103653102880E-014  -2.5454013097328035E-014  -1.6293387426086881E-002  0.78539909798571039     
   2.1760371282653068E-014  -3.5527136788005009E-014  -2.5673816035315757E-014  -1.5285456486742621E-002  0.78539909798578045     
  -8.7485574340462335E-014  -4.3520742565306136E-014  -2.0545323047126867E-014  -1.4275322143215252E-002  0.78539909798552465     
  -7.5495165674510645E-015  -6.3948846218409017E-014  -2.4502672133556519E-014  -1.3264491714033877E-002  0.78539909798559171     
  -9.7255536957163713E-014   1.2434497875801753E-014  -2.3658685373270515E-014  -1.2254523140163176E-002  0.78539909798534524     
   1.0214051826551440E-014  -8.8817841970012523E-016  -2.0348256687755425E-014  -1.1247026549808137E-002  0.78539909798540963     
  -3.6859404417555197E-014   1.1546319456101628E-014  -1.7931616999692115E-014  -1.0243665030687410E-002  0.78539909798517293     
  -4.8849813083506888E-014   7.3718808835110394E-014  -2.1184501714439103E-014  -9.2461563652879164E-003  0.78539909798523444     
  -6.6169292267659330E-014   6.5725203057809267E-014  -2.2495047746029697E-014  -8.2562739417753050E-003  0.78539909798500807     
   3.1530333899354446E-014   8.8817841970012523E-016  -2.1967202472446290E-014  -7.2758486618491602E-003  0.78539909798496543     
  -3.5527136788005009E-015   3.5527136788005009E-014  -3.1951107896047395E-014  -6.3067701316628089E-003  0.78539909798492424     
   6.2172489379008766E-014  -3.3750779948604759E-014  -1.8062034249110786E-014  -5.3509885061977513E-003  0.78539909798488350     
  -1.3278267374516872E-013  -3.5527136788005009E-014  -2.4866768155721162E-014  -4.4105162039680401E-003  0.78539909798484475     
   1.8207657603852567E-014   3.0198066269804258E-014  -2.1823370707093495E-014  -3.4874297806100074E-003  0.78539909798480667     
   3.5527136788005009E-015   3.5527136788005009E-014  -2.3726447576918074E-014  -2.5838719308963753E-003  0.78539909798480623     
  -4.6185277824406512E-014   4.1744385725905886E-014  -2.2691961127961136E-014  -1.7020535785907676E-003  0.78539909798480578     
  -8.8817841970012523E-016   1.0480505352461478E-013  -2.5439014802389454E-014  -8.4425616210870302E-004  0.78539909798480601     
   6.6613381477509392E-015  -1.5987211554602254E-014  -2.2926123017139720E-014  -1.2834017093066308E-005  0.78539909798480556     
   5.6399329650957952E-014   7.1054273576010019E-015  -2.5810811476470376E-014   7.8978307819266291E-004  0.78539909798480589     
   3.1086244689504383E-015   7.2830630415410269E-014  -2.6204085113028187E-014   1.5610871968934070E-003  0.78539909798480578     
   3.9968028886505635E-014  -1.5987211554602254E-014  -2.6301705848622614E-014   2.2984893870243717E-003  0.78539909798480578     
   5.6621374255882984E-014  -7.8159700933611020E-014  -2.4329444387789141E-014   2.9993166129955728E-003  0.78539909798480567     
   3.9079850466805510E-014  -1.6875389974302379E-014  -2.6504172713937159E-014   3.6608085019704806E-003  0.78539909798480556     
  -8.8817841970012523E-015  -4.9737991503207013E-014  -2.3081389055904638E-014   4.2801138821688678E-003  0.78539909798480545     
   2.9087843245179101E-014   1.2700951401711791E-013  -2.2083798772865649E-014   4.8542870970516017E-003  0.78539909798480567     
  -1.0436096431476471E-014  -7.5495165674510645E-014  -1.4320141109519761E-014   5.3802840805272645E-003  0.78539909798480534     
   3.4194869158454821E-014  -9.6811447747313650E-014  -2.1480556009854884E-014   5.8549581737648015E-003  0.78539909798480556     
   2.1316282072803006E-014  -1.3322676295501878E-014  -2.3391556743467068E-014   6.2750556657715784E-003  0.78539909798480512     
  -3.7303493627405260E-014   7.7271522513910895E-014  -2.3279163410437654E-014   6.6372110354857572E-003  0.78539909798480534     
   4.3964831775156199E-014   7.1054273576010019E-015  -2.2137944566883318E-014   6.9379418735080467E-003  0.78539909798480534     
   4.5963233219481481E-014   6.5725203057809267E-014  -2.2811716896831672E-014   7.1736434576890051E-003  0.78539909798480556     
  -4.8849813083506888E-015  -6.5725203057809267E-014  -1.9971486291597580E-014   7.3405829564678893E-003  0.78539909798480567     
   1.9095836023552692E-014  -1.5276668818842154E-013  -2.4529249868959254E-014   7.4348932298993198E-003  0.78539909798480545     
   3.7747582837255322E-014  -2.0428103653102880E-014  -2.5487525761407679E-014   7.4525661969429002E-003  0.78539909798480545     
  -2.1094237467877974E-014   4.7073456244106637E-014  -2.1179528848677041E-014   7.3894457337522201E-003  0.78539909798480523     
   2.1538326677728037E-014   7.1054273576010019E-014  -1.9430800821843792E-014   7.2412200654790038E-003  0.78539909798480523     
  -2.2426505097428162E-014   1.4477308241112041E-013  -2.2888794917678808E-014   7.0034136097700816E-003  0.78539909798480523     
  -2.5757174171303632E-014   1.0658141036401503E-014  -1.7427967421450290E-014   6.6713782270390043E-003  0.78539909798480512     
  -7.7715611723760958E-015   1.6875389974302379E-014  -1.8554910161127257E-014   6.2402838278112771E-003  0.78539909798480489     
   3.6193270602780103E-014  -1.1546319456101628E-014  -2.1208643961248978E-014   5.7051082830743560E-003  0.78539909798480501     
  -4.2854608750531042E-014  -9.2370555648813024E-014  -1.7091296604966460E-014   5.0606265780265280E-003  0.78539909798480523     
  -2.4868995751603507E-014  -1.0658141036401503E-014  -2.2330533398348857E-014   4.3013991441824273E-003  0.78539909798480512     
   1.4432899320127035E-014  -8.8817841970012523E-016  -1.9701983830228383E-014   3.4217592979247091E-003  0.78539909798480523     
   3.6193270602780103E-014  -3.4638958368304884E-014  -2.2921867094915552E-014   2.4157997066457937E-003  0.78539909798480512     
  -3.5527136788005009E-015   8.7929663550312398E-014  -2.2369996605356755E-014   1.2773577956847887E-003  0.78539909798480534     
  -2.4424906541753444E-015  -2.3980817331903381E-014  -1.6795786453972090E-014  -2.1966643331804652E-016  0.78539909798480489     
