 force-1force-2force-3workmass
   3.1086244689504383E-015  -6.6613381477509392E-015  -2.1618456724884413E-014   0.0000000000000000       0.78539909798813146     
   1.0658141036401503E-014  -4.5741188614556449E-014  -1.5596239162515478E-014  -1.1906835249584746E-007  0.78539909798813179     
   4.4408920985006262E-015   9.5035090907913400E-014  -1.6312570157154771E-014  -1.1758491042276474E-006  0.78539909798813168     
   1.2567724638756772E-013   1.5099033134902129E-013  -1.9088340900191062E-014  -4.4225822019919035E-006  0.78539909798813223     
  -9.4591001698063337E-014  -1.6120438317557273E-013  -1.7809644711767015E-014  -1.1362916415834211E-005  0.78539909798813201     
   7.5495165674510645E-015  -1.4344081478157023E-013  -2.2927083347150217E-014  -2.3692426630607838E-005  0.78539909798813168     
  -7.4606987254810520E-014  -2.6645352591003757E-014  -1.9672298528131890E-014  -4.3265809304240539E-005  0.78539909798813157     
   1.6875389974302379E-014   1.3944401189291966E-013  -1.6909542586345223E-014  -7.2063451883285745E-005  0.78539909798813157     
  -1.3589129821411916E-013   9.7699626167013776E-015  -1.6715218137493110E-014  -1.1216415134077297E-004  0.78539909798813201     
   6.0396132539608516E-014   1.1990408665951691E-013  -2.3441299458376182E-014  -1.6572136043938788E-004  0.78539909798813201     
   3.8191672047105385E-014   2.7977620220553945E-014  -1.8063097680139898E-014  -2.3494259414392040E-004  0.78539909798813190     
   9.0150109599562711E-014   1.9140244944537699E-013  -1.4182914140980458E-014  -3.2207145652682334E-004  0.78539909798813223     
  -1.1146639167236572E-013  -9.7255536957163713E-014  -1.7322081168189632E-014  -4.2937185318046725E-004  0.78539909798813246     
   1.0258460747536446E-013   1.9984014443252818E-014  -1.7530109630939871E-014  -5.5911395303801393E-004  0.78539909798813279     
   6.7945649107059580E-014  -1.2256862191861728E-013  -2.2420245506654856E-014  -7.1356143948781315E-004  0.78539909798813357     
   6.5725203057809267E-014   9.4146912488213275E-014  -1.6714021299404206E-014  -8.9495968897378782E-004  0.78539909798813268     
  -5.7731597280508140E-015   2.8865798640254070E-014  -2.1097164172801138E-014  -1.1055248728539023E-003  0.78539909798813334     
   4.4853010194856324E-014   1.4122036873231991E-013  -2.0137223722372178E-014  -1.3474341829939848E-003  0.78539909798813357     
  -6.8833827526759706E-014  -5.2402526762307389E-014  -2.2105468763513613E-014  -1.6228174830713845E-003  0.78539909798813445     
   3.1974423109204508E-014   1.0347278589506459E-013  -2.0801572781974539E-014  -1.9337504023943701E-003  0.78539909798813445     
  -4.7517545453956700E-014   2.0206059048177849E-013  -2.3465626537023298E-014  -2.2822484655997512E-003  0.78539909798813667     
   9.3258734068513149E-014  -1.1501910535116622E-013  -2.5435043654969276E-014  -2.6702614242438208E-003  0.78539909798813534     
  -3.4194869158454821E-014  -1.2478906796786760E-013  -2.4025631455482592E-014  -3.0996674777505513E-003  0.78539909798813912     
   2.9753977059954195E-014   4.3076653355456074E-014  -1.7506235207964922E-014  -3.5722675917222533E-003  0.78539909798813767     
  -5.6399329650957952E-014  -4.1300296516055823E-014  -1.9357581851949187E-014  -4.0897804801516505E-003  0.78539909798814211     
   4.6629367034256575E-014   1.5187850976872141E-013  -2.2915411015581844E-014  -4.6538381467392531E-003  0.78539909798814000     
   3.1974423109204508E-014  -1.0258460747536446E-013  -1.6768542099666307E-014  -5.2659817256974027E-003  0.78539909798814644     
   5.5511151231257827E-014  -8.8817841970012523E-015  -2.4731117134596792E-014  -5.9276572584341172E-003  0.78539909798814389     
   9.7699626167013776E-014  -1.3944401189291966E-013  -2.5872789064840792E-014  -6.6402119050144939E-003  0.78539909798815288     
   8.4821039081361960E-014   1.6697754290362354E-013  -2.3369571585727468E-014  -7.4048909128867496E-003  0.78539909798815066     
   2.7977620220553945E-014  -2.0294876890147862E-013  -2.0645028848122334E-014  -8.2228358096315263E-003  0.78539909798816021     
  -5.9507954119908391E-014   1.9984014443252818E-014  -2.5733978171983464E-014  -9.0950834225571632E-003  0.78539909798815677     
  -3.5527136788005009E-015   7.7271522513910895E-014  -2.0640395375900601E-014  -1.0022565579574386E-002  0.78539909798817042     
   4.6629367034256575E-014  -7.9047879353311146E-014  -2.1940477735309324E-014  -1.1006108478974937E-002  0.78539909798816532     
   1.6697754290362354E-013  -4.8405723873656825E-014  -3.0380106136780061E-014  -1.2046431330334985E-002  0.78539909798818242     
   9.3258734068513149E-015  -4.7073456244106637E-014  -1.6254618133806052E-014  -1.3144143688703921E-002  0.78539909798817664     
   2.8865798640254070E-014  -1.6608936448392342E-013  -1.4006361272591139E-014  -1.4299742593168775E-002  0.78539909798819796     
  -1.5498713423767185E-013   7.0166095156309893E-014  -1.6006012738853171E-014  -1.5513610118617967E-002  0.78539909798819063     
   1.7763568394002505E-014  -2.1760371282653068E-014  -2.3652523843548870E-014  -1.6786012420058484E-002  0.78539909798821683     
   2.0428103653102880E-014  -7.7271522513910895E-014  -1.5904009269156635E-014  -1.8117099512522904E-002  0.78539909798820795     
   8.2156503822261584E-014  -1.5010215292932116E-013  -1.7363743419821726E-014  -1.9506905870128245E-002  0.78539909798824048     
   2.0294876890147862E-013   1.7763568394002505E-015  -1.8411317984480881E-014  -2.0955350990571508E-002  0.78539909798822893     
  -6.8833827526759706E-014  -1.3322676295501878E-013  -2.0521309445204994E-014  -2.2462240737256264E-002  0.78539909798826946     
   8.0380146982861334E-014  -1.5409895581797173E-013  -1.6174843361554593E-014  -2.4027268748053335E-002  0.78539909798825525     
  -1.0436096431476471E-013   2.0250467969162855E-013  -1.3693018465403926E-014  -2.5650018359637823E-002  0.78539909798830321     
  -2.4868995751603507E-014   3.5083047578154947E-014  -1.5703933632670176E-014  -2.7329963532504206E-002  0.78539909798828733     
   1.1990408665951691E-014  -2.2204460492503131E-015  -1.6371026139823013E-014  -2.9066469101575104E-002  0.78539909798834417     
  -1.3544720900426910E-014  -6.6169292267659330E-014  -2.1537967905403352E-014  -3.0858789299971809E-002  0.78539909798832519     
   1.7164047960704920E-013   3.1086244689504383E-015  -2.3051505951461073E-014  -3.2706066305437403E-002  0.78539909798839236     
  -4.5741188614556449E-014  -2.2204460492503131E-015  -1.7430625676644904E-014  -3.4607328918238624E-002  0.78539909798837004     
   1.2168044349891716E-013  -8.8817841970012523E-014  -1.8004950221138261E-014  -3.6561493614526160E-002  0.78539909798845042     
   1.0880185641326534E-013   4.6185277824406512E-014  -1.6296548797084298E-014  -3.8567366896516894E-002  0.78539909798842311     
  -3.9968028886505635E-014  -6.2172489379008766E-014  -1.0451455851381562E-014  -4.0623649491289174E-002  0.78539909798851681     
   1.2700951401711791E-013  -5.9507954119908391E-014  -1.4367626188660854E-014  -4.2728939808183937E-002  0.78539909798848573     
   5.3290705182007514E-015   0.0000000000000000       -1.6430364402516220E-014  -4.4881737288663917E-002  0.78539909798859509     
   6.4837024638109142E-014  -5.6843418860808015E-014  -1.3146005067580219E-014  -4.7080443983813225E-002  0.78539909798855911     
   2.1627144519698049E-013   1.9806378759312793E-013  -1.4548016994283777E-014  -4.9323366386722134E-002  0.78539909798868690     
  -1.7763568394002505E-014  -1.8562928971732617E-013  -1.6033975380576401E-014  -5.1608715802050509E-002  0.78539909798864427     
  -6.2172489379008766E-015   4.9737991503207013E-014  -1.7377244550952726E-014  -5.3934609284918507E-002  0.78539909798879171     
   2.0428103653102880E-013  -6.3948846218409017E-014  -1.9158010043633136E-014  -5.6299069342236871E-002  0.78539909798874352     
   4.9737991503207013E-014   8.2600593032111647E-014  -1.6629420805647100E-014  -5.8700024881110549E-002  0.78539909798891316     
   3.8635761256955448E-014  -7.1054273576010019E-014  -1.7884389632620248E-014  -6.1135312084543744E-002  0.78539909798885699     
  -1.7363888105137448E-013  -3.5527136788005009E-014  -1.7299920968838269E-014  -6.3602678139745211E-002  0.78539909798905161     
   9.2370555648813024E-014   3.2862601528904634E-014  -1.0210219552783014E-014  -6.6099785026664498E-002  0.78539909798898855     
  -2.3714363805993344E-013  -1.0480505352461478E-013  -1.5856047717318914E-014  -6.8624215080147100E-002  0.78539909798921115     
  -2.5579538487363607E-013  -2.6822988274943782E-013  -2.3092469062227090E-014  -7.1173474626993222E-002  0.78539909798913876     
   3.6415315207705135E-014   2.8510527272374020E-013  -1.6130562872335421E-014  -7.3744997466610646E-002  0.78539909798939211     
   1.5720758028692217E-013   9.4146912488213275E-014  -1.7436273668200378E-014  -7.6336145597904220E-002  0.78539909798931018     
   7.1054273576010019E-014  -1.9007018181582680E-013  -1.6750322370907794E-014  -7.8944210759552519E-002  0.78539909798959784     
   1.5720758028692217E-013   1.0658141036401503E-014  -1.7400226501478651E-014  -8.1566414698836187E-002  0.78539909798950513     
   1.6964207816272392E-013  -2.3003821070233244E-013  -2.0531493893961378E-014  -8.4199911791262835E-002  0.78539909798983043     
   6.4837024638109142E-014   8.5265128291212022E-014  -1.4587125629176100E-014  -8.6841791028813509E-002  0.78539909798972585     
  -1.2523315717771766E-013   1.2967404927621828E-013  -8.4248599210964987E-015  -8.9489080523735137E-002  0.78539909799009278     
   1.2168044349891716E-013   8.7041485130612273E-014  -1.8752188244992637E-014  -9.2138751095530852E-002  0.78539909798997520     
  -7.1054273576010019E-014  -6.3948846218409017E-014  -2.0310103609230172E-014  -9.4787721763372176E-002  0.78539909799038710     
   4.1744385725905886E-014   6.6613381477509392E-014  -1.7254932588340028E-014  -9.7432862800741371E-002  0.78539909799025553     
   1.5987211554602254E-014  -7.3718808835110394E-014  -2.0461738618518748E-014 -0.10007099969840724       0.78539909799071717     
   1.1102230246251565E-013  -2.0783375020982930E-013  -1.7339705261971153E-014 -0.10269891387144359       0.78539909799057050     
   1.1102230246251565E-013   1.8829382497642655E-013  -1.0728830922592072E-014 -0.10531334481835511       0.78539909799108598     
  -1.3056222769591841E-013  -2.0783375020982930E-013  -1.6387465561350835E-014 -0.10791099068230113       0.78539909799092267     
  -2.1316282072803006E-014  -1.1723955140041653E-013  -1.1492183971190257E-014 -0.11048851243846437       0.78539909799149632     
   1.0036416142611415E-013  -3.5527136788005009E-015  -1.6703811185715303E-014 -0.11304253748634882       0.78539909799131469     
   1.5987211554602254E-014   1.6964207816272392E-013  -1.5416192010375575E-014 -0.11556966661276372       0.78539909799195207     
   2.5845992013273644E-013   1.2789769243681803E-013  -1.5648102692123823E-014 -0.11806647865584408       0.78539909799175189     
   2.2026824808563106E-013   2.1316282072803006E-013  -1.0366499713460638E-014 -0.12052953686236002       0.78539909799245677     
  -3.2374103398069565E-013  -3.2862601528904634E-013  -5.7564001768345254E-015 -0.12295539149719359       0.78539909799223562     
  -4.8849813083506888E-015   5.3290705182007514E-015  -1.1240443226460503E-014 -0.12534058365362957       0.78539909799301433     
   4.6185277824406512E-014  -4.7961634663806763E-014  -1.0141284803115484E-014 -0.12768164511499308       0.78539909799277097     
   5.1958437552457326E-014   1.4122036873231991E-013  -1.5226150176599578E-014 -0.12997510015029093       0.78539909799362706     
  -2.1271873151817999E-013  -3.1086244689504383E-014  -1.5675812594220091E-014 -0.13221746477549362       0.78539909799336061     
   9.1038288019262836E-014   7.5495165674510645E-014  -2.0632656582219944E-014 -0.13440525057246899       0.78539909799430108     
   2.9309887850104133E-014   3.0198066269804258E-014  -1.5373610246199432E-014 -0.13653496835974466       0.78539909799400942     
   1.8829382497642655E-013  -9.0594198809412774E-014  -1.8075866950874214E-014 -0.13860313763982129       0.78539909799503871     
   1.9895196601282805E-013   1.2700951401711791E-013  -1.6969608187878815E-014 -0.14060629433086391       0.78539909799471974     
  -2.8510527272374020E-013  -4.1744385725905886E-014  -1.0378591714873389E-014 -0.14254100071699341       0.78539909799584384     
  -2.2204460492503131E-015   6.5725203057809267E-014  -1.8197427337306772E-014 -0.14440384941204837       0.78539909799549701     
   4.4408920985006262E-016  -6.3060667798708891E-014  -1.5707567929571722E-014 -0.14619146735562000       0.78539909799672114     
   7.5051076464660582E-014  -3.1086244689504383E-014  -1.9492052467417925E-014 -0.14790051397813675       0.78539909799634411     
  -1.7097434579227411E-013  -1.2523315717771766E-013  -2.1101450217422628E-014 -0.14952768217362952       0.78539909799767305     
  -9.1704421834037930E-014   1.3322676295501878E-014  -1.8329066187986198E-014 -0.15106969688959432       0.78539909799726559     
   1.0946799022804043E-013  -8.8817841970012523E-016  -1.5359889507364908E-014 -0.15252331957628326       0.78539909799870400     
   7.1720407390785113E-014   7.5495165674510645E-014  -1.5157224661816147E-014 -0.15388535170998269       0.78539909799826435     
  -2.0139445666700340E-013   3.4638958368304884E-014  -1.4969608933167066E-014 -0.15515264439702323       0.78539909799981822     
   4.0301095793893182E-014   3.9079850466805510E-014  -1.6089746887059297E-014 -0.15632210564799989       0.78539909799934426     
   1.6397994073713562E-013   2.7533531010703882E-014  -1.6200061511419457E-014 -0.15739071146821493       0.78539909800101826     
   2.1305179842556754E-013  -1.2434497875801753E-014  -1.4226051094531876E-014 -0.15835551139175552       0.78539909800050967     
   2.1299628727433628E-013  -6.3948846218409017E-014  -2.2506208611986790E-014 -0.15921363518290291       0.78539909800230800     
   7.7327033665142153E-014  -9.0594198809412774E-014  -1.3601336779296443E-014 -0.15996229270380002       0.78539909800176233     
  -6.1364108239203574E-014  -1.1368683772161603E-013  -1.8448532968047671E-014 -0.16059877632809369       0.78539909800368934     
  -2.9753977059954195E-014  -5.3290705182007514E-014  -1.5817430766469093E-014 -0.16112045966507987       0.78539909800310670     
   1.0469403122215226E-013   6.9277916736609768E-014  -1.6046641541663636E-014 -0.16152480268107977       0.78539909800516550     
   9.8809849191638932E-014   2.4868995751603507E-014  -9.2129984870311069E-015 -0.16180935544458752       0.78539909800454533     
  -2.9176661087149114E-013  -1.0746958878371515E-013  -1.7274235627914587E-014 -0.16197176846609385       0.78539909800673890     
   1.0746958878371515E-013   3.9968028886505635E-015  -1.6714394886766719E-014 -0.16200979952741890       0.78539909800607888     
  -1.2434497875801753E-014  -1.2168044349891716E-013  -2.1659764760097494E-014 -0.16192132416120736       0.78539909800841146     
  -9.9031893796563963E-014  -6.8389738316909643E-014  -1.7275845839434702E-014 -0.16170433980032173       0.78539909800771190     
   3.0442315335221792E-013  -1.7852386235972517E-013  -9.0064217243490294E-015 -0.16135697222067966       0.78539909801018337     
  -6.3504757008558954E-014  -1.2168044349891716E-013  -1.6304172632399215E-014 -0.16087747586701096       0.78539909800944452     
  -2.2981616609740740E-013   5.1292303737682232E-014  -1.8244090297899388E-014 -0.16026423847328544       0.78539909801205798     
  -2.8421709430404007E-014   1.2301271112846734E-013  -7.8584646591190690E-015 -0.15951578241150063       0.78539909801127838     
   1.8651746813702630E-013  -1.3455903058456897E-013  -1.4568036817717656E-014 -0.15863077312578250       0.78539909801403351     
   2.6201263381153694E-014  -1.7141843500212417E-013  -1.1390882514542608E-014 -0.15760802548062927       0.78539909801321395     
  -9.6367358537463588E-014  -9.9475983006414026E-014  -1.7573946404176492E-014 -0.15644651618197858       0.78539909801610930     
   2.2026824808563106E-013  -8.5709217501062085E-014  -1.7564026414683747E-014 -0.15514539104175723       0.78539909801525021     
  -1.4210854715202004E-014  -2.5757174171303632E-014  -2.1386399474982039E-014 -0.15370397473500697       0.78539909801828633     
   1.5898393712632242E-013   1.7230661342182430E-013  -2.4454627258958615E-014 -0.15212177299729154       0.78539909801738772     
  -4.6185277824406512E-014  -3.7747582837255322E-014  -2.1038982776918572E-014 -0.15039847731132339       0.78539909802056118     
  -1.7363888105137448E-013  -3.4638958368304884E-014  -1.2158668494547739E-014 -0.14853396432595659       0.78539909801962504     
   3.4638958368304884E-014  -3.3306690738754696E-015  -1.1691863258581777E-014 -0.14652830120103733       0.78539909802293395     
  -2.4602542225693469E-013   5.2402526762307389E-014  -1.5423623353078695E-014 -0.14438174882439184       0.78539909802196017     
  -2.9576341376014170E-013   7.5495165674510645E-015  -1.6311648548879461E-014 -0.14209477257041148       0.78539909802539931     
   1.8651746813702630E-013  -4.1744385725905886E-014  -1.9407537076092259E-014 -0.13966805070470462       0.78539909802439078     
  -2.0872192862952943E-013   3.5527136788005009E-015  -1.2588283712625226E-014 -0.13710248825094851       0.78539909802795504     
   4.2632564145606011E-014   1.6919798895287386E-013  -1.8544941755328589E-014 -0.13439922545891353       0.78539909802691210     
   2.3092638912203256E-014  -1.5898393712632242E-013  -1.4507960251384157E-014 -0.13155964844345819       0.78539909803059549     
  -1.0125233984581428E-013  -6.3948846218409017E-014  -1.1105617485001417E-014 -0.12858539239275976       0.78539909802952090     
   9.3258734068513149E-014  -4.9826809345177026E-013  -1.3882301789904947E-014 -0.12547834671654093       0.78539909803331565     
   8.2600593032111647E-014  -3.8191672047105385E-014  -1.9240868971289663E-014 -0.12224065497683147       0.78539909803221086     
  -4.6185277824406512E-014   1.2789769243681803E-013  -1.2367457271704606E-014 -0.11887472013262865       0.78539909803610897     
   1.2789769243681803E-013   1.1546319456101628E-014  -2.1126565845439521E-014 -0.11538320814790894       0.78539909803497854     
  -1.5987211554602254E-014  -1.7763568394002505E-014  -1.5388774860295546E-014 -0.11176905861160535       0.78539909803896901     
   2.3181456754173269E-013   4.7073456244106637E-014  -2.3539775434692893E-014 -0.10803549346950775       0.78539909803781427     
  -7.1942451995710144E-014   3.3750779948604759E-014  -1.5176332846114223E-014 -0.10418603019537651       0.78539909804188657     
  -5.9507954119908391E-014  -1.5720758028692217E-013  -1.5837380516044913E-014 -0.10022449010969672       0.78539909804071195     
   6.4837024638109142E-014  -3.8191672047105385E-014  -1.4075986304786322E-014  -9.6155008286987531E-002  0.78539909804485530     
  -2.3092638912203256E-014  -9.5035090907913400E-014  -5.8013719502113685E-015  -9.1982037718465429E-002  0.78539909804366315     
  -1.6875389974302379E-014  -1.2700951401711791E-013  -9.7327377289006443E-015  -8.7710355456305261E-002  0.78539909804786456     
  -1.1013412404281553E-013  -1.6697754290362354E-013  -5.2872605352340138E-015  -8.3345065295426096E-002  0.78539909804665964     
  -5.6843418860808015E-014   1.9451107391432743E-013  -1.0448617444669341E-014  -7.8891604671451149E-002  0.78539909805090458     
   1.0658141036401503E-013  -7.9936057773011271E-014  -9.0916682218809221E-015  -7.4355750366315060E-002  0.78539909804969110     
   6.7501559897209518E-014  -1.1324274851176597E-013  -4.0522254052269443E-015  -6.9743628743047847E-002  0.78539909805396368     
   5.7731597280508140E-014  -1.1857181902996672E-013  -2.6592975598429369E-014  -6.5061724126301096E-002  0.78539909805274721     
   7.3718808835110394E-014   3.2418512319054571E-014  -1.6897623194533627E-014  -6.0316889255128278E-002  0.78539909805703212     
  -1.7230661342182430E-013   3.4061642395499803E-013  -1.8895053083534574E-014  -5.5516351960656844E-002  0.78539909805581554     
   1.0214051826551440E-013   7.9936057773011271E-014  -5.3610412549152478E-015  -5.0667722195062388E-002  0.78539909806009789     
   5.6843418860808015E-014  -1.1901590823981678E-013  -8.8968672345674031E-015  -4.5778995770022479E-002  0.78539909805888630     
   3.1086244689504383E-014  -2.7355895326763857E-013  -1.5963901338791469E-014  -4.0858559535358052E-002  0.78539909806314878     
   4.6185277824406512E-014   1.0413891970983968E-013  -1.4765790832331436E-014  -3.5915195738568481E-002  0.78539909806194774     
   1.5365486660812167E-013  -1.4366285938649526E-013  -1.0843806761075937E-014  -3.0958089115468712E-002  0.78539909806617259     
  -8.3488771451811772E-014   2.7600144392181392E-013  -1.6370724291093605E-014  -2.5996834319456451E-002  0.78539909806498642     
  -1.8651746813702630E-013   2.2604140781368187E-013  -1.8018814169575507E-014  -2.1041445613974731E-002  0.78539909806915453     
   4.3520742565306136E-014  -5.9285909514983359E-014  -2.2129076673869265E-014  -1.6102365004669626E-002  0.78539909806798991     
  -7.9936057773011271E-015   2.1749269052406817E-013  -2.1691283784924808E-014  -1.1190471106334183E-002  0.78539909807208408     
   8.3488771451811772E-014   2.4735768988648488E-013  -1.3391969231685014E-014  -6.3170847019528471E-003  0.78539909807094466     
  -9.6811447747313650E-014  -1.5665246877460959E-013  -1.5396529811374074E-014  -1.4939731051047457E-003  0.78539909807494768     
   1.1368683772161603E-013  -2.0777823905859805E-013  -1.7175594699172062E-014   3.2666464880728710E-003  0.78539909807383934     
   2.3092638912203256E-014  -2.6784130469081902E-013  -1.2896346398451963E-014   7.9521045389519956E-003  0.78539909807773345     
  -4.3520742565306136E-014   2.8080315850331772E-013  -1.8295024563050211E-014   1.2549275492293880E-002  0.78539909807666075     
  -2.8421709430404007E-013   8.8574980683375770E-014  -1.6024305933246557E-014   1.7044573279560490E-002  0.78539909808042729     
   3.3750779948604759E-014   1.9045875987444560E-013  -7.6759511547008760E-015   2.1423944552182370E-002  0.78539909807939567     
  -8.7041485130612273E-014  -7.4773520708504293E-014  -1.2073886498552672E-014   2.5672862047257036E-002  0.78539909808301833     
  -8.8817841970012523E-016  -1.0891287871572786E-013  -1.1690589441510728E-014   2.9776316561264816E-002  0.78539909808203157     
   3.1974423109204508E-014  -9.4146912488213275E-014  -1.1266877038623029E-014   3.3718811534616325E-002  0.78539909808549557     
   1.0391687510491465E-013   3.9079850466805510E-014  -1.0011325231379338E-014   3.7484358412250937E-002  0.78539909808455755     
  -1.8207657603852567E-013  -2.2315482794965646E-013  -1.7383432243649035E-014   4.1056473538573460E-002  0.78539909808784580     
  -8.9706020389712648E-014   1.8141044222375058E-013  -1.7706805741333685E-014   4.4418172554931384E-002  0.78539909808696295     
   8.0824236192711396E-014  -6.2394533983933798E-014  -2.2011157700931590E-014   4.7551973318643706E-002  0.78539909809006170     
  -4.5297099404706387E-014  -4.3742787170231168E-014  -2.3806506773541450E-014   5.0439894988745043E-002  0.78539909808923458     
  -5.0182080713057076E-014  -2.7977620220553945E-013  -1.1269085813585898E-014   5.3063454195078255E-002  0.78539909809213304     
  -1.9539925233402755E-013  -2.9309887850104133E-014  -1.0688148438422384E-014   5.5403657913741820E-002  0.78539909809136543     
   1.2345680033831741E-013  -1.4122036873231991E-013  -9.2104274502069116E-015   5.7441005048092159E-002  0.78539909809405084     
  -2.2204460492503131E-014   2.6645352591003757E-015  -1.5836107214467730E-014   5.9155483086458044E-002  0.78539909809334685     
  -6.7501559897209518E-014   3.9301895071730542E-014  -1.3667432094788351E-014   6.0526565614904382E-002  0.78539909809580899     
   2.2737367544323206E-013   2.0206059048177849E-013  -8.4758730636328169E-015   6.1533207075028094E-002  0.78539909809517050     
   3.5971225997855072E-014  -2.0028423364237824E-013  -6.3682304039388879E-015   6.2153842351862193E-002  0.78539909809740238     
   0.0000000000000000       -6.6613381477509392E-015  -1.2315750737738471E-014   6.2366388927851443E-002  0.78539909809683039     
   1.2922996006636822E-013  -1.6875389974302379E-014  -2.0649462015572198E-014   6.2148247669791407E-002  0.78539909809683084     
  -1.3589129821411916E-013   1.4388490399142029E-013  -1.0372461136114875E-014   6.1476302241986157E-002  0.78539909809683062     
   6.2172489379008766E-015   3.1974423109204508E-014  -8.0315511362222444E-015   6.0326924754929047E-002  0.78539909809683117     
   1.8562928971732617E-013  -2.3092638912203256E-014  -1.7887110891048852E-014   5.8675969261780231E-002  0.78539909809683150     
  -9.1926466438962962E-014   1.2612133559741778E-013  -1.5972125468864086E-014   5.6498778971901781E-002  0.78539909809683073     
   2.2648549702353193E-013   7.9936057773011271E-015  -1.7502505977777584E-014   5.3770181427678553E-002  0.78539909809683128     
   6.4392935428259079E-014  -1.0658141036401503E-013  -1.0620567345590968E-014   5.0464499093853671E-002  0.78539909809683106     
  -1.0702549957386509E-013  -2.1138646388862981E-013  -1.1865435057606224E-014   4.6555553861426902E-002  0.78539909809683128     
  -3.9968028886505635E-014   1.2034817586936697E-013  -1.5059611542538679E-014   4.2016671691602760E-002  0.78539909809683139     
  -2.3536728122053319E-014   2.1493917756743031E-013  -2.1969697319215958E-014   3.6820688217388417E-002  0.78539909809683106     
  -6.3060667798708891E-014   1.4921397450962104E-013  -2.3802120474143535E-014   3.0939953217632214E-002  0.78539909809683150     
   5.9063864910058328E-014  -1.6431300764452317E-014  -9.4455456238976582E-015   2.4346339725632778E-002  0.78539909809683195     
  -2.6689761511988763E-013   5.7287508070658077E-014  -1.9032080241299257E-014   1.7011251874602749E-002  0.78539909809683162     
   1.0658141036401503E-014   2.9753977059954195E-014  -2.1997474614869035E-014   8.9056372305153751E-003  0.78539909809683150     
  -3.9523939676655573E-014  -3.5571545708990016E-013  -1.9376254039066274E-014  -1.5168825017791423E-015  0.78539909809683173     
