 force-1force-2force-3workmass
  -8.8817841970012523E-015  -8.8817841970012523E-016  -2.1618456724884375E-014   0.0000000000000000       0.78539909798813157     
  -7.3367889541486875E-010  -1.0853385463946985E-003  -1.5068860909235339E-014  -1.7166279542009215E-007  0.78539909798813146     
  -1.4128462844098522E-009  -5.2493033161851166E-003  -1.8690156859216491E-014  -3.3107519972568576E-006  0.78539909798813179     
   3.4463951692487171E-009  -1.1704620550645028E-002  -1.9417414286590279E-014  -1.6523832875204626E-005  0.78539909798813179     
   4.5354617839166167E-009  -2.0769169714265345E-002  -2.0206584577638478E-014  -5.1801276319908551E-005  0.78539909798813212     
   2.4002795306898861E-009  -3.2869877375538703E-002  -1.7646294875302823E-014  -1.2731400545642341E-004  0.78539909798813112     
  -4.5150221339440577E-009  -4.7828446812247183E-002  -2.2112197815099014E-014  -2.6509200324157517E-004  0.78539909798813157     
  -7.7131425690879496E-009  -6.5588793044979443E-002  -2.3866828968107417E-014  -4.9157724655878032E-004  0.78539909798812979     
   3.6088114718779707E-008  -8.6195049111269739E-002  -2.0122305968040362E-014  -8.3814332336768632E-004  0.78539909798813068     
   1.6541659286772870E-007 -0.10967250594111899       -1.7208762297910265E-014  -1.3403640907757378E-003  0.78539909798812713     
   3.5122044206303826E-007 -0.13608653832094664       -1.6751416811315094E-014  -2.0383573554589307E-003  0.78539909798812801     
   5.1348975427245591E-007 -0.16549970917772416       -1.6773660472917261E-014  -2.9764596098656587E-003  0.78539909798812224     
   6.0186779871074236E-007 -0.19782509422456274       -1.9040225736421595E-014  -4.2001320920350554E-003  0.78539909798812335     
   6.7301212869352867E-007 -0.23272538009448596       -1.6162283357978708E-014  -5.7511172106126385E-003  0.78539909798811580     
   9.6083391509793614E-007 -0.26960127972404369       -2.4230391047215929E-014  -7.6624831211353495E-003  0.78539909798811691     
   1.8718047014587569E-006 -0.30763157866153978       -2.1190108849057280E-014  -9.9541477749962859E-003  0.78539909798810859     
   3.8980946426292462E-006 -0.34586367315219668       -1.9588590108789292E-014  -1.2630264634296035E-002  0.78539909798810958     
   7.5388915830032488E-006 -0.38333476682781242       -1.4765790158323415E-014  -1.5679447628411808E-002  0.78539909798810126     
   1.3248540920329788E-005 -0.41917423723133984       -2.0835926239465194E-014  -1.9077039514502958E-002  0.78539909798810204     
   2.1386286896518669E-005 -0.45266537334723189       -2.3615836992782860E-014  -2.2788304989912189E-002  0.78539909798809526     
   3.2191558504646167E-005 -0.48326491889532264       -2.1946964931726428E-014  -2.6771521428621659E-002  0.78539909798809493     
   4.5780115716542724E-005 -0.51058503420341861       -1.9071429070239894E-014  -3.0979933183599040E-002  0.78539909798809049     
   6.2162298822610040E-005 -0.53435496593118481       -2.2466762469774747E-014  -3.5362296230599277E-002  0.78539909798808494     
   8.1300739270151468E-005 -0.55438436279814463       -2.0733502612286055E-014  -3.9862656080774994E-002  0.78539909798808250     
   1.0317519365754535E-004 -0.57054359987973102       -1.3692220222395415E-014  -4.4420437566636273E-002  0.78539909798808205     
   1.2780816649948790E-004 -0.58276748110321819       -1.8291269137426930E-014  -4.8971970802605291E-002  0.78539909798808216     
   1.5522606446127796E-004 -0.59107929773421874       -1.8957990921346217E-014  -5.3454180236354398E-002  0.78539909798808394     
   1.8536871494578833E-004 -0.59562422470606613       -1.5966002487112800E-014  -5.7810369914540249E-002  0.78539909798808394     
   2.1799743071149180E-004 -0.59669777396059054       -2.0434604501838597E-014  -6.1997209135006837E-002  0.78539909798808583     
   2.5266122578004868E-004 -0.59475712971521499       -1.8405441018859576E-014  -6.5991497189787141E-002  0.78539909798808627     
   2.8875764554570083E-004 -0.59040902298542486       -1.3760181921590913E-014  -6.9795230783820883E-002  0.78539909798808560     
   3.2568898677043379E-004 -0.58437515916456872       -1.2200045271448498E-014  -7.3437933057111104E-002  0.78539909798808438     
   3.6308492848791118E-004 -0.57744262115661060       -1.2270646463256116E-014  -7.6975967804312595E-002  0.78539909798809071     
   4.0104978122990076E-004 -0.57041001731823560       -1.3820745714289773E-014  -8.0489349911145314E-002  0.78539909798809804     
   4.4039461943690128E-004 -0.56403971221644467       -1.5153561577958087E-014  -8.4077083019472365E-002  0.78539909798809937     
   4.8282332881433021E-004 -0.55902293480383314       -1.1798663506378693E-014  -8.7852140686098590E-002  0.78539909798809826     
   5.3104572843487574E-004 -0.55595952210738586       -1.1667834041090458E-014  -9.1936868635797420E-002  0.78539909798809637     
   5.8880038343200880E-004 -0.55534939187734178       -1.5966492486269627E-014  -9.6458990609904038E-002  0.78539909798810492     
   6.6077480952486667E-004 -0.55759006275139189       -1.7537176317796737E-014 -0.10154780983779177       0.78539909798811181     
   7.5241140119963745E-004 -0.56297431146766019       -1.5013280587209883E-014 -0.10732985686502938       0.78539909798811303     
   8.6959924215967987E-004 -0.57168405663265087       -1.4087327375619520E-014 -0.11392327493460863       0.78539909798811269     
   1.0182580115563056E-003 -0.58377979921289258       -1.6793408958210622E-014 -0.12143064466761633       0.78539909798811880     
   1.2038289007327840E-003 -0.59918811874368405       -1.4742371621060609E-014 -0.12993057373382100       0.78539909798811891     
   1.4306987379457681E-003 -0.61769173628576146       -1.9168337743844543E-014 -0.13946898907191319       0.78539909798811802     
   1.7015964272779627E-003 -0.63892689987436180       -1.5354376346534460E-014 -0.15005144236813939       0.78539909798811780     
   2.0170054983912333E-003 -0.66239143584346749       -1.6742880759853548E-014 -0.16163774960757182       0.78539909798811869     
   2.3746389955203728E-003 -0.68746432541828151       -1.6324491826970289E-014 -0.17413992331612316       0.78539909798811558     
   2.7690134459359417E-003 -0.71343504735510699       -1.8510134800191920E-014 -0.18742375493698704       0.78539909798810770     
   3.1911469856571451E-003 -0.73953899254259303       -1.0004903418320372E-014 -0.20131375828232168       0.78539909798810326     
   3.6283982959708361E-003 -0.76499453247967431       -1.5473218676938365E-014 -0.21560069493880962       0.78539909798810204     
   4.0644616200289363E-003 -0.78903788333923974       -1.8019727901726829E-014 -0.23005070345786982       0.78539909798810303     
   4.4795494982725614E-003 -0.81095335061961649       -1.0101757492964809E-014 -0.24441515452330709       0.78539909798810581     
   4.8508132323545894E-003 -0.83009827974787553       -1.8130392832299152E-014 -0.25844066990259096       0.78539909798810004     
   5.1530681627145469E-003 -0.84592343125968972       -1.7703057973704718E-014 -0.27187911008187360       0.78539909798809915     
   5.3598928214708685E-003 -0.85799012890608761       -1.8694551640765058E-014 -0.28449759258637330       0.78539909798809626     
   5.4451393691627992E-003 -0.86598531685551339       -1.9125893957624769E-014 -0.29608865393782247       0.78539909798809771     
   5.3848417400885751E-003 -0.86973479922293340       -1.6860077360721387E-014 -0.30648049311964942       0.78539909798809737     
   5.1594309205005295E-003 -0.86921387778986525       -1.4297481653970852E-014 -0.31554692485469915       0.78539909798808805     
   4.7560933345058842E-003 -0.86455375216682739       -1.3685294999410933E-014 -0.32321634170866997       0.78539909798808472     
   4.1710521480164964E-003 -0.85604178397056607       -1.8757944428781086E-014 -0.32947878933314234       0.78539909798808449     
   3.4115304385999856E-003 -0.84411409902597501       -1.9449117222038208E-014 -0.33439026474129152       0.78539909798808627     
   2.4971734569714243E-003 -0.82933991714575561       -1.8346052641985086E-014 -0.33807357718318598       0.78539909798808671     
   1.4607610708257113E-003 -0.81239813889394141       -1.3774919177479702E-014 -0.34071549119020927       0.78539909798807417     
   3.4810615570179948E-004 -0.79404773786474292       -1.7012412866983110E-014 -0.34256028691231566       0.78539909798806939     
  -7.8290524954205409E-004 -0.77509416128582687       -9.1518587599586138E-015 -0.34390021759534872       0.78539909798806873     
  -1.8641332304287772E-003 -0.75635407983111502       -1.5543561165340126E-014 -0.34506352415596520       0.78539909798807084     
  -2.8198474118923400E-003 -0.73862054621305206       -1.7788036998379767E-014 -0.34640068306027216       0.78539909798807195     
  -3.5702128366157382E-003 -0.72263009188651384       -1.4632456668681104E-014 -0.34826945724002512       0.78539909798805430     
  -4.0355652264647546E-003 -0.70903273868128425       -1.5288775846194098E-014 -0.35101917490569523       0.78539909798804364     
  -4.1414075369798908E-003 -0.69836554025418529       -1.7472942961924304E-014 -0.35497458013309080       0.78539909798804186     
  -3.8239864502838117E-003 -0.69103014922321337       -2.0345021996497653E-014 -0.36041962543747097       0.78539909798804763     
  -3.0362053687209567E-003 -0.68727503017261204       -1.5101597470151746E-014 -0.36758173424588181       0.78539909798805252     
  -1.7535126924439481E-003 -0.68718315462313329       -1.7863833507418151E-014 -0.37661729084222229       0.78539909798800345     
   2.0699730757023360E-005 -0.69066615473134507       -1.7210982610617711E-014 -0.38759933025095084       0.78539909798796459     
   2.2507111810963210E-003 -0.69746586545002109       -1.8435481929026176E-014 -0.40050852409516757       0.78539909798795771     
   4.8656188565834313E-003 -0.70716385454063158       -1.0824366349652632E-014 -0.41522850407634326       0.78539909798796970     
   7.7584638381491544E-003 -0.71919900102184542       -1.9027714850329054E-014 -0.43154633623979777       0.78539909798798213     
   1.0787658816084011E-002 -0.73289252659170279       -1.8528550351002499E-014 -0.44915858078673532       0.78539909798786944     
   1.3780883732909643E-002 -0.74747923981174580       -1.5876023243295716E-014 -0.46768290425665882       0.78539909798779739     
   1.6541450026952731E-002 -0.76214327226912304       -1.9182455760850660E-014 -0.48667475242203917       0.78539909798781737     
   1.8856990082251279E-002 -0.77605630268295800       -1.3920566012284490E-014 -0.50564818591813498       0.78539909798783392     
   2.0510192989282139E-002 -0.78841621503585235       -1.5066852105201223E-014 -0.52409969059423434       0.78539909798785057     
   2.1291197087439429E-002 -0.79848426446381504       -1.3971053883220107E-014 -0.54153360322674304       0.78539909798772256     
   2.1011132067827454E-002 -0.80561901856959195       -1.5219599736512802E-014 -0.55748770341655352       0.78539909798762586     
   1.9516176245929273E-002 -0.80930558534115482       -1.9630068453873609E-014 -0.57155752791290748       0.78539909798761054     
   1.6701362737382652E-002 -0.80917884098886783       -1.1608770906108634E-014 -0.58341800751424433       0.78539909798763263     
   1.2523237386451669E-002 -0.80503957108050850       -1.3945791619523588E-014 -0.59284113532387250       0.78539909798765462     
   7.0103784299018201E-003 -0.79686265829667091       -1.5345378336509721E-014 -0.59970854729177159       0.78539909798748664     
   2.7076080087784504E-004 -0.78479672392969957       -2.1854116082672348E-014 -0.60401813802346727       0.78539909798735641     
  -7.5049832913496317E-003 -0.76915501599910718       -1.1765148853565277E-014 -0.60588417410893047       0.78539909798733565     
  -1.6045178714015229E-002 -0.75039779991500444       -1.1729730124832192E-014 -0.60553076264076644       0.78539909798736496     
  -2.5004089441771349E-002 -0.72910704963897510       -1.0166595189299364E-014 -0.60327898445365102       0.78539909798739593     
  -3.3974403680675280E-002 -0.70595478083751306       -1.7702659072739246E-014 -0.59952844944070049       0.78539909798717222     
  -4.2504962553346459E-002 -0.68166683113488791       -1.9845105324362176E-014 -0.59473441677470307       0.78539909798699614     
  -5.0123076988993986E-002 -0.65698424175053693       -1.2412832148741480E-014 -0.58938192760935593       0.78539909798696805     
  -5.6360416378264944E-002 -0.63262455096461290       -1.7901313306603654E-014 -0.58395855904902039       0.78539909798700491     
  -6.0781148493163073E-002 -0.60924530074845507       -2.1106263969029919E-014 -0.57892745860413619       0.78539909798704521     
  -6.3010771771268459E-002 -0.58741188191688476       -1.2051582436648615E-014 -0.57470225352999194       0.78539909798676355     
  -6.2763915428400985E-002 -0.56757152359317242       -1.5785751233760914E-014 -0.57162526734039698       0.78539909798654006     
  -5.9869289372480594E-002 -0.55003483364697159       -1.4233498867654381E-014 -0.56995026860588460       0.78539909798650465     
  -5.4289954074589808E-002 -0.53496581460155035       -1.7246938171502767E-014 -0.56983070380652467       0.78539909798655128     
  -4.6137166705640276E-002 -0.52238077161666352       -1.9571221150770504E-014 -0.57131407300294690       0.78539909798660279     
  -3.5676262299302763E-002 -0.51215599663689648       -1.3818610035467105E-014 -0.57434277120368815       0.78539909798624863     
  -2.3323369773688540E-002 -0.50404356400726424       -2.0114749550366966E-014 -0.57876133006823061       0.78539909798596375     
  -9.6322460014421907E-003 -0.49769405373090736       -1.8057116693506093E-014 -0.58432958483355701       0.78539909798591845     
   4.7288728392302914E-003 -0.49268453145856350       -1.6848415471455371E-014 -0.59074084044326058       0.78539909798597574     
   1.9009789874931293E-002 -0.48854972808927410       -1.5672441880669118E-014 -0.59764369709735465       0.78539909798604002     
   3.2418871837952778E-002 -0.48481410860573693       -1.3314327060558690E-014 -0.60466584670588430       0.78539909798598828     
   4.4169493123206394E-002 -0.48102243389449395       -1.6430660690093501E-014 -0.61143792292202326       0.78539909798605101     
   5.3529700943824032E-002 -0.47676653795163393       -1.8870679468863471E-014 -0.61761543583873380       0.78539909798612229     
   5.9871960587253525E-002 -0.47170635456984478       -1.9872256354733703E-014 -0.62289696019565444       0.78539909798606578     
   6.2719609155027278E-002 -0.46558372025820294       -1.1530767985207021E-014 -0.62703708653255941       0.78539909798613294     
   6.1786656016533215E-002 -0.45822810496165811       -1.6066563732018474E-014 -0.62985314998769892       0.78539909798620888     
   5.7007806481474965E-002 -0.44955411582390159       -2.0290308084751785E-014 -0.63122535666707291       0.78539909798614849     
   4.8556042842469616E-002 -0.43955133234104204       -1.7010622060007308E-014 -0.63109058770141013       0.78539909798621887     
   3.6845751189693132E-002 -0.42826769513064633       -1.3959122126844089E-014 -0.62943078905008010       0.78539909798630048     
   2.2520202179438620E-002 -0.41578823164746481       -1.8686835400526917E-014 -0.62625737753240296       0.78539909798577601     
   6.4231586464131851E-003 -0.40221132730244413       -1.3003161775798909E-014 -0.62159347834444745       0.78539909798534890     
  -1.0444547166376772E-002 -0.38762500059442129       -1.7944965458592239E-014 -0.61545602276750255       0.78539909798528162     
  -2.6981509621553101E-002 -0.37208568034998790       -1.5692141649183174E-014 -0.60783972254285956       0.78539909798535856     
  -4.2052273500011061E-002 -0.35560181166019666       -1.5305807708866188E-014 -0.59870476319409960       0.78539909798544882     
  -5.4559884095026767E-002 -0.33812422316534940       -2.0507968525865489E-014 -0.58796969908909746       0.78539909798537755     
  -6.3519741579952438E-002 -0.31954459269180413       -1.5478630516822700E-014 -0.57551054768307175       0.78539909798527718     
  -6.8129636967414697E-002 -0.29970259027119672       -1.2350675091050793E-014 -0.56116650347456742       0.78539909798493190     
  -6.7830849512576119E-002 -0.27840141439383759       -1.0964101455415905E-014 -0.54475206513501284       0.78539909798502683     
  -6.2355588196986389E-002 -0.25543056433624001       -1.6561902895525826E-014 -0.52607477024362037       0.78539909798495322     
  -5.1756837331101035E-002 -0.23059386879503951       -1.7851128958791723E-014 -0.50495715123880425       0.78539909798485052     
  -3.6417759384024695E-002 -0.20374012424367471       -1.3176379486093151E-014 -0.48126106226638843       0.78539909798449437     
  -1.7039139002954506E-002 -0.17479322903370909       -1.5327473947406441E-014 -0.45491213539495856       0.78539909798459184     
   5.3951673661729593E-003 -0.14377851289761745       -1.4557042970920579E-014 -0.42592189493274635       0.78539909798451613     
   2.9673259307079647E-002 -0.11084206797977103       -1.9996873546972803E-014 -0.39440497233184058       0.78539909798441587     
   5.4427642296255740E-002  -7.6260326648931454E-002  -1.3990916787330857E-014 -0.36058902211107879       0.78539909798405794     
   7.8220626757257161E-002  -4.0437865485757563E-002  -2.6160431422727724E-014 -0.32481531126192387       0.78539909798415430     
   9.9637031759898687E-002  -3.8924157368658285E-003  -1.7542908600730252E-014 -0.28752860241672495       0.78539909798408092     
  0.11737773584792510        3.2772760331773121E-002  -1.6460532364401136E-014 -0.24925583581257005       0.78539909798398555     
  0.13034730224667834        6.8907704517962465E-002  -2.2686245368521215E-014 -0.21057423835962075       0.78539909798363849     
  0.13772915345490744       0.10386319796129584       -1.8467777698195069E-014 -0.17207065901135676       0.78539909798373109     
  0.13904257348284177       0.13704316654027338       -8.3224410686783253E-015 -0.13429509149534935       0.78539909798366159     
  0.13417710261254445       0.16795769835311702       -1.6948294738317389E-014  -9.7712302769418891E-002  0.78539909798357455     
  0.12340154389629321       0.19627193541910071       -1.6119577335029105E-014  -6.2656160078093492E-002  0.78539909798324803     
  0.10734665406071375       0.22184611953485422       -1.9558490917169347E-014  -2.9291466437457281E-002  0.78539909798333418     
   8.6962515163772847E-002  0.24476248607200368       -1.8268095533244375E-014   2.4121391413003401E-003  0.78539909798327012     
   6.3453436255160534E-002  0.26533551262982602       -1.8082410998481037E-014   3.2690463382237578E-002  0.78539909798319463     
   3.8194931468670146E-002  0.28410320944223688       -1.2780822662627111E-014   6.1976731408079910E-002  0.78539909798289687     
   1.2638739814922362E-002  0.30179864388143507       -2.2711581254266279E-014   9.0874447877265396E-002  0.78539909798297425     
  -1.1787108468308771E-002  0.31930262139477872       -1.9556215803641061E-014  0.12011227181447692       0.78539909798291863     
  -3.3775655297079682E-002  0.33758025476088704       -1.0549753597435931E-014  0.15048400732501754       0.78539909798285723     
  -5.2228371856206685E-002  0.35760586780337800       -1.3215036542546279E-014  0.18277852541612782       0.78539909798260288     
  -6.6325853004169599E-002  0.38028206063592318       -1.3686967112921330E-014  0.21770571043547804       0.78539909798266760     
  -7.5576574116380524E-002  0.40635965471566848       -1.9808695683408593E-014  0.25582515976060183       0.78539909798262297     
  -7.9840301811716419E-002  0.43636551708693272       -2.5202870987211167E-014  0.29748431626471028       0.78539909798258023     
  -7.9324870129293013E-002  0.47054491294770084       -2.2196352370376604E-014  0.34277197087780564       0.78539909798237795     
  -7.4557195316346525E-002  0.50882410474111683       -2.2259186504975096E-014  0.39149184585930819       0.78539909798242835     
  -6.6331406070382126E-002  0.55079747646385080       -2.3990300014760620E-014  0.44315932034101113       0.78539909798239571     
  -5.5638662315570242E-002  0.59574162793105589       -1.7946863825967816E-014  0.49702248820072548       0.78539909798240981     
  -4.3584537712725968E-002  0.64265677860815451       -9.3570330981859275E-015  0.55210674046446107       0.78539909798244978     
  -3.1300709897322365E-002  0.69033354035869010       -1.9640187173798559E-014  0.60728007166347808       0.78539909798235019     
  -1.9858076516744427E-002  0.73744082084380125       -3.2930730856855098E-014  0.66133439337258348       0.78539909798221463     
  -1.0188207143753791E-002  0.78262852758326673       -1.3824514607447703E-014  0.71307646769338451       0.78539909798219876     
  -3.0192680701714991E-003  0.82463707697696353       -2.1889212269761250E-014  0.76142084683208733       0.78539909798219243     
   1.1687902772479219E-003  0.86240470916017209       -1.7223990574420146E-014  0.80547660997128068       0.78539909798221064     
   2.1668149002254111E-003  0.89516342435971641       -1.3042745832312431E-014  0.84461982630745958       0.78539909798220564     
   3.5901197382059991E-005  0.92251503971875337       -1.1420693285265500E-014  0.87854462379159592       0.78539909798222229     
  -4.9151159067846173E-003  0.94448029468583261       -2.2725816982680346E-015  0.90728745227219099       0.78539909798220431     
  -1.2171089016862258E-002  0.96151597450524662       -1.6339646860859937E-014  0.93122143457899131       0.78539909798220431     
  -2.1066374404302923E-002  0.97449749295141785       -1.7885440709168189E-014  0.95102039632040469       0.78539909798221486     
  -3.0849516814559941E-002  0.98466706733777265       -1.2453422141557780E-014  0.96759502210438519       0.78539909798225360     
  -4.0750790238091028E-002  0.99355044118172220       -1.5954086200706905E-014  0.98200636591557178       0.78539909798230567     
  -5.0046626267242988E-002   1.0028478237172278       -1.2722377070120427E-014  0.99536434380370009       0.78539909798228580     
  -5.8115497827818441E-002   1.0143071410439974       -2.3814259908887018E-014   1.0087205623714315       0.78539909798231167     
  -6.4480840356915703E-002   1.0295895224117642       -3.0158727729698032E-014   1.0229656088686179       0.78539909798226104     
  -6.8837977023421981E-002   1.0501379664795358       -1.3394478905664414E-014   1.0387405974486925       0.78539909798223062     
  -7.1063693124097771E-002   1.0770600978783689       -1.5197722341656975E-014   1.0563712922185853       0.78539909798257557     
  -7.1208811611403355E-002   1.1110349254057938       -1.4631502752520097E-014   1.0758307704099801       0.78539909798279151     
  -6.9475711815021768E-002   1.1522516129721021       -2.7828737915869575E-014   1.0967336726830159       0.78539909798283059     
  -6.6184065200903142E-002   1.2003856748258874       -3.7926254467739096E-014   1.1183619309701793       0.78539909798277030     
  -6.1728923558235671E-002   1.2546151573276552       -2.2567505706288234E-014   1.1397189933848462       0.78539909798272856     
  -5.6535717000180785E-002   1.3136763220587797       -1.8930704389265655E-014   1.1596071179409959       0.78539909798318286     
  -5.1016703047314760E-002   1.3759552664546124       -1.7477949580003438E-014   1.1767204062550816       0.78539909798343199     
  -4.5532960311394977E-002   1.4396090167193991       -1.9984207733670808E-014   1.1897450333524264       0.78539909798337304     
  -4.0365216169523599E-002   1.5027070196889589       -2.0069230784330265E-014   1.1974576055059916       0.78539909798331009     
  -3.5695710933485891E-002   1.5633818580604277       -2.2457843475647864E-014   1.1988127376603011       0.78539909798326235     
  -3.1602015169311937E-002   1.6199769388750020       -9.0275004598566947E-015   1.1930119413374762       0.78539909798374663     
  -2.8062323775746467E-002   1.6711790322211657       -2.0065210266941857E-014   1.1795477523673763       0.78539909798402308     
  -2.4970545375031961E-002   1.7161247500394552       -1.5586847833698768E-014   1.1582194723382369       0.78539909798394814     
  -2.2158581615052242E-002   1.7544721578708682       -3.5519006382952128E-014   1.1291196229205440       0.78539909798388363     
  -1.9422512909095468E-002   1.7864315906399657       -2.2938561476728633E-014   1.0925929342071803       0.78539909798383012     
  -1.6549298004159052E-002   1.8127531578800253       -2.9365157886248838E-014   1.0491723560220740       0.78539909798424024     
  -1.3340941156971597E-002   1.8346716542434489       -2.4340651572523094E-014  0.99949877915549101       0.78539909798453222     
  -9.6335754007996766E-003   1.8538127943502749       -1.2831585588982575E-014  0.94423269519448150       0.78539909798458141     
  -5.3097201844514164E-003   1.8720677305700981       -1.6231048914876757E-014  0.88396684213488586       0.78539909798452323     
  -3.0306295485038603E-004   1.8914454037981701       -1.7175681028254165E-014  0.81914882932761701       0.78539909798447549     
   5.4040238514891925E-003   1.9139142938718425       -3.1524575646630790E-014  0.75002169286873244       0.78539909798489393     
   1.1789022449548936E-002   1.9412459964579298       -2.3109566511801221E-014  0.67658839866876430       0.78539909798512109     
   1.8801973929796434E-002   1.9748734631230214       -3.3030675537371440E-014  0.59860400623737209       0.78539909798506768     
   2.6379931329676864E-002   2.0157753379628938       -2.3128050711077298E-014  0.51559610487383689       0.78539909798503282     
   3.4460677014858998E-002   2.0643951056294521       -2.9531306259779513E-014  0.42691084578885308       0.78539909798500696     
   4.2993624238961692E-002   2.1206028316336161       -2.1915402229619465E-014  0.33177986432605666       0.78539909798520324     
   5.1945591031740346E-002   2.1837011548757825       -3.1632719672257295E-014  0.22939991485141753       0.78539909798528185     
   6.1300830419181995E-002   2.2524677660415442       -2.2786112190022474E-014  0.11901502882996901       0.78539909798527563     
   7.1058692527002920E-002   2.3252462961592162       -3.9255175774028533E-014  -2.0108382901334109E-014  0.78539909798527541     
