 force-1force-2force-3workmass
   3.1086244689504383E-015  -6.6613381477509392E-015  -2.1618456724884413E-014   0.0000000000000000       0.78539909798813146     
  -6.5892624689922741E-011  -1.2627079503073624E-003  -1.5068858591355999E-014  -2.0022748653081117E-007  0.78539909798813157     
  -5.5877169558016249E-010  -5.1044520366501089E-003  -1.8690156434553279E-014  -3.2204176487354332E-006  0.78539909798813201     
  -1.4343481957723725E-009  -1.1618737960447323E-002  -1.9417424156460486E-014  -1.6402917895700850E-005  0.78539909798813168     
  -2.4189787950490427E-009  -2.0879930753602505E-002  -2.0206547543086948E-014  -5.2104908502950686E-005  0.78539909798813179     
  -1.8885524255551900E-009  -3.2945415580621251E-002  -1.7646231953117021E-014  -1.2769563146162316E-004  0.78539909798813090     
   3.4571341345213114E-009  -4.7863592849221259E-002  -2.2112136147629854E-014  -2.6549315684087221E-004  0.78539909798813157     
   2.2178239689196744E-008  -6.5665885795169299E-002  -2.3866788448094427E-014  -4.9258203562205227E-004  0.78539909798812957     
   7.0247988315230714E-008  -8.6356668770050771E-002  -2.0122171872397795E-014  -8.4043875758434139E-004  0.78539909798813012     
   1.7797837070787637E-007 -0.10991378060788737       -1.7208570213664007E-014  -1.3444550499418298E-003  0.78539909798812668     
   3.9141071583870257E-007 -0.13628064537939544       -1.6751508643035336E-014  -2.0432051213745417E-003  0.78539909798812757     
   7.8189312269216771E-007 -0.16536762734174726       -1.6773455528439136E-014  -2.9776243497724592E-003  0.78539909798812202     
   1.4723571353236764E-006 -0.19702257465994544       -1.9040325539805453E-014  -4.1895336294860697E-003  0.78539909798812324     
   2.6170384215262743E-006 -0.23099971980818790       -1.6162623436291330E-014  -5.7194542698817408E-003  0.78539909798811558     
   4.3421959485812067E-006 -0.26701467438822712       -2.4230329179694801E-014  -7.6056850893017613E-003  0.78539909798811702     
   6.8155029899763520E-006 -0.30478605022033012       -2.1190003701253353E-014  -9.8838774497167770E-003  0.78539909798810825     
   1.0416624198317237E-005 -0.34383877876193703       -1.9588898716134220E-014  -1.2579834280970204E-002  0.78539909798810892     
   1.5739474727549663E-005 -0.38317434762829938       -1.4765460564459904E-014  -1.5692903178014472E-002  0.78539909798810070     
   2.3317073178930059E-005 -0.42124583250840431       -2.0836206205987446E-014  -1.9183150809799515E-002  0.78539909798810092     
   3.3318877620036602E-005 -0.45642755503565846       -2.3616149247391201E-014  -2.2979208810103735E-002  0.78539909798809471     
   4.5583955193162495E-005 -0.48762281932420093       -2.1946532010151886E-014  -2.7004789426345266E-002  0.78539909798809437     
   5.9977877542749525E-005 -0.51450950467438483       -1.9070928758666059E-014  -3.1202378334407921E-002  0.78539909798809016     
   7.6661042452297323E-005 -0.53730981755452234       -2.2466254669789048E-014  -3.5536547683089670E-002  0.78539909798808527     
   9.5998554458631702E-005 -0.55637943038171533       -2.0733142750920005E-014  -3.9980039722161465E-002  0.78539909798808227     
   1.1824571799978756E-004 -0.57194340950137201       -1.3691890571078392E-014  -4.4498654665833470E-002  0.78539909798808227     
   1.4329484725950081E-004 -0.58406517163893223       -1.8291717295616032E-014  -4.9045878059147729E-002  0.78539909798808227     
   1.7067929944802884E-004 -0.59273853978411140       -1.8957851136207069E-014  -5.3566311863869731E-002  0.78539909798808349     
   1.9981606262620133E-004 -0.59798483779334655       -1.5965118077161207E-014  -5.8002304056537612E-002  0.78539909798808349     
   2.3017397173230592E-004 -0.59991744116658685       -2.0434416328879401E-014  -6.2300951172691355E-002  0.78539909798808494     
   2.6111668638595376E-004 -0.59877090392618548       -1.8404673900161177E-014  -6.6420091097998402E-002  0.78539909798808383     
   2.9175482013332754E-004 -0.59488849916160769       -1.3759901365658252E-014  -7.0330826053804141E-002  0.78539909798808272     
   3.2130098932192652E-004 -0.58869473859936239       -1.2199923149851062E-014  -7.4017827257492841E-002  0.78539909798808150     
   3.4964927995195794E-004 -0.58072189899080451       -1.2270904384639735E-014  -7.7486244133494475E-002  0.78539909798808827     
   3.7752028045590080E-004 -0.57171844957738482       -1.3821160118836074E-014  -8.0782650792579846E-002  0.78539909798809604     
   4.0638403932558020E-004 -0.56275061805068294       -1.5154282846278793E-014  -8.4021642231015492E-002  0.78539909798809759     
   4.3892556598024157E-004 -0.55514784724290278       -1.1799245855069873E-014  -8.7394051702311737E-002  0.78539909798809604     
   4.7975512266029696E-004 -0.55023433011742018       -1.1667993648818817E-014  -9.1137520032919084E-002  0.78539909798809415     
   5.3501227080321456E-004 -0.54896774214383148       -1.5966284650275778E-014  -9.5476765094144933E-002  0.78539909798810703     
   6.1048859698242808E-004 -0.55170698580469679       -1.7537438140685272E-014 -0.10056721464131724       0.78539909798811425     
   7.0985792366951017E-004 -0.55825390288484833       -1.5012253496282817E-014 -0.10647679839648283       0.78539909798811225     
   8.3488902803852127E-004 -0.56812399711062600       -1.4087650787845108E-014 -0.11321404458385587       0.78539909798811136     
   9.8763065560003582E-004 -0.58085916999613163       -1.6793195793427024E-014 -0.12077880184565892       0.78539909798811680     
   1.1725965734155075E-003 -0.59620391788385829       -1.4742797432986301E-014 -0.12920050991791454       0.78539909798811580     
   1.3968690926442484E-003 -0.61408954274701166       -1.9168375928617053E-014 -0.13854330733125853       0.78539909798811347     
   1.6677949924286395E-003 -0.63449488570059076       -1.5354161221791059E-014 -0.14888163184590764       0.78539909798811403     
   1.9900099275196315E-003 -0.65729707154392969       -1.6742996024291612E-014 -0.16026551227092556       0.78539909798811514     
   2.3639468780507489E-003 -0.68219093811888865       -1.6323980328148040E-014 -0.17269426453031800       0.78539909798810870     
   2.7861013382468602E-003 -0.70868650759144947       -1.8509127641241712E-014 -0.18610538888509520       0.78539909798809771     
   3.2490327897938265E-003 -0.73613829551250998       -1.0004830174766397E-014 -0.20037189235752018       0.78539909798809293     
   3.7392623758600863E-003 -0.76375199298413832       -1.5474253779964782E-014 -0.21529613892734822       0.78539909798809149     
   4.2341139626582702E-003 -0.79055936921125314       -1.8019500607751063E-014 -0.23059710241424614       0.78539909798809204     
   4.7009303555025639E-003 -0.81541599201694126       -1.0100613054136049E-014 -0.24590490990416103       0.78539909798809748     
   5.1011182192053361E-003 -0.83709727223237040       -1.8128802378171911E-014 -0.26078558983852473       0.78539909798809693     
   5.3979972374884611E-003 -0.85451209251915783       -1.7701745402299458E-014 -0.27480642707132508       0.78539909798809870     
   5.5646331970411467E-003 -0.86695494227124081       -1.8694385230884624E-014 -0.28762300762815163       0.78539909798809526     
   5.5876051158718631E-003 -0.87425949469974595       -1.9126374421512590E-014 -0.29904571076625497       0.78539909798809648     
   5.4646103091275933E-003 -0.87675567353929074       -1.6862698634131270E-014 -0.30904775522357730       0.78539909798809637     
   5.1968644928743757E-003 -0.87504677834279954       -1.4298474867102058E-014 -0.31770940084468391       0.78539909798808716     
   4.7803774558845546E-003 -0.86973052714246379       -1.3687769068194666E-014 -0.32513123285535972       0.78539909798808205     
   4.2017698432492701E-003 -0.86121286823228549       -1.8757572775097487E-014 -0.33136658986938428       0.78539909798808105     
   3.4425626782779162E-003 -0.84969472923985712       -1.9448403593588447E-014 -0.33640814659930829       0.78539909798808427     
   2.4909515447308905E-003 -0.83530379579646996       -1.8344902128353887E-014 -0.34022856679288149       0.78539909798808516     
   1.3551860977409902E-003 -0.81826987811513741       -1.3774207998891446E-014 -0.34284479690384018       0.78539909798806662     
   7.1906963866830154E-005 -0.79904424054588530       -1.7013409152728580E-014 -0.34436916985816102       0.78539909798805607     
  -1.2929264211694047E-003 -0.77832466644980269       -9.1493859491267224E-015 -0.34502857801385223       0.78539909798805452     
  -2.6475220264314814E-003 -0.75701431840154476       -1.5545662361103862E-014 -0.34515822571420052       0.78539909798805629     
  -3.8782193858128977E-003 -0.73616377120022092       -1.7787950255590942E-014 -0.34518771588897179       0.78539909798805663     
  -4.8546448272963616E-003 -0.71691474948212286       -1.4631921328170167E-014 -0.34562669086773434       0.78539909798804541     
  -5.4417060323448396E-003 -0.70042011685978889       -1.5289374821286915E-014 -0.34703755463004082       0.78539909798804231     
  -5.5224121556882722E-003 -0.68770732877525620       -1.7473634274325025E-014 -0.34997638383903951       0.78539909798804086     
  -5.0263789871856090E-003 -0.67949661510000814       -2.0344988432342621E-014 -0.35490155288706315       0.78539909798804475     
  -3.9496288181339878E-003 -0.67604497579170175       -1.5102701363966228E-014 -0.36208102888677196       0.78539909798804841     
  -2.3512980667161898E-003 -0.67710656033483430       -1.7862514547038754E-014 -0.37154658078046765       0.78539909798800112     
  -3.2475588246416720E-004 -0.68205200235683827       -1.7210416007236007E-014 -0.38312687739071860       0.78539909798796548     
   2.0427655144468204E-003 -0.69010094492438900       -1.8435501576517811E-014 -0.39654809732640750       0.78539909798797769     
   4.6984321835781273E-003 -0.70055436851775443       -1.0825638535874664E-014 -0.41154930311805948       0.78539909798799057     
   7.6215295618498047E-003 -0.71291444484699773       -1.9027330532322938E-014 -0.42795016044882983       0.78539909798800456     
   1.0789644474996862E-002 -0.72684843040140446       -1.8526682799312030E-014 -0.44563792966614413       0.78539909798787877     
   1.4130871260919164E-002 -0.74204193806726337       -1.5875644187417024E-014 -0.46448863007214802       0.78539909798779639     
   1.7486982992344302E-002 -0.75803816900097265       -1.9180587255540003E-014 -0.48427171520389534       0.78539909798782115     
   2.0604339534952665E-002 -0.77414707003452798       -1.3920781905382127E-014 -0.50458847553722475       0.78539909798783925     
   2.3153003998609201E-002 -0.78945258086466452       -1.5065506949503565E-014 -0.52486740472769577       0.78539909798785690     
   2.4763453335236107E-002 -0.80289357668764383       -1.3970136604762416E-014 -0.54440893681307534       0.78539909798769747     
   2.5071631320011001E-002 -0.81337819960242608       -1.5215807810243549E-014 -0.56245845922214288       0.78539909798760166     
   2.3770941228912434E-002 -0.81990819764924772       -1.9624848269489092E-014 -0.57829205620741009       0.78539909798762420     
   2.0670993861976683E-002 -0.82170827383518064       -1.1604827985372109E-014 -0.59130835474893084       0.78539909798764440     
   1.5751763178708522E-002 -0.81834996406681060       -1.3942177138894400E-014 -0.60111723766617420       0.78539909798766416     
   9.1880302386915247E-003 -0.80983571065816351       -1.5342599466030479E-014 -0.60760348742858827       0.78539909798750607     
   1.3200528075234530E-003 -0.79659674741676723       -2.1851134678151920E-014 -0.61093678477408941       0.78539909798738317     
  -7.4299358393563608E-003 -0.77938261360527661       -1.1767805200610191E-014 -0.61151326091005576       0.78539909798736351     
  -1.6661792954963950E-002 -0.75907330550938990       -1.1728538636768260E-014 -0.60984502041830346       0.78539909798739327     
  -2.6069086969284783E-002 -0.73649138089107380       -1.0164011847613735E-014 -0.60644281844148606       0.78539909798742535     
  -3.5438270780872472E-002 -0.71229480982503413       -1.7697358158552124E-014 -0.60174177868595313       0.78539909798714380     
  -4.4575748857273112E-002 -0.68698610380724867       -1.9840599070389484E-014 -0.59609519702835012       0.78539909798696139     
  -5.3205075624100040E-002 -0.66100889905090066       -1.2414945266083836E-014 -0.58982299637983715       0.78539909798701768     
  -6.0892552099109487E-002 -0.63486163205099189       -1.7904862725983030E-014 -0.58327452897872778       0.78539909798705598     
  -6.7041269484350074E-002 -0.60916184180115795       -2.1108354403861074E-014 -0.57686561376724299       0.78539909798709773     
  -7.0957310195964851E-002 -0.58463280859925915       -1.2050165707912327E-014 -0.57107169177408768       0.78539909798680996     
  -7.1963471316847993E-002 -0.56202552161185970       -1.5784345670922909E-014 -0.56638360248769359       0.78539909798658547     
  -6.9529402225638748E-002 -0.54200945836925518       -1.4231387716692520E-014 -0.56324406036752572       0.78539909798655061     
  -6.3394185507976708E-002 -0.52506443453965801       -1.7247171864046970E-014 -0.56198094338550852       0.78539909798659513     
  -5.3659817910342689E-002 -0.51139778008374437       -1.9573000877180341E-014 -0.56274922735265998       0.78539909798664453     
  -4.0826120597262872E-002 -0.50090690903810753       -1.3817868075117543E-014 -0.56549499583686469       0.78539909798629948     
  -2.5735345829917655E-002 -0.49320295202264308       -2.0113429253049252E-014 -0.56995806471875543       0.78539909798602325     
  -9.4193938771640617E-003 -0.48769634744662183       -1.8063010444042598E-014 -0.57572294761498677       0.78539909798597884     
   7.1068747481080052E-003 -0.48372010953838140       -1.6845587722421902E-014 -0.58230744081481278       0.78539909798603769     
   2.3018819428910042E-002 -0.48064631330093111       -1.5671331713889652E-014 -0.58925606012496257       0.78539909798610319     
   3.7737564378404365E-002 -0.47795391434329026       -1.3315967604407723E-014 -0.59620031994736067       0.78539909798604990     
   5.0844778799706170E-002 -0.47523360480189591       -1.6430599830543550E-014 -0.60286652748841796       0.78539909798611618     
   6.1916441247642062E-002 -0.47215009092076787       -1.8875180529316789E-014 -0.60904208129041359       0.78539909798619179     
   7.0383154898256528E-002 -0.46840032070940829       -1.9869261079060109E-014 -0.61453167758834581       0.78539909798613117     
   7.5505430941506191E-002 -0.46369794776680795       -1.1528633669696624E-014 -0.61913283577187395       0.78539909798620111     
   7.6484411409145636E-002 -0.45778994410513629       -1.6059987206162511E-014 -0.62264104894150440       0.78539909798627972     
   7.2661587970421770E-002 -0.45048997153294401       -2.0294472297072636E-014 -0.62487462088682921       0.78539909798621732     
   6.3733378546273478E-002 -0.44170666812966664       -1.7003544648155253E-014 -0.62570018675771033       0.78539909798628682     
   4.9917052691977659E-002 -0.43145135450361227       -1.3956167213987848E-014 -0.62504302194264971       0.78539909798636587     
   3.2025545926722465E-002 -0.41981989010105414       -1.8683723852578199E-014 -0.62287534098329767       0.78539909798630370     
   1.1421261609137368E-002 -0.40695203741970554       -1.2999402422191311E-014 -0.61918570895081038       0.78539909798637586     
  -1.0166189301090256E-002 -0.39297907799312881       -1.7944390075292967E-014 -0.61394151162300981       0.78539909798645935     
  -3.0933450937165929E-002 -0.37797675103547257       -1.5692210381325492E-014 -0.60706170694519068       0.78539909798639351     
  -4.9321361802375563E-002 -0.36194118374279327       -1.5298917520793866E-014 -0.59841410983155363       0.78539909798647101     
  -6.4229935516482151E-002 -0.34479521364973986       -2.0510464675849832E-014 -0.58783824913731131       0.78539909798656149     
  -7.5033128625690892E-002 -0.32641475143534171       -1.5473537135517995E-014 -0.57517807920205666       0.78539909798649055     
  -8.1399799525523342E-002 -0.30665273313752595       -1.2360687035512749E-014 -0.56030153256247672       0.78539909798657170     
  -8.3042222331563220E-002 -0.28534347340021604       -1.0954438668183548E-014 -0.54309410124582325       0.78539909798666896     
  -7.9557445193974452E-002 -0.26229038001544169       -1.6553449958341332E-014 -0.52343515763586490       0.78539909798659324     
  -7.0466397151988769E-002 -0.23725875192340817       -1.7840759143045750E-014 -0.50118165497468281       0.78539909798667618     
  -5.5435037517527430E-002 -0.20999720264738375       -1.3180208519740325E-014 -0.47618109679623233       0.78539909798677643     
  -3.4563681156453363E-002 -0.18029520044048208       -1.5344912582454477E-014 -0.44831689893979609       0.78539909798669827     
  -8.6085559309370119E-003 -0.14806320413913898       -1.4559736428721419E-014 -0.41756972907787260       0.78539909798678020     
   2.0955674433634552E-002 -0.11340929528169363       -1.9998175826943652E-014 -0.38407102646996760       0.78539909798687968     
   5.2059030603954337E-002  -7.6685360640312616E-002  -1.3998210789275044E-014 -0.34812984500767330       0.78539909798680241     
   8.2320015535641833E-002  -3.8482628868554691E-002  -2.6167151191979019E-014 -0.31022308097719975       0.78539909798688012     
  0.10942494777242384        4.3127346700710945E-004  -1.7541596408964682E-014 -0.27094728900582643       0.78539909798697671     
  0.13149899389784103        3.9221602872370198E-002  -1.6453327046416345E-014 -0.23094089441779930       0.78539909798690311     
  0.14734457781859289        7.7105846155838265E-002  -2.2693214110699385E-014 -0.19080080028997948       0.78539909798697405     
  0.15645731165089050       0.11343422018101990       -1.8480945208080271E-014 -0.15102803704152556       0.78539909798706486     
  0.15882874665868307       0.14769869120654633       -8.3305011678565124E-015 -0.11202798864023311       0.78539909798699648     
  0.15465971577380500       0.17948169936258029       -1.6959893598153433E-014  -7.4158604772728953E-002  0.78539909798691054     
  0.14415775429991284       0.20839968626668792       -1.6096276715033058E-014  -3.7783764286661636E-002  0.78539909798659291     
  0.12753452425165723       0.23410616001230533       -1.9558342029479501E-014  -3.2771036193102177E-003  0.78539909798667651     
  0.10519038026032179       0.25638306559587853       -1.8248977066837738E-014   2.9052875878905038E-002  0.78539909798661478     
   7.7960110594684329E-002  0.27529080096625158       -1.8092346883198044E-014   5.9097920452129582E-002  0.78539909798653940     
   4.7264450416667048E-002  0.29130503977749633       -1.2789751267561919E-014   8.7087356995569021E-002  0.78539909798624619     
   1.5068768889587469E-002  0.30536640759636668       -2.2726107615473060E-014  0.11366026211747160       0.78539909798632390     
  -1.6355810867439396E-002  0.31880284177855422       -1.9566640132978341E-014  0.13982710653277275       0.78539909798626639     
  -4.4794009524738013E-002  0.33313414263119068       -1.0537172604136578E-014  0.16681710831495433       0.78539909798620255     
  -6.8453139819128872E-002  0.34981537769664151       -1.3213712552322536E-014  0.19585429118043018       0.78539909798593865     
  -8.6214383626439683E-002  0.37000618317989709       -1.3661955485694839E-014  0.22794103205760630       0.78539909798600582     
  -9.7687209323458257E-002  0.39445044909777049       -1.9786953998373734E-014  0.26373206389302517       0.78539909798595842     
 -0.10306453687488337       0.42350382133892861       -2.5183403797536532E-014  0.30354068281215785       0.78539909798591290     
 -0.10286696893523217       0.45726800770543985       -2.2183328482798942E-014  0.34744530140364116       0.78539909798570529     
  -9.7715045552645541E-002  0.49572557635591430       -2.2237326397265903E-014  0.39540239846093606       0.78539909798575591     
  -8.8240639513101016E-002  0.53876588035330908       -2.3956162084032691E-014  0.44726784818692522       0.78539909798572294     
  -7.5154846087340132E-002  0.58606341985672472       -1.7915718699908787E-014  0.50269233885853915       0.78539909798573782     
  -5.9390444203817339E-002  0.63687203611249288       -9.3436890974392592E-015  0.56094762886157135       0.78539909798577667     
  -4.2194979841414293E-002  0.68986536546571475       -1.9637152690538097E-014  0.62079783101748109       0.78539909798575369     
  -2.5085032044718458E-002  0.74314515676523030       -3.2911633856795825E-014  0.68051850460914665       0.78539909798575769     
  -9.6524682396974537E-003  0.79446415916536584       -1.3813646552956065E-014  0.73809795029904190       0.78539909798578700     
   2.7098340873652482E-003  0.84161241651107321       -2.1869300608429394E-014  0.79157056980254481       0.78539909798577234     
   1.1056753790468221E-002  0.88283878061278376       -1.7244938048642667E-014  0.83937036766690198       0.78539909798576513     
   1.5018317987181007E-002  0.91715278488230556       -1.3062278431000710E-014  0.88057686537383351       0.78539909798578056     
   1.4762398002968968E-002  0.94439205167677631       -1.1429090185617197E-014  0.91496520131598258       0.78539909798577723     
   1.0823623012172767E-002  0.96504325986785577       -2.2534754474007275E-015  0.94285876400066648       0.78539909798575502     
   3.8903548698363544E-003  0.97992964444930841       -1.6359618896755704E-014  0.96487998235093420       0.78539909798575458     
  -5.3467429503371022E-003  0.98995261688416125       -1.7877496407302976E-014  0.98174564747428938       0.78539909798576535     
  -1.6229118056672931E-002  0.99604045486725656       -1.2468614966144365E-014  0.99421672327280186       0.78539909798572816     
  -2.8070909507968089E-002  0.99932141192505863       -1.5946470921465333E-014   1.0032041444243882       0.78539909798571028     
  -4.0086350654904290E-002   1.0013848521628193       -1.2721289804935685E-014   1.0099208124367358       0.78539909798597463     
  -5.1385294961816985E-002   1.0044229782731335       -2.3806139929689549E-014   1.0159301606501816       0.78539909798613716     
  -6.1067579300954300E-002   1.0111018735990225       -3.0142089204315512E-014   1.0229976090067767       0.78539909798616914     
  -6.8382893871834050E-002   1.0241546879132191       -1.3376846181017039E-014   1.0327638929492693       0.78539909798611440     
  -7.2884091525750261E-002   1.0458360463905993       -1.5202943305248397E-014   1.0463602457848098       0.78539909798607954     
  -7.4504559924771119E-002   1.0774515446114927       -1.4606491991893616E-014   1.0641225773643965       0.78539909798649288     
  -7.3526612358691512E-002   1.1191498088261120       -2.7837047772992456E-014   1.0855216077418999       0.78539909798671781     
  -7.0457532837665315E-002   1.1700505588859098       -3.7909235992452379E-014   1.1093301746510336       0.78539909798667096     
  -6.5870025663996579E-002   1.2286279032030611       -2.2550271588959700E-014   1.1339422967885922       0.78539909798661167     
  -6.0275311435996404E-002   1.2931462707796735       -1.8918751579137501E-014   1.1576940773080375       0.78539909798678009     
  -5.4073295057516901E-002   1.3619281010157387       -1.7459173936634747E-014   1.1790519292093427       0.78539909798721275     
  -4.7577905498731976E-002   1.4333414086510157       -1.9984450592884898E-014   1.1966243754766133       0.78539909798745078     
  -4.1074790081363499E-002   1.5055762866064697       -2.0084991514082195E-014   1.2090662922851640       0.78539909798739238     
  -3.4857927183168158E-002   1.5764219300484905       -2.2457708700200269E-014   1.2150072418637965       0.78539909798733420     
  -2.9215322423378876E-002   1.6432670471534454       -9.0261928557890080E-015   1.2131086489296830       0.78539909798755581     
  -2.4372527609492156E-002   1.7034182792873116       -2.0090565535505233E-014   1.2022594564296796       0.78539909798800600     
  -2.0429793029886678E-002   1.7546432740471385       -1.5592931667434287E-014   1.1818212550593536       0.78539909798827046     
  -1.7329648588274793E-002   1.7957087028832772       -3.5560929143481441E-014   1.1517930081984873       0.78539909798819296     
  -1.4871201580910709E-002   1.8266727061323840       -2.2962781266467162E-014   1.1128023649438867       0.78539909798813023     
  -1.2761971854145182E-002   1.8488068046318737       -2.9392891625820413E-014   1.0659180424640344       0.78539909798845275     
  -1.0682978828111978E-002   1.8642011975342943       -2.4361243362539987E-014   1.0123640532131715       0.78539909798894891     
  -8.3434716526944452E-003   1.8752562068325220       -1.2841929767571744E-014  0.95325467221732718       0.78539909798924301     
  -5.5132649044895565E-003   1.8843017354059191       -1.6230157730859277E-014  0.88944102549948512       0.78539909798916074     
  -2.0334068256755433E-003   1.8934916004622711       -1.7171825843890927E-014  0.82148633751847422       0.78539909798910512     
   2.1876997499015172E-003   1.9049414193426539       -3.1522490105783579E-014  0.74971417500609638       0.78539909798941832     
   7.1866660088057976E-003   1.9209225125961629       -2.3096747348527138E-014  0.67424753661559489       0.78539909798982099     
   1.2963796558781882E-002   1.9438864858001939       -3.3003516436289838E-014  0.59498924082083593       0.78539909799003704     
   1.9506952337216443E-002   1.9762002894858623       -2.3092170351001299E-014  0.51155826564950602       0.78539909798999097     
   2.6816037594737940E-002   2.0196549347689858       -2.9501199014296431E-014  0.42324520383904629       0.78539909798996355     
   3.4919093170119542E-002   2.0749609616706177       -2.1896357087338220E-014  0.32904972910236452       0.78539909799006624     
   4.3870592165442313E-002   2.1414731727702963       -3.1593303729617236E-014  0.22781705976991395       0.78539909799018470     
   5.3728651523235804E-002   2.2172822347902565       -2.2751345191643402E-014  0.11843231550648342       0.78539909799021079     
   6.4518133460359506E-002   2.2996324789922138       -3.9235602531690952E-014  -2.0057019411011418E-014  0.78539909799022145     
