 force-1force-2force-3workmass
   4.4408920985006262E-016   1.0658141036401503E-014  -2.1490512560269858E-014   0.0000000000000000       0.78539817820995284     
   1.6875389974302379E-014  -1.4057852179369945E-003  -1.6137719273871928E-014  -2.0981344377645969E-007  0.78539817820995261     
   9.5479180117763462E-014  -5.4204863868427822E-003  -1.5650229821177764E-014  -3.2197689137855590E-006  0.78539817820995284     
  -2.0428103653102880E-014  -1.2102920670354678E-002  -2.1933065199374539E-014  -1.6093858761407481E-005  0.78539817820995272     
  -1.3056222769591841E-013  -2.1511091631364110E-002  -2.1336687194090546E-014  -5.0594087516953046E-005  0.78539817820995284     
  -5.1958437552457326E-014  -3.3696958708294034E-002  -1.9631450840421196E-014  -1.2320450527718296E-004  0.78539817820995272     
  -8.2600593032111647E-014  -4.8698727908298878E-002  -2.0332467823288131E-014  -2.5508393678365382E-004  0.78539817820995261     
   2.2204460492503131E-015  -6.6529683362634984E-002  -2.0249135123658002E-014  -4.7187841167035949E-004  0.78539817820995272     
   2.5757174171303632E-014  -8.7186220012341664E-002  -1.8420889955924697E-014  -8.0350820363375708E-004  0.78539817820995261     
   3.6415315207705135E-014 -0.11064820111042195       -1.4631946490691192E-014  -1.2838787395345330E-003  0.78539817820995284     
  -5.7731597280508140E-015 -0.13685513707622121       -2.1080341476014913E-014  -1.9501857033362158E-003  0.78539817820995295     
   7.1054273576010019E-015 -0.16570355750027588       -2.1646096566902398E-014  -2.8421059923553482E-003  0.78539817820995284     
   2.3980817331903381E-014 -0.19707386308589747       -1.7980007751459907E-014  -4.0013877160960942E-003  0.78539817820995295     
  -5.9507954119908391E-014 -0.23083304446201680       -2.8064950345627154E-014  -5.4712625280998739E-003  0.78539817820995284     
  -2.0872192862952943E-014 -0.26675378890780976       -2.0312100243561017E-014  -7.2935820963172526E-003  0.78539817820995284     
   3.4638958368304884E-014 -0.30436562086569907       -2.1620212384387363E-014  -9.5019142264010092E-003  0.78539817820995284     
   6.9722005946459831E-014 -0.34284496532177400       -2.4325547399957997E-014  -1.2112026934887443E-002  0.78539817820995284     
   5.6843418860808015E-014 -0.38105592587542247       -1.8481769167987517E-014  -1.5114678563830086E-002  0.78539817820995284     
   6.2616578588858829E-014 -0.41775343002432663       -2.3395277764520686E-014  -1.8475563196255984E-002  0.78539817820995306     
   8.1268325402561459E-014 -0.45184538980706179       -2.5646473160456344E-014  -2.2143022211537411E-002  0.78539817820995284     
  -6.5725203057809267E-014 -0.48257901825504490       -1.9341735062440663E-014  -2.6059266985772211E-002  0.78539817820995295     
   1.7319479184152442E-014 -0.50958027001641781       -2.0545789002274165E-014  -3.0169317701119192E-002  0.78539817820995284     
  -2.4868995751603507E-014 -0.53276878656924254       -1.7715251447128231E-014  -3.4424322375385286E-002  0.78539817820995295     
   4.3964831775156199E-014 -0.55222466623193611       -1.8818948730294182E-014  -3.8779839129970961E-002  0.78539817820995306     
   1.6164847238542279E-013 -0.56807750805839241       -1.2855251100662859E-014  -4.3192069092695240E-002  0.78539817820995317     
  -7.8603790143461083E-014 -0.58044785806132992       -2.2701606694248704E-014  -4.7614863356592929E-002  0.78539817820995328     
  -3.3750779948604759E-014 -0.58943421802591800       -2.5109561328534907E-014  -5.1998707845810177E-002  0.78539817820995328     
  -5.3290705182007514E-014 -0.59512633575071128       -2.1412945883996565E-014  -5.6291661064404419E-002  0.78539817820995339     
  -4.8849813083506888E-015 -0.59763385938113345       -2.0593950700104129E-014  -6.0442298002370443E-002  0.78539817820995350     
  -1.3189449532546860E-013 -0.59713064179940289       -2.1736878069043206E-014  -6.4405466045859949E-002  0.78539817820995350     
   1.1013412404281553E-013 -0.59391418174858757       -2.2902703854450551E-014  -6.8151652355650016E-002  0.78539817820995361     
  -1.5765166949677223E-013 -0.58846622497594581       -1.8694777394536032E-014  -7.1679158349088334E-002  0.78539817820995372     
  -1.3322676295501878E-015 -0.58148658641092332       -2.5106094456006990E-014  -7.5025725325083226E-002  0.78539817820995372     
  -1.3322676295501878E-014 -0.57387207679883545       -2.4939343261616604E-014  -7.8274573127149694E-002  0.78539817820995395     
   4.7073456244106637E-014 -0.56663095719529544       -2.6552942556752706E-014  -8.1550660621461102E-002  0.78539817820995406     
   5.7731597280508140E-015 -0.56075201045134904       -2.0235699165152848E-014  -8.5006500084360948E-002  0.78539817820995406     
   3.8191672047105385E-014 -0.55706967101585647       -2.5577021905956212E-014  -8.8801362117294946E-002  0.78539817820995417     
  -5.5067062021407764E-014 -0.55616955950158697       -1.9350524018127785E-014  -9.3080676520576056E-002  0.78539817820995450     
   3.5971225997855072E-014 -0.55836092062432385       -2.1747768582158692E-014  -9.7962190079855294E-002  0.78539817820995461     
   9.5479180117763462E-014 -0.56371444181917241       -2.4462611012627102E-014 -0.10353221717033989       0.78539817820995483     
  -3.6415315207705135E-014 -0.57214050448578035       -2.0690540161079113E-014 -0.10985097686127032       0.78539817820995506     
  -1.2434497875801753E-014 -0.58347381788519215       -2.1730161344047710E-014 -0.11696272392790164       0.78539817820995506     
  -4.7073456244106637E-014 -0.59753595725988973       -1.9568414054755890E-014 -0.12490533128986403       0.78539817820995539     
   1.9539925233402755E-014 -0.61416095529492054       -2.3548823535765018E-014 -0.13371496964657137       0.78539817820995550     
  -1.5987211554602254E-014 -0.63318310238233089       -3.0013844948470935E-014 -0.14342357088682789       0.78539817820995572     
   7.9936057773011271E-015 -0.65439625629898757       -2.0991433300701491E-014 -0.15404896870938245       0.78539817820995572     
   9.6811447747313650E-014 -0.67749992753055288       -2.5248100632204613E-014 -0.16557962728861186       0.78539817820995583     
  -1.3766765505351941E-014 -0.70205030681471392       -2.6443373802710687E-014 -0.17795764240973710       0.78539817820995594     
   4.7073456244106637E-014 -0.72743431281431725       -2.2506206591348406E-014 -0.19106498686655726       0.78539817820995594     
  -8.0824236192711396E-014 -0.75288042881513384       -2.5481457048794981E-014 -0.20471816426051515       0.78539817820995617     
  -6.3504757008558954E-014 -0.77751081945341127       -2.9205474353018729E-014 -0.21867491797127325       0.78539817820995639     
   4.4408920985006262E-014 -0.80042664484453852       -2.4225032559845664E-014 -0.23265340933714285       0.78539817820995672     
   2.6201263381153694E-014 -0.82080691160695451       -2.5506100831406261E-014 -0.24636026967735791       0.78539817820995705     
   8.4376949871511897E-014 -0.83799558852054901       -2.0713422019043661E-014 -0.25952073929900266       0.78539817820995750     
   7.8159700933611020E-014 -0.85155493327572884       -1.8772072225162127E-014 -0.27190319330480595       0.78539817820995761     
  -4.4408920985006262E-016 -0.86127404487070436       -2.0687253825370117E-014 -0.28333224594855899       0.78539817820995794     
  -4.7073456244106637E-014 -0.86713616675433691       -1.9617189937501703E-014 -0.29368861404569291       0.78539817820995816     
   1.3855583347321954E-013 -0.86926060110062409       -2.2754580016084943E-014 -0.30289842007166889       0.78539817820995850     
  -6.3948846218409017E-014 -0.86784101986749285       -2.3762294089039745E-014 -0.31091793082384900       0.78539817820995883     
   1.8207657603852567E-014 -0.86310017383993376       -1.7083090631145093E-014 -0.31772076781821834       0.78539817820995950     
   5.5067062021407764E-014 -0.85527309844204957       -2.3174563570337495E-014 -0.32329323121109255       0.78539817820995972     
   1.1990408665951691E-013 -0.84462017334230666       -2.4769271576742471E-014 -0.32764020107695035       0.78539817820995994     
   8.0824236192711396E-014 -0.83146131472275187       -2.2325641186227101E-014 -0.33080020990770720       0.78539817820996038     
   6.3504757008558954E-014 -0.81621587149805919       -2.1596223265361716E-014 -0.33286487158101341       0.78539817820996083     
   8.5709217501062085E-014 -0.79943095616405913       -2.7984375848538210E-014 -0.33399585803769494       0.78539817820996127     
   1.5987211554602254E-014 -0.78178420663661186       -2.3498482781524808E-014 -0.33443262514526761       0.78539817820996172     
  -1.1990408665951691E-014 -0.76405438400700199       -2.3847764170678428E-014 -0.33448620012181962       0.78539817820996205     
   4.1300296516055823E-014 -0.74706272208264579       -2.2851410373431831E-014 -0.33451806480304036       0.78539817820996261     
   9.4591001698063337E-014 -0.73159680503783520       -3.1015290860667113E-014 -0.33490745902300034       0.78539817820996294     
   4.5741188614556449E-014 -0.71833421630090655       -2.0397315775000254E-014 -0.33601393927419920       0.78539817820996360     
  -7.2386541205560206E-014 -0.70778346774651268       -2.6746158961598589E-014 -0.33814355171589305       0.78539817820996383     
   3.6859404417555197E-014 -0.70025464517344105       -2.1187694026843101E-014 -0.34152591971639268       0.78539817820996438     
  -6.6613381477509392E-014 -0.69586346424610745       -2.1451103127574456E-014 -0.34630619507057858       0.78539817820996471     
  -9.8143715376863838E-014 -0.69456292082753102       -2.4161528728861253E-014 -0.35255128293481519       0.78539817820996505     
  -9.2814644858663087E-014 -0.69618951382338601       -2.6463037571921570E-014 -0.36026554199235328       0.78539817820996560     
   1.3944401189291966E-013 -0.70050828647135788       -2.5687366854581459E-014 -0.36940866669387873       0.78539817820996582     
  -5.0182080713057076E-014 -0.70724326795954440       -2.7622856065245991E-014 -0.37990845176329202       0.78539817820996638     
  -1.1679546219056647E-013 -0.71608625473436405       -3.1313466367037146E-014 -0.39166355604852399       0.78539817820996660     
   1.3500311979441904E-013 -0.72668503429379783       -2.8275672911912270E-014 -0.40453538500087838       0.78539817820996727     
  -1.3322676295501878E-015 -0.73861951133175197       -2.9622608784280124E-014 -0.41833248659759725       0.78539817820996749     
  -4.4408920985006262E-015 -0.75137853472666016       -2.5378755970470341E-014 -0.43279403600255151       0.78539817820996793     
  -1.3278267374516872E-013 -0.76435033543707576       -2.7905042629595989E-014 -0.44758005265913781       0.78539817820996838     
   4.3076653355456074E-014 -0.77683545545901822       -2.7186348725959106E-014 -0.46227458182181813       0.78539817820996871     
  -2.2248869413488137E-013 -0.78808419116134942       -2.2449556373647192E-014 -0.47640457737789710       0.78539817820996949     
   4.4408920985006262E-015 -0.79735303489211162       -2.4537991791035332E-014 -0.48947270223529138       0.78539817820997004     
  -3.1530333899354446E-014 -0.80396870782182361       -2.3268857572702458E-014 -0.50099812508359420       0.78539817820997060     
  -3.9968028886505635E-015 -0.80738593300740646       -2.8358635411074854E-014 -0.51055695382470034       0.78539817820997093     
   2.2204460492503131E-015 -0.80722679684087950       -2.6569236806412549E-014 -0.51781399324321242       0.78539817820997160     
  -1.6697754290362354E-013 -0.80329476859241211       -2.7325288386543558E-014 -0.52254003379029079       0.78539817820997215     
   1.5099033134902129E-014 -0.79556347877732669       -2.8667685436231952E-014 -0.52461305475665121       0.78539817820997282     
  -1.3322676295501878E-013 -0.78414697783972542       -2.2636023444983006E-014 -0.52400621794139468       0.78539817820997337     
  -3.0198066269804258E-014 -0.76926240816829683       -2.6424950308857726E-014 -0.52076891866690467       0.78539817820997393     
  -7.9491968563161208E-014 -0.75119666480075686       -2.5405196958896941E-014 -0.51500841424076427       0.78539817820997448     
  -8.2156503822261584E-014 -0.73028568790699211       -2.2271613818916653E-014 -0.50687833340528421       0.78539817820997504     
   1.1723955140041653E-013 -0.70690961301446187       -2.4790883721525202E-014 -0.49657714057736513       0.78539817820997582     
   5.7731597280508140E-014 -0.68150089978955819       -2.7845517005845082E-014 -0.48435546762230253       0.78539817820997626     
   5.4622972811557702E-014 -0.65455769628883154       -2.4280192525053659E-014 -0.47052749086183709       0.78539817820997682     
   4.2632564145606011E-014 -0.62665254886257671       -2.9167832897595154E-014 -0.45547942854115853       0.78539817820997726     
   7.9936057773011271E-014 -0.59842773505831026       -2.1473189321106970E-014 -0.43966844751374978       0.78539817820997782     
   1.1679546219056647E-013 -0.57057254086439357       -2.3212330105315051E-014 -0.42360774658065381       0.78539817820997837     
  -4.1744385725905886E-014 -0.54378341099717176       -2.2164453411094234E-014 -0.40783755824788415       0.78539817820997893     
   1.3988810110276972E-013 -0.51871329997503679       -2.8275849161239269E-014 -0.39288603219862139       0.78539817820997926     
  -1.6564527527407336E-013 -0.49592007058923571       -2.7588760688936924E-014 -0.37922710245916669       0.78539817820997981     
  -7.7715611723760958E-014 -0.47582437379493925       -2.6977902348602422E-014 -0.36724351186070869       0.78539817820998037     
  -5.7731597280508140E-015 -0.45868498715093864       -3.0166543295990586E-014 -0.35720185111376779       0.78539817820998070     
   1.5187850976872141E-013 -0.44459492236872933       -2.2467013995401322E-014 -0.34924320511195894       0.78539817820998115     
  -5.7731597280508140E-015 -0.43349622322582704       -3.4212274697455006E-014 -0.34338883127366060       0.78539817820998126     
   1.0658141036401503E-014 -0.42520691267752753       -2.4888765902762442E-014 -0.33955652754133858       0.78539817820998170     
   2.1449508835758024E-013 -0.41945130724169033       -2.4061248500766470E-014 -0.33758112328902889       0.78539817820998170     
  -2.8821389719269064E-013 -0.41588545660258802       -2.5968439302073854E-014 -0.33723247125035982       0.78539817820998203     
   9.7699626167013776E-014 -0.41411247201625656       -2.0631323750859012E-014 -0.33822636151928087       0.78539817820998237     
  -1.7763568394002505E-015 -0.41368692348100922       -2.5153436321177904E-014 -0.34022719199598228       0.78539817820998270     
   7.3718808835110394E-014 -0.41411186778488585       -3.1218297876537685E-014 -0.34284487178657308       0.78539817820998303     
  -1.0969003483296547E-013 -0.41483503783287290       -2.7730978202258603E-014 -0.34563111602523655       0.78539817820998326     
   2.1049828546892968E-013 -0.41525138272038120       -1.7837152486719250E-014 -0.34808114955429836       0.78539817820998370     
   4.3964831775156199E-014 -0.41471734636876789       -2.5734852059733490E-014 -0.34964560274009671       0.78539817820998414     
  -4.5741188614556449E-014 -0.41257862825789715       -2.8737216919538802E-014 -0.34975445537580896       0.78539817820998448     
  -2.2559731860383181E-013 -0.40820886010263280       -2.2605560909864597E-014 -0.34785120010007198       0.78539817820998481     
   2.3092638912203256E-014 -0.40105301416187800       -3.3699372495801866E-014 -0.34343212340518114       0.78539817820998514     
   1.0080825063596421E-013 -0.39066754228656464       -2.3172519113782446E-014 -0.33608376627894643       0.78539817820998548     
   6.7501559897209518E-014 -0.37674975326964955       -3.1332162298195935E-014 -0.32551178682497373       0.78539817820998581     
   3.0198066269804258E-014 -0.35915156164262996       -2.8218682446257695E-014 -0.31155652733007599       0.78539817820998614     
  -1.5099033134902129E-013 -0.33787663483454367       -2.2516983043066863E-014 -0.29419391622332469       0.78539817820998603     
  -1.5454304502782179E-013 -0.31306392383631021       -2.3834445992029553E-014 -0.27352387198979677       0.78539817820998636     
   5.3290705182007514E-015 -0.28496341034441741       -2.0634720850800766E-014 -0.24975105165497524       0.78539817820998636     
  -1.3988810110276972E-013 -0.25391085145756875       -2.2973317746599454E-014 -0.22316383428887754       0.78539817820998648     
  -7.0166095156309893E-014 -0.22030717225416296       -2.6510552706597900E-014 -0.19411661500224398       0.78539817820998703     
  -7.1054273576010019E-014 -0.18460540926210456       -1.9108541620100682E-014 -0.16301816036787109       0.78539817820998692     
   9.7255536957163713E-014 -0.14730468370181526       -2.6737216312148711E-014 -0.13032575663960877       0.78539817820998681     
  -1.0480505352461478E-013 -0.10894769580973929       -2.8192547830421944E-014  -9.6542175767897476E-002  0.78539817820998703     
   2.2204460492503131E-014  -7.0116618654591178E-002  -1.5486913307042864E-014  -6.2210969901284940E-002  0.78539817820998681     
  -2.3536728122053319E-014  -3.1422508774340940E-002  -2.7924394539814842E-014  -2.7905756581709795E-002  0.78539817820998703     
  -4.5741188614556449E-014   6.5146765506334248E-003  -3.4919003700005425E-014   5.7890979351302718E-003  0.78539817820998703     
   5.1514348342607263E-014   4.3095320657407399E-002  -1.8062199716359435E-014   3.8306234637223824E-002  0.78539817820998681     
   1.6076029396572267E-013   7.7775375804041147E-002  -2.3932026804419476E-014   6.9128465072898493E-002  0.78539817820998692     
  -1.3233858453531866E-013  0.11010206260431232       -2.5005654122932719E-014   9.7822241934476750E-002  0.78539817820998692     
  -3.1086244689504383E-015  0.13974385441672155       -2.7376183598593251E-014  0.12406571190199500       0.78539817820998659     
   1.9451107391432743E-013  0.16650964044599803       -3.1744095942904065E-014  0.14766661861233743       0.78539817820998636     
   3.8635761256955448E-014  0.19035442826370286       -2.8793987202604892E-014  0.16856760253120484       0.78539817820998636     
  -8.7929663550312398E-014  0.21137203064389709       -2.2919625242936610E-014  0.18683929443623803       0.78539817820998614     
   1.1102230246251565E-014  0.22977795838203008       -2.5671343663083980E-014  0.20266415929294901       0.78539817820998614     
   2.0339285811132868E-013  0.24588741598768138       -2.6082026298589001E-014  0.21631558148836127       0.78539817820998592     
   5.5511151231257827E-014  0.26009344194746831       -2.7801672619522648E-014  0.22813680110914802       0.78539817820998570     
  -2.0872192862952943E-014  0.27284890035553033       -1.9194154206568947E-014  0.23852307623408109       0.78539817820998548     
   2.1627144519698049E-013  0.28465371524098870       -1.9033464724994130E-014  0.24790833644795995       0.78539817820998559     
  -7.7271522513910895E-014  0.29604622305971873       -2.3897595555947421E-014  0.25675533839301323       0.78539817820998525     
   7.2386541205560206E-014  0.30759561573213645       -2.8624642251395019E-014  0.26554667987032232       0.78539817820998536     
  -7.2386541205560206E-014  0.31989174939781506       -2.6055274555613542E-014  0.27477349730630607       0.78539817820998525     
  -1.9184653865522705E-013  0.33352929702109790       -2.9358266374582653E-014  0.28491940315605291       0.78539817820998503     
   2.4469315462738450E-013  0.34908507119821408       -2.4143675207067411E-014  0.29643894071193699       0.78539817820998492     
   4.7517545453956700E-014  0.36708972625220682       -2.4267539020675506E-014  0.30973195652530094       0.78539817820998514     
  -6.3504757008558954E-014  0.38799720078988287       -1.8246746760442399E-014  0.32511711343896366       0.78539817820998481     
  -2.7666757773658901E-013  0.41215650877179755       -2.5197969555858754E-014  0.34280870323189205       0.78539817820998459     
   2.3447910280083306E-013  0.43979045167368014       -2.9505249037555341E-014  0.36290067758382349       0.78539817820998459     
  -1.3722356584366935E-013  0.47098453265978790       -2.8597282334432554E-014  0.38536048659130095       0.78539817820998414     
   5.3734794391857577E-014  0.50568721148141549       -1.5038814138875672E-014  0.41003331488463246       0.78539817820998414     
   9.4146912488213275E-014  0.54372029210971107       -3.4440553391259413E-014  0.43665524194979888       0.78539817820998337     
   3.5083047578154947E-013  0.58479636517855837       -3.0391646938590382E-014  0.46487232077048191       0.78539817820998381     
  -1.7674750552032492E-013  0.62853934487436192       -2.6546948562186897E-014  0.49426197047147369       0.78539817820998326     
   8.7485574340462335E-014  0.67450443762687939       -2.5637491938736458E-014  0.52435351064508495       0.78539817820998292     
  -1.2434497875801753E-013  0.72219518703990992       -2.1241217378965164E-014  0.55464590364664801       0.78539817820998270     
  -1.7852386235972517E-013  0.77107708492788163       -3.3528338545083713E-014  0.58462235671365725       0.78539817820998215     
   2.9665159217984183E-013  0.82058900514406652       -2.4610777166307802E-014  0.61376282875352217       0.78539817820998226     
  -9.2370555648813024E-014  0.87015483724498210       -3.0874278380590890E-014  0.64155624241364251       0.78539817820998192     
   2.2781776465308212E-013  0.91919782691160457       -1.9671880742465151E-014  0.66751410832058866       0.78539817820998170     
   1.5543122344752192E-014  0.96715925190245855       -2.1713950895834248E-014  0.69118640411741694       0.78539817820998159     
   1.8074430840897548E-013   1.0135214802126953       -1.3370038137594489E-014  0.71217924667289623       0.78539817820998148     
  -1.9007018181582680E-013   1.0578336926383702       -1.9450896948188819E-014  0.73017261538629086       0.78539817820998126     
  -2.4469315462738450E-013   1.0997371730240637       -3.3850787308772603E-014  0.74493556731435007       0.78539817820998126     
  -3.5083047578154947E-014   1.1389865113572153       -2.7291831466746425E-014  0.75633630470780666       0.78539817820998148     
  -6.3948846218409017E-014   1.1754634996000206       -3.9820147682810187E-014  0.76434514061491221       0.78539817820998126     
   1.6253665080512292E-013   1.2091817927398889       -2.9592712194249672E-014  0.76902964443277710       0.78539817820998159     
   1.3722356584366935E-013   1.2402821699859903       -2.6774123040437494E-014  0.77054266205417221       0.78539817820998192     
   1.5365486660812167E-013   1.2690199491756307       -3.1867758191578317E-014  0.76910508569226543       0.78539817820998215     
   1.8340884366807586E-013   1.2957473011525469       -2.6343484311467004E-014  0.76498588314903770       0.78539817820998226     
  -8.8817841970012523E-016   1.3208935764419643       -2.3570713490324496E-014  0.75848185834753323       0.78539817820998248     
  -5.5022653100422758E-013   1.3449462508181345       -3.5312232501855674E-014  0.74989899117616154       0.78539817820998303     
   3.1974423109204508E-013   1.3684339403087069       -2.8829757203522322E-014  0.73953625429981606       0.78539817820998359     
   2.1627144519698049E-013   1.3919115381023843       -2.9267725670070466E-014  0.72767186535839024       0.78539817820998381     
  -5.5511151231257827E-014   1.4159463500989169       -2.3965037850631240E-014  0.71455130780542842       0.78539817820998448     
   1.0125233984581428E-013   1.4411035264760521       -2.0235021205539546E-014  0.70037631386735466       0.78539817820998481     
   6.8833827526759706E-014   1.4679292744697836       -3.0722947397418582E-014  0.68529434119288624       0.78539817820998525     
   4.4853010194856324E-014   1.4969312117803746       -3.6386762720930880E-014  0.66938871769667063       0.78539817820998581     
   4.7295500849031669E-013   1.5285564822042463       -2.4152833346637988E-014  0.65267030741485588       0.78539817820998636     
   8.1712414612411521E-014   1.5631694886816661       -2.1190427914539512E-014  0.63507199450567065       0.78539817820998725     
   2.3314683517128287E-013   1.6010319037866907       -1.8725213140458672E-014  0.61644731520486307       0.78539817820998781     
  -8.8817841970012523E-016   1.6422877332742516       -2.4173795860705880E-014  0.59657415741373132       0.78539817820998836     
  -2.0072832285222830E-013   1.6869555895911397       -3.5804348232426616E-014  0.57516371262101806       0.78539817820998870     
  -5.3157478419052495E-013   1.7349291564292209       -3.2679775066020440E-014  0.55187402494350390       0.78539817820998925     
   3.1530333899354446E-013   1.7859854293908484       -3.2693745382933750E-014  0.52632678056697380       0.78539817820999036     
  -6.6613381477509392E-015   1.8397990931035864       -2.9626684863998505E-014  0.49812560445778686       0.78539817820999080     
   7.3718808835110394E-014   1.8959606670846920       -2.2180921397235135E-014  0.46687415239743135       0.78539817820999147     
  -1.5898393712632242E-013   1.9539959870614254       -3.1608344400445257E-014  0.43219264840218896       0.78539817820999236     
   2.0694557179012918E-013   2.0133851466606476       -2.5164984630857435E-014  0.39373206247179438       0.78539817820999325     
   3.2729374765949615E-013   2.0735799825425865       -3.9840299840336257E-014  0.35118565300336790       0.78539817820999414     
   1.8607337892717624E-013   2.1340202098878418       -1.2845057948662684E-014  0.30429794430368640       0.78539817820999525     
  -2.1138646388862981E-013   2.1941490671228419       -2.6645470609063684E-014  0.25287129168776445       0.78539817820999602     
  -2.6290081223123707E-013   2.2534295732615455       -3.6678844581313489E-014  0.19677003369458257       0.78539817820999713     
   2.6645352591003757E-015   2.3113621755921283       -2.5917886687696708E-014  0.13592196409785995       0.78539817820999847     
   2.2515322939398175E-013   2.3675037938216388       -2.8765453218080425E-014   7.0316638304336876E-002  0.78539817820999958     
   2.6689761511988763E-013   2.4214873154585668       -2.0816709939620958E-014  -1.1828920274423369E-014  0.78539817821000102     
