 force-1force-2force-3workmass
  -3.9968028886505635E-015   1.0658141036401503E-014  -2.1490512560269842E-014   0.0000000000000000       0.78539817820995317     
   1.3636070050893068E-010  -2.9155740705739674E-003  -2.5357474776310058E-014  -1.2792472612039966E-006  0.78539817820995861     
  -1.2937248561328829E-007  -8.9161689356735963E-003  -2.0826830351387640E-014  -1.4210052384970237E-005  0.78539817820993330     
  -6.8135045383499460E-007  -1.7693016461119981E-002  -2.3986122874634551E-014  -5.8956385288678331E-005  0.78539817821020985     
  -2.0210314297663956E-006  -2.9111803414131998E-002  -2.3988981551865049E-014  -1.6248857627265689E-004  0.78539817821008628     
  -4.5913550041909446E-006  -4.3080656875886802E-002  -2.3706511325113741E-014  -3.5726532063631855E-004  0.78539817821101177     
  -8.8935647153398634E-006  -5.9522747971065826E-002  -2.3612770604390462E-014  -6.8036501333090804E-004  0.78539817821072266     
  -1.5466021840104816E-005  -7.8364944794220293E-002  -2.7123713197233723E-014  -1.1727643483238903E-003  0.78539817821263824     
  -2.4853692326409771E-005  -9.9527091405271051E-002  -2.6189976460712109E-014  -1.8786343040329279E-003  0.78539817821212177     
  -3.7570241260720394E-005 -0.12290977399306158       -2.5622465075535357E-014  -2.8445396811851154E-003  0.78539817821533919     
  -5.4047681840252437E-005 -0.14838167617868336       -2.3935722308845914E-014  -4.1184597810111079E-003  0.78539817821453894     
  -7.4582769196140930E-005 -0.17576498504248050       -2.2410783733382110E-014  -5.7485350759489129E-003  0.78539817821935176     
  -9.9271786463184242E-005 -0.20481813923403180       -2.2369294240670653E-014  -7.7814281891329662E-003  0.78539817821820856     
  -1.2795231435136500E-004 -0.23521958115792074       -2.5487887379148102E-014  -1.0260264502102268E-002  0.78539817822491143     
  -1.6015056797380467E-004 -0.26656049456385489       -2.3771565378169879E-014  -1.3222314109016753E-002  0.78539817822336233     
  -1.9506861215479177E-004 -0.29835421192914424       -2.4006084247240807E-014  -1.6696815887694116E-002  0.78539817823227231     
  -2.3160552559708947E-004 -0.33006445996122480       -2.5414374861609542E-014  -2.0703443279880607E-002  0.78539817823024272     
  -2.6843031218470870E-004 -0.36114690199975641       -2.7430094768590378E-014  -2.5251795186119197E-002  0.78539817824171188     
  -3.0407447165359258E-004 -0.39109325484363211       -2.6795126801575226E-014  -3.0341977022787292E-002  0.78539817823911939     
  -3.3703660739892172E-004 -0.41946714781219896       -2.4930954032670425E-014  -3.5966025727687256E-002  0.78539817825352110     
  -3.6587327485948506E-004 -0.44592499763222548       -2.8715353034632508E-014  -4.2109723678501521E-002  0.78539817825028058     
  -3.8926735000366364E-004 -0.47022115817124899       -2.5419991922227900E-014  -4.8754387275294242E-002  0.78539817826798541     
  -4.0608993798718629E-004 -0.49220104861829483       -2.7772037864501856E-014  -5.5878352945191834E-002  0.78539817826401437     
  -4.1543611863792407E-004 -0.51178841770619954       -2.3707105554555072E-014  -6.3458149219642435E-002  0.78539817828537772     
  -4.1668812934103627E-004 -0.52897207706859817       -2.3926600495754097E-014  -7.1469467210497406E-002  0.78539817828059588     
  -4.0953987565384153E-004 -0.54379599742064499       -2.4568351131975489E-014  -7.9888180500363726E-002  0.78539817830596470     
  -3.9406662218643973E-004 -0.55635361920730730       -2.7788092257807156E-014  -8.8691557259834575E-002  0.78539817830029035     
  -3.7071414316258711E-004 -0.56678592487515900       -2.5657704287978812E-014  -9.7859787804306375E-002  0.78539817829404257     
  -3.4031618011365339E-004 -0.57528088305078029       -2.5608231026006719E-014 -0.10737772067317453       0.78539817828728720     
  -3.0402807154539246E-004 -0.58207214489798176       -2.4250130446540546E-014 -0.11723664609953577       0.78539817828000125     
  -2.6323383797732802E-004 -0.58743496674333784       -2.3754010640183467E-014 -0.12743584984274925       0.78539817828000458     
  -2.1941416352166954E-004 -0.59167832789178121       -2.7495858505752030E-014 -0.13798365949023639       0.78539817828000880     
  -1.7399543604712520E-004 -0.59513335407617163       -2.6595754114339376E-014 -0.14889778162019729       0.78539817828001268     
  -1.2819854344314763E-004 -0.59813900876021187       -2.4150141856448557E-014 -0.16020482265534097       0.78539817828001735     
  -8.2905171273850442E-005 -0.60102672143470137       -2.4398380615342912E-014 -0.17193903783796793       0.78539817828002223     
  -3.8553161989973717E-005 -0.60410572965641940       -2.9166379773294173E-014 -0.18414046038200116       0.78539817828002700     
   4.9356033748892969E-006 -0.60765063916804252       -2.8476050714074096E-014 -0.19685263290387311       0.78539817828003267     
   4.8197507799940809E-005 -0.61189212759302514       -2.4761285073502590E-014 -0.21012017170953978       0.78539817828003811     
   9.2444535144231565E-005 -0.61701104411112340       -2.7107990285077235E-014 -0.22398635147343171       0.78539817828004432     
   1.3945906638213046E-004 -0.62313558290486348       -2.7970801961503096E-014 -0.23849082630306828       0.78539817828005054     
   1.9156302769207656E-004 -0.63034086192721439       -2.4098134462000429E-014 -0.25366753188905378       0.78539817828005742     
   2.5155248782215978E-004 -0.63865016038269218       -2.5028741092573724E-014 -0.26954276646913344       0.78539817828006475     
   3.2258579610999760E-004 -0.64803721327764130       -2.5665447877110644E-014 -0.28613343769697108       0.78539817828007241     
   4.0801519849420487E-004 -0.65842922996314357       -2.5038026748255655E-014 -0.30344548584749154       0.78539817828008063     
   5.1115890132180652E-004 -0.66971058166346964       -2.4901278290593490E-014 -0.32147253708162715       0.78539817828008907     
   6.3502124807701676E-004 -0.68172729782211050       -2.5670709826177123E-014 -0.34019488409378251       0.78539817828009784     
   7.8198018819275461E-004 -0.69429257348059714       -2.5850567840121343E-014 -0.35957891708546796       0.78539817828010750     
   9.5347040981774711E-004 -0.70719341942513658       -2.5340554751579046E-014 -0.37957712430665058       0.78539817828011782     
   1.1496949131624135E-003 -0.72019842244807464       -2.8611808288940180E-014 -0.40012874672512488       0.78539817828012870     
   1.3693964420617988E-003 -0.73306638470560159       -2.2499326628236014E-014 -0.42116111325758165       0.78539817828013980     
   1.6097137507005144E-003 -0.74555543912483024       -2.4539899981724767E-014 -0.44259161497715738       0.78539817828015190     
   1.8661381827111967E-003 -0.75743213610292237       -2.7912978141771934E-014 -0.46433021386655149       0.78539817828016445     
   2.1325760821540030E-003 -0.76847998379578186       -2.8414161059405938E-014 -0.48628233619794958       0.78539817828017777     
   2.4015143855438126E-003 -0.77850699258234890       -2.3792571057260175E-014 -0.50835197880576910       0.78539817828019176     
   2.6642815878803461E-003 -0.78735189690968355       -2.3105739697633514E-014 -0.53044485792291152       0.78539817828020664     
   2.9113940088247858E-003 -0.79488886941474135       -2.4650282275986522E-014 -0.55247144890735989       0.78539817828022263     
   3.1329766374499357E-003 -0.80103067032981734       -2.5935395023687824E-014 -0.57434979222173332       0.78539817828023906     
   3.3192469830423121E-003 -0.80573026817474158       -2.3102215251132663E-014 -0.59600796781190457       0.78539817828025660     
   3.4610477161063358E-003 -0.80898101881744111       -2.5781819494285033E-014 -0.61738616072919683       0.78539817828027503     
   3.5504086656477085E-003 -0.81081550588701212       -2.3916459102305125E-014 -0.63843825370049423       0.78539817828029479     
   3.5811114209671757E-003 -0.81130314162768435       -2.5175216436678807E-014 -0.65913288948886883       0.78539817828031544     
   3.5492218404629128E-003 -0.81054662126945409       -2.6847717823429915E-014 -0.67945395195971869       0.78539817828033753     
   3.4535493507394932E-003 -0.80867732980551565       -3.1189056379623158E-014 -0.69940042484905618       0.78539817828036063     
   3.2959891095991622E-003 -0.80584982430761798       -2.7467750119514349E-014 -0.71898560504102704       0.78539817828038505     
   3.0817052925211641E-003 -0.80223555586150397       -2.7733796241110858E-014 -0.73823567376758437       0.78539817828041114     
   2.8191213303063734E-003 -0.79801604458974218       -3.0088635674543121E-014 -0.75718766271063931       0.78539817828043801     
   2.5196950747794489E-003 -0.79337576757653316       -2.8555302668544705E-014 -0.77588688852143051       0.78539817828046687     
   2.1974720056991970E-003 -0.78849505184645174       -2.5363999936938331E-014 -0.79438396374035669       0.78539817828049707     
   1.8684257203158694E-003 -0.78354327546177061       -2.4966335143416809E-014 -0.81273151995443005       0.78539817828052916     
   1.5496102878653772E-003 -0.77867266686197212       -2.7747976726005680E-014 -0.83098079712580120       0.78539817828056235     
   1.2581623284990684E-003 -0.77401295829452721       -2.9177763523964519E-014 -0.84917826030971266       0.78539817828059799     
   1.0102013582731217E-003 -0.76966709946806589       -2.8402006943871719E-014 -0.86736240215196680       0.78539817828063530     
   8.1968505526219815E-004 -0.76570817967679616       -2.8947096762781604E-014 -0.88556087860688315       0.78539817828067471     
   6.9728195657070557E-004 -0.76217764717265801       -2.8001363132540239E-014 -0.90378810857344405       0.78539817828071645     
   6.4932797498151729E-004 -0.75908485799765835       -2.7005596624107167E-014 -0.92204344754570222       0.78539817828075986     
   6.7693487501863103E-004 -0.75640793487451496       -2.8133214151021751E-014 -0.94031002203863423       0.78539817828080594     
   7.7531798205932034E-004 -0.75409586997926681       -2.8751616999674664E-014 -0.95855428566227374       0.78539817828085434     
   9.3340601146074675E-004 -0.75207176243906382       -3.2191647507637205E-014 -0.97672632905318402       0.78539817828090530     
   1.1337871019065915E-003 -0.75023704110111211       -2.5660551500000726E-014 -0.99476094404434612       0.78539817828095904     
   1.3530313163698793E-003 -0.74847648548796997       -2.7840514133384013E-014  -1.0125794078004198       0.78539817828101566     
   1.5624110426077920E-003 -0.74666382416057608       -3.1392910196264528E-014  -1.0300919162478852       0.78539817828107505     
   1.7290176238979882E-003 -0.74466766238868587       -3.0189927087170338E-014  -1.0472005600895287       0.78539817828113723     
   1.8172466819930122E-003 -0.74235747314731171       -3.4063278387965730E-014  -1.0638027037798068       0.78539817828120295     
   1.7905979333860955E-003 -0.73960937977873975       -3.3540566684740417E-014  -1.0797946010455188       0.78539817828127190     
   1.6137100623243583E-003 -0.73631146704922656       -3.5246877838676148E-014  -1.0950750625482861       0.78539817828134428     
   1.2545294736323598E-003 -0.73236838024788753       -3.3402897612069885E-014  -1.1095489840723758       0.78539817828142044     
   6.8649528763486956E-004 -0.72770500836981356       -2.9197546065221301E-014  -1.1231305481020346       0.78539817828150049     
  -1.0938705425012074E-004 -0.72226909498750480       -2.9905417446283208E-014  -1.1357459276609116       0.78539817828158442     
  -1.1427139017161636E-003 -0.71603267603700971       -3.1883261460369971E-014  -1.1473353477799701       0.78539817828167224     
  -2.4122186653876554E-003 -0.70899230390271839       -3.6054538349694560E-014  -1.1578543951047120       0.78539817828176450     
  -3.9047871824955394E-003 -0.70116807846674867       -3.8488073336754738E-014  -1.1672745077539286       0.78539817828186087     
  -5.5950462527718514E-003 -0.69260156504056525       -3.1338631231846715E-014  -1.1755826231435247       0.78539817828196146     
  -7.4455917300610963E-003 -0.68335273353631543       -3.0373853098164691E-014  -1.1827800085948432       0.78539817828206715     
  -9.4078898715999060E-003 -0.67349610039573093       -2.8190466400025687E-014  -1.1888803455420582       0.78539817828217751     
  -1.1423848271997272E-002 -0.66311629254464854       -2.4379407510383816E-014  -1.1939071806720243       0.78539817828229253     
  -1.3428012423254643E-002 -0.65230327899717544       -2.1958569549758563E-014  -1.1978908936947139       0.78539817828241287     
  -1.5350302943105021E-002 -0.64114752922062657       -2.3438620669530782E-014  -1.2008653596530454       0.78539817828253788     
  -1.7119169575099846E-002 -0.62973535679008741       -1.8674720765096814E-014  -1.2028645015021997       0.78539817828266845     
  -1.8665003982452077E-002 -0.61814469188969134       -2.1590661780592400E-014  -1.2039189348287369       0.78539817828280412     
  -1.9923626964683194E-002 -0.60644149728490859       -1.5951211969454088E-014  -1.2040529001968316       0.78539817828294534     
  -2.0839649486980250E-002 -0.59467700088353048       -2.0757526998117956E-014  -1.2032816597174758       0.78539817828309233     
  -2.1369502716847677E-002 -0.58288586632166783       -2.0069120493438489E-014  -1.2016095040277364       0.78539817828324465     
  -2.1483941151050345E-002 -0.57108536428613466       -2.4524662509815502E-014  -1.1990284757203149       0.78539817828340364     
  -2.1169845070662774E-002 -0.55927554529515078       -3.3679132190298386E-014  -1.1955178679722689       0.78539817828356773     
  -2.0431183233004191E-002 -0.54744035334495855       -3.8872144520132593E-014  -1.1910445057396704       0.78539817828373804     
  -1.9289042260879796E-002 -0.53554956337739945       -3.2980411926082506E-014  -1.1855637651827671       0.78539817828391500     
  -1.7780683227517358E-002 -0.52356137741942010       -3.6239218629591410E-014  -1.1790212382041849       0.78539817828409775     
  -1.5957645336794002E-002 -0.51142547788853676       -3.2654237136068989E-014  -1.1713549071142895       0.78539817828428704     
  -1.3882977812240682E-002 -0.49908631410922055       -4.0518392562564738E-014  -1.1624976620876719       0.78539817828448277     
  -1.1627740191237024E-002 -0.48648639123510495       -4.4020004711794708E-014  -1.1523799742603815       0.78539817828468506     
  -9.2669641591349716E-003 -0.47356933985430327       -4.1495176179734521E-014  -1.1409325313774747       0.78539817828489411     
  -6.8753128868088709E-003 -0.46028256901037778       -4.3131550753755118E-014  -1.1280886517307813       0.78539817828510949     
  -4.5227031265326900E-003 -0.44657934350554607       -3.8783030529963203E-014  -1.1137863152569514       0.78539817828533165     
  -2.2701682003365420E-003 -0.43242017543325328       -4.4303929209108905E-014  -1.0979696864942987       0.78539817828556036     
  -1.6623481005595409E-004 -0.41777347635847883       -4.2821777884926029E-014  -1.0805900499438836       0.78539817828579628     
   1.7559374305697872E-003 -0.40261547622125504       -4.2433837323301092E-014  -1.0616061305949973       0.78539817828603842     
   3.4804467303217734E-003 -0.38692947336589878       -5.0716377077868415E-014  -1.0409838267052676       0.78539817828628766     
   5.0094209458748651E-003 -0.37070453253423996       -5.1420996183088703E-014  -1.0186954336267289       0.78539817828654268     
   6.3625914905323100E-003 -0.35393379015350956       -4.5765756537971170E-014 -0.99471848224356840       0.78539817828680480     
   7.5756685185126571E-003 -0.33661255530029544       -5.6177289888435765E-014 -0.96903434920806930       0.78539817828707281     
   8.6975974334464468E-003 -0.31873640800952496       -5.1981741159634781E-014 -0.94162681574001583       0.78539817828734781     
   9.7868546942230239E-003 -0.30029949292584268       -4.7798646443091893E-014 -0.91248075527270167       0.78539817828762803     
   1.0907010231193226E-002 -0.28129318584267171       -4.3235503299512319E-014 -0.88158111720489174       0.78539817828791492     
   1.2121839266317380E-002 -0.26170527508286412       -4.2132281466541767E-014 -0.84891234555974338       0.78539817828820702     
   1.3490303591726871E-002 -0.24151975164305384       -4.2931610128155371E-014 -0.81445832953948472       0.78539817828850444     
   1.5061738118674839E-002 -0.22071724561748951       -4.5152197226463788E-014 -0.77820293178426003       0.78539817828880798     
   1.6871571043580502E-002 -0.19927608618139647       -3.9062353822901868E-014 -0.74013108372438863       0.78539817828911596     
   1.8937875195216947E-002 -0.17717390355309348       -3.6205929879706473E-014 -0.70023038103754009       0.78539817828942904     
   2.1258995708649309E-002 -0.15438963889092161       -3.0871778934524368E-014 -0.65849306098632554       0.78539817828974623     
   2.3812428349451409E-002 -0.13090578668095354       -3.2428241131463419E-014 -0.61491820193951652       0.78539817829006808     
   2.6555038612393389E-002 -0.10671066766681303       -4.3967200904173260E-014 -0.56951395783797243       0.78539817829039282     
   2.9424619989093515E-002  -8.1800521290737116E-002  -4.5935151561396025E-014 -0.52229962940248598       0.78539817829072178     
   3.2342697297867318E-002  -5.6181216093730058E-002  -4.0489452813221211E-014 -0.47330738094097402       0.78539817829105363     
   3.5218394544976661E-002  -2.9869404086792173E-002  -3.5377344078708447E-014 -0.42258343636565199       0.78539817829138858     
   3.7953112883158724E-002  -2.8929887283322131E-003  -3.0972077062531285E-014 -0.37018862880903480       0.78539817829172520     
   4.0445708578655371E-002   2.4709167836146406E-002  -4.0794311329520903E-014 -0.31619823140625058       0.78539817829206449     
   4.2597827873326111E-002   5.2888308727348843E-002  -4.5253517468761977E-014 -0.26070105808941335       0.78539817829240466     
   4.4319047661222299E-002   8.1587561870161807E-002  -4.9205328581590449E-014 -0.20379788686007494       0.78539817829274672     
   4.5531488639959150E-002  0.11074431692078868       -4.9196752695744508E-014 -0.14559931852248464       0.78539817829308900     
   4.6173609588574749E-002  0.14029302796309295       -4.8551892587284028E-014  -8.6223235404157883E-002  0.78539817829343139     
   4.6202954447412736E-002  0.17016823094935241       -5.2719264210807989E-014  -2.5792062194617493E-002  0.78539817829377334     
   4.5597702864569101E-002  0.20030754319433441       -5.2524498035844184E-014   3.5569948938862339E-002  0.78539817829411518     
   4.4356963602442789E-002  0.23065441058206915       -5.4125379731326917E-014   9.7739186685331880E-002  0.78539817829445568     
   4.2499841531558502E-002  0.26116038690678245       -6.9270252403342811E-014  0.16059470028401268       0.78539817829479408     
   4.0063395780148170E-002  0.29178676757228139       -7.1517440336246446E-014  0.22401960728812664       0.78539817829513048     
   3.7099682195886885E-002  0.32250545360068728       -6.5708098251846943E-014  0.28790178026677893       0.78539817829546432     
   3.3672131923378146E-002  0.35329898703567508       -6.2847660700424849E-014  0.35213376784597372       0.78539817829579484     
   2.9851555244050587E-002  0.38415976962470388       -6.0370821151898370E-014  0.41661197449208487       0.78539817829612180     
   2.5712073488255882E-002  0.41508854698870579       -6.6534807735999015E-014  0.48123519040310470       0.78539817829644565     
   2.1327271389063540E-002  0.44609230404598677       -6.5937915837323948E-014  0.54590262145850232       0.78539817829676406     
   1.6766829251476878E-002  0.47718176855072869       -6.3721154794972279E-014  0.61051161377601382       0.78539817829707792     
   1.2093842291553969E-002  0.50836875361746792       -7.0504020744275028E-014  0.67495529373253760       0.78539817829738667     
   7.3629683453244610E-003  0.53966358398148273       -6.3730078008171951E-014  0.73912035002165410       0.78539817829769021     
   2.6194708299573932E-003  0.57107284303070927       -7.8553554583989520E-014  0.80288516852819392       0.78539817829798753     
  -2.1008519986835950E-003  0.60259764920831671       -7.8208743619452415E-014  0.86611849560937060       0.78539817829827863     
  -6.7709316003892184E-003  0.63423262345250109       -8.0415359408808959E-014  0.92867875360266439       0.78539817829856329     
  -1.1371028089737223E-002  0.66596564822551585       -7.9592113292935466E-014  0.99041406954070510       0.78539817829884184     
  -1.5886849461143271E-002  0.69777844879024542       -8.0756430071033050E-014   1.0511630099122549       0.78539817829911285     
  -2.0307403968487847E-002  0.72964795479947853       -7.7495169607077606E-014   1.1107559473760809       0.78539817829937708     
  -2.4622805801897130E-002  0.76154833155969470       -7.3228752930992667E-014   1.1690169260646233       0.78539817829963399     
  -2.8822242233282225E-002  0.79345351133207842       -8.6543387094674459E-014   1.2257658458227176       0.78539817829988379     
  -3.2892281207217877E-002  0.82534001101804577       -8.5141321206154686E-014   1.2808207567686090       0.78539817830012626     
  -3.6815655545975545E-002  0.85718979716942556       -9.8379983262583449E-014   1.3340000463499084       0.78539817830036140     
  -4.0570608116000884E-002  0.88899295447335547       -9.1362429875349810E-014   1.3851243121507508       0.78539817830058933     
  -4.4130826475999640E-002  0.92074992990579574       -8.4045849345260110E-014   1.4340177437995276       0.78539817830080971     
  -4.7465940911026294E-002  0.95247315997218251       -8.5745945461823539E-014   1.4805088832873956       0.78539817830102288     
  -5.0542511222366748E-002  0.98418793945392125       -7.3074042582011052E-014   1.5244306901321956       0.78539817830122916     
  -5.3325389057953920E-002   1.0159324522078812       -8.5973657991487758E-014   1.5656199007662615       0.78539817830142800     
  -5.5779316810872892E-002   1.0477569522988404       -7.1396831177296350E-014   1.6039157341014736       0.78539817830162018     
  -5.7870612532994414E-002   1.0797221512302393       -6.5585513396616438E-014   1.6391580518779314       0.78539817830180525     
  -5.9568793015965404E-002   1.1118969284548790       -6.9066197974141738E-014   1.6711851278492631       0.78539817830198433     
  -6.0848002804697821E-002   1.1443555328020842       -8.7531538255330743E-014   1.6998312104220616       0.78539817830215675     
  -6.1688143102324844E-002   1.1771744778316844       -8.7311912816252610E-014   1.7249240765022140       0.78539817830232272     
  -6.2075628030817676E-002   1.2104293520800802       -6.6868234074157367E-014   1.7462827696548757       0.78539817830248282     
  -6.2003732855048455E-002   1.2441917646608474       -6.5726269186537506E-014   1.7637156940745182       0.78539817830263747     
  -6.1472535906844872E-002   1.2785266284807086       -6.3159074037648515E-014   1.7770192002100398       0.78539817830278691     
  -6.0488489564532344E-002   1.3134899496723627       -4.4694885663846919E-014   1.7859767519313117       0.78539817830293090     
  -5.9063682886958624E-002   1.3491272460263737       -2.8833940986137397E-014   1.7903587135822452       0.78539817830306957     
  -5.7214877520273877E-002   1.3854726635222967       -3.2682146318186135E-014   1.7899227432085567       0.78539817830320346     
  -5.4962408204568547E-002   1.4225488034075120       -3.3823124552198702E-014   1.7844147304029239       0.78539817830333347     
  -5.2329039596938687E-002   1.4603672173560724       -3.7684827097676182E-014   1.7735701778089776       0.78539817830345859     
  -4.9338863085772289E-002   1.4989294794436461       -3.2801754364669138E-014   1.7571158975147156       0.78539817830357961     
  -4.6016302479254145E-002   1.5382287046517149       -3.1314894811599433E-014   1.7347718792578188       0.78539817830369707     
  -4.2385278076241151E-002   1.5782513570131336       -3.9578088855445635E-014   1.7062531870555446       0.78539817830381053     
  -3.8468557087566246E-002   1.6189791778151985       -4.5581037990149723E-014   1.6712717536986599       0.78539817830392056     
  -3.4287297099705794E-002   1.6603910657138741       -5.1256064319000535E-014   1.6295379665630874       0.78539817830402692     
  -2.9860770430907291E-002   1.7024647552162833       -4.3561340227675498E-014   1.5807619703395703       0.78539817830413039     
  -2.5206242497712639E-002   1.7451781656991301       -3.0881790363992983E-014   1.5246546491001034       0.78539817830423009     
  -2.0338967794012008E-002   1.7885103273904832       -4.1584727647923917E-014   1.4609282878674943       0.78539817830432757     
  -1.5272263335879721E-002   1.8324418300239103       -2.3317539822441537E-014   1.3892969487947910       0.78539817830442171     
  -1.0017621150387290E-002   1.8769547809258071       -2.9746352219126766E-014   1.3094766262887467       0.78539817830451253     
  -4.5848278994089497E-003   1.9220322986104001       -2.8325669468620323E-014   1.2211852663750937       0.78539817830460124     
   1.0179302173871640E-003   1.9676576026854491       -2.0637917844005287E-014   1.1241427470618439       0.78539817830468628     
   6.7839869542158926E-003   2.0138127885358479       -1.9522930942503104E-014   1.0180709178397960       0.78539817830476921     
   1.2708136850399843E-002   2.0604773942709578       -1.0298416733277443E-014  0.90269378841607528       0.78539817830484893     
   1.8786582533140805E-002   2.1076268768950328       -1.1103848727651070E-014  0.77773794064820656       0.78539817830492609     
   2.5016863991232707E-002   2.1552311146853427       -9.8643595951804291E-016  0.64293321556171734       0.78539817830500036     
   3.1397738708369705E-002   2.2032530440604923       -7.8938593025660140E-015  0.49801370175875626       0.78539817830507230     
   3.7928978482934639E-002   2.2516475231330837       -1.6195715686682830E-015  0.34271902510102681       0.78539817830514103     
   4.4611049261808589E-002   2.3003604926781023       -5.9845829004171340E-015  0.17679591478742995       0.78539817830520731     
   5.1444644037087262E-002   2.3493284804764762       -2.4976385556408268E-015  -2.9686220262300590E-014  0.78539817830527048     
