 force-1force-2force-3workmass
   3.1086244689504383E-015  -6.6613381477509392E-015  -2.1618456724884413E-014   0.0000000000000000       0.78539909798813146     
  -1.3986407587651684E-009  -2.9153752542634415E-003  -1.6287352292995287E-014  -1.2791795423734535E-006  0.78539909798813212     
  -1.3231202000696385E-007  -8.9174443072281839E-003  -1.9167581108926238E-014  -1.4214109024776427E-005  0.78539909798813212     
  -6.7339809017852303E-007  -1.7693896753375071E-002  -2.3099128267033717E-014  -5.8962244749917458E-005  0.78539909798813390     
  -1.9673397209096777E-006  -2.9115585005182965E-002  -2.3009622800428061E-014  -1.6250348165298446E-004  0.78539909798813301     
  -4.4262105571846178E-006  -4.3094702372034277E-002  -2.3364095648576592E-014  -3.5732754690305166E-004  0.78539909798813778     
  -8.5150025408431418E-006  -5.9555459579379466E-002  -2.5347455797679510E-014  -6.8056525938856027E-004  0.78539909798813645     
  -1.4729675464231207E-005  -7.8417518233392602E-002  -2.4813318047057976E-014  -1.1732113722898105E-003  0.78539909798814578     
  -2.3570155740060272E-005  -9.9591675011432290E-002  -2.2409156477510484E-014  -1.8793916077559925E-003  0.78539909798814400     
  -3.5508499729886012E-005 -0.12297560603653546       -2.4746627913963564E-014  -2.8456144217634954E-003  0.78539909798815810     
  -5.0947607440843257E-005 -0.14844246151471152       -1.9410182897113136E-014  -4.1198713217488192E-003  0.78539909798815499     
  -7.0167776409224558E-005 -0.17582241555835587       -1.9154898629365345E-014  -5.7504188974474013E-003  0.78539909798817409     
  -9.3263111827557310E-005 -0.20488083636054411       -2.3451705786250293E-014  -7.7841121175365874E-003  0.78539909798817020     
  -1.2007702153349342E-004 -0.23529919197919380       -1.9436440753779996E-014  -1.0264274425348635E-002  0.78539909798819507     
  -1.5015206547142057E-004 -0.26666711060860182       -2.3132618568430494E-014  -1.3228303877299813E-002  0.78539909798819030     
  -1.8271283444848407E-004 -0.29849292552845030       -2.3188325682891660E-014  -1.6705448179553661E-002  0.78539909798822372     
  -2.1669321984196799E-004 -0.33023404058186845       -2.3027422893106306E-014  -2.0715271720483541E-002  0.78539909798821572     
  -2.5080643353980747E-004 -0.36134063108083669       -1.6738022087014497E-014  -2.5267190775366627E-002  0.78539909798826379     
  -2.8364096187205590E-004 -0.39130118540523862       -2.2433349257322280E-014  -3.0361124425976438E-002  0.78539909798825125     
  -3.1376055026077765E-004 -0.41967873277025713       -2.5131556058827585E-014  -3.5988977407520328E-002  0.78539909798831953     
  -3.3978982534410562E-004 -0.44613123410861322       -2.5735570461456832E-014  -4.2136487972298242E-002  0.78539909798830054     
  -3.6047906952907383E-004 -0.47041571171818131       -2.2148666916843047E-014  -4.8785006199708825E-002  0.78539909798839691     
  -3.7475238156314816E-004 -0.49238035507332967       -2.3161530935338745E-014  -5.5912948216565339E-002  0.78539909798837071     
  -3.8174911946065038E-004 -0.51195090040553248       -2.3674311525614779E-014  -6.3496909074218788E-002  0.78539909798850005     
  -3.8086741720855244E-004 -0.52911699096230347       -1.5940525043994697E-014  -7.1512590321373803E-002  0.78539909798846397     
  -3.7181043110878775E-004 -0.54392220009709913       -1.7348007548724554E-014  -7.9935779893740844E-002  0.78539909798863294     
  -3.5462899798188730E-004 -0.55645880774799128       -1.8068759295839224E-014  -8.8743575429017896E-002  0.78539909798858498     
  -3.2974554273801360E-004 -0.56686639495680469       -1.5876466237500686E-014  -9.7915935632216566E-002  0.78539909798879770     
  -2.9794606997013418E-004 -0.57533197485070531       -2.2668794832980017E-014 -0.10743748074231485       0.78539909798873775     
  -2.6032765412731251E-004 -0.58208915976096076       -2.4417138822440274E-014 -0.11729934252490992       0.78539909798899821     
  -2.1820288481455563E-004 -0.58741424700198053       -1.8905099923373700E-014 -0.12750076691571954       0.78539909798892404     
  -1.7296745547223935E-004 -0.59161822395226427       -1.5988338872204107E-014 -0.13805018806524028       0.78539909798923735     
  -1.2595188224784337E-004 -0.59503476143290213       -1.5301098065738174E-014 -0.14896554436764753       0.78539909798914775     
  -7.8273958222130346E-005 -0.59800541938950902       -1.6964739817314045E-014 -0.16027375845989633       0.78539909798951690     
  -3.0713834958451258E-005 -0.60086379011755442       -1.8207558026524003E-014 -0.17200942049101253       0.78539909798941054     
   1.6382659977498548E-005 -0.60392055581312976       -1.7475268222411695E-014 -0.18421286286307192       0.78539909798984087     
   6.3165935134446016E-005 -0.60745094880009498       -1.5319321479211218E-014 -0.19692784780179640       0.78539909798971619     
   1.1031961522789402E-004 -0.61168559278404988       -1.9812704232026451E-014 -0.21019912473662317       0.78539909799021257     
   1.5907338961218542E-004 -0.61680482969590189       -1.9480707796540638E-014 -0.22407002350498040       0.78539909799006691     
   2.1119993909524126E-004 -0.62293618654104410       -2.0000118350724874E-014 -0.23858021074701197       0.78539909799063645     
   2.6898620686388597E-004 -0.63015414945995918       -1.7010133864562591E-014 -0.25376361702413619       0.78539909799046725     
   3.3517414500394693E-004 -0.63848152146157489       -1.9040747680468581E-014 -0.26964654391882781       0.78539909799112118     
   4.1285129112367258E-004 -0.64789167441117490       -1.4712649880839125E-014 -0.28624590369338931       0.78539909799092389     
   5.0528571163477309E-004 -0.65831147179388605       -2.2063299565437099E-014 -0.30356762973644491       0.78539909799167607     
   6.1569606514444430E-004 -0.66962478159640959       -1.9999673222894980E-014 -0.32160528771789587       0.78539909799144525     
   7.4697136881107795E-004 -0.68167686004545125       -2.1516432340072103E-014 -0.34033902822893136       0.78539909799231544     
   9.0135527327372955E-004 -0.69427977101355642       -1.9801352805335323E-014 -0.35973498119130554       0.78539909799204466     
   1.0801312938455432E-003 -0.70721907797859895       -1.9889880767200944E-014 -0.37974525705677586       0.78539909799305963     
   1.2833367987170607E-003 -0.72026168265812274       -1.3100110627270440E-014 -0.40030860357071707       0.78539909799273933     
   1.5095439718355586E-003 -0.73316463904729190       -1.7065666800658378E-014 -0.42135178371958193       0.78539909799393004     
   1.7557250414075298E-003 -0.74568441021960852       -1.7168333749847071E-014 -0.44279158114576811       0.78539909799355123     
   2.0172224700583108E-003 -0.75758611915320651       -1.6774005063612329E-014 -0.46453736632335163       0.78539909799495500     
   2.2878199379361419E-003 -0.76865215511556539       -1.9097665305990817E-014 -0.48649401401692449       0.78539909799450525     
   2.5599175726069845E-003 -0.77868977692221142       -2.0506047285594688E-014 -0.50856504849016004       0.78539909799616137     
   2.8247941570729296E-003 -0.78753729254773752       -2.0412255892335124E-014 -0.53065578769678945       0.78539909799562890     
   3.0729556231605670E-003 -0.79506875442507385       -2.2981543786252994E-014 -0.55267639874506180       0.78539909799758023     
   3.2945503738539550E-003 -0.80119702697429251       -2.0952776628631287E-014 -0.57454468094108369       0.78539909799695395     
   3.4798522825361111E-003 -0.80587539325797497       -1.8085181595319699E-014 -0.59618855320154718       0.78539909799924157     
   3.6197869980783004E-003 -0.80909768121048442       -1.9560823801636631E-014 -0.61754810027189966       0.78539909799850971     
   3.7064956279615480E-003 -0.81089713164641308       -2.2944733204213222E-014 -0.63857719165336069       0.78539909800117846     
   3.7338951380183616E-003 -0.81134397472970976       -2.4437851091638560E-014 -0.65924453298735908       0.78539909800032759     
   3.6982146150625894E-003 -0.81054192215167142       -2.3049604396519882E-014 -0.67953418020025924       0.78539909800342156     
   3.5984485876721095E-003 -0.80862353128245745       -2.1364585390044775E-014 -0.69944538038229864       0.78539909800243968     
   3.4366993161762949E-003 -0.80574469063146514       -2.3260213117444002E-014 -0.71899180661353457       0.78539909800600505     
   3.2183466588593390E-003 -0.80207825314613157       -1.6498039135119774E-014 -0.73820008911327650       0.78539909800487928     
   2.9520313773190310E-003 -0.79780717562159287       -2.1787469661598427E-014 -0.75710778379096300       0.78539909800896401     
   2.6494092698801097E-003 -0.79311729192724800       -2.4124063613980076E-014 -0.77576074659626171       0.78539909800767971     
   2.3246937790393218E-003 -0.78819016701548550       -2.3368704248912821E-014 -0.79421013825881825       0.78539909801233498     
   1.9939737282932413E-003 -0.78319619839892107       -1.7868692142864893E-014 -0.81250908284804413       0.78539909801087793     
   1.6743583153484565E-003 -0.77828840802079524       -2.4719802324346351E-014 -0.83070925859947753       0.78539909801615804     
   1.3829607301056868E-003 -0.77359703360651999       -2.8435102149936276E-014 -0.84885745891921038       0.78539909801451224     
   1.1357983658379922E-003 -0.76922527259931084       -2.0485207688204937E-014 -0.86699241170535180       0.78539909802047803     
   9.4663524915716835E-004 -0.76524617325810573       -2.1161278159110485E-014 -0.88514187027248248       0.78539909801862540     
   8.2586118784178097E-004 -0.76170090717944183       -2.2445375727373244E-014 -0.90332024272860201       0.78539909802534480     
   7.7943933969049084E-004 -0.75859830234813752       -2.3339224735954793E-014 -0.92152672775356947       0.78539909802326402     
   8.0802650069067283E-004 -0.75591576566608121       -1.4822068038685064E-014 -0.93974418830755768       0.78539909803081565     
   9.0629574571643445E-004 -0.75360137967676311       -2.6244496257460012E-014 -0.95793867598671456       0.78539909802848573     
   1.0625653667544199E-003 -0.75157721453427762       -2.5383003368790861E-014 -0.97605979166975576       0.78539909803695485     
   1.2587467598699220E-003 -0.74974355853679264       -2.0123730647088531E-014 -0.99404172797045254       0.78539909803434926     
   1.4706969023672301E-003 -0.74798402795627350       -1.8792941797001844E-014  -1.0118051192520596       0.78539909804383390     
   1.6689498412274517E-003 -0.74617118700750107       -1.5451787421769175E-014  -1.0292594652230598       0.78539909804092578     
   1.8198745862783028E-003 -0.74417257296597705       -1.7955297121353137E-014  -1.0463061863131156       0.78539909805152719     
   1.8871781853810887E-003 -0.74185671117027141       -1.5353076236342286E-014  -1.0628419992246179       0.78539909804828945     
   1.8337530807235325E-003 -0.73909898802957641       -1.6708900044935450E-014  -1.0787626162704234       0.78539909806011199     
   1.6237291850487168E-003 -0.73578697160927797       -1.8626107575028572E-014  -1.0939664051386968       0.78539909805651686     
   1.2246884883246878E-003 -0.73182507843216649       -1.5833701865958105E-014  -1.1083579939369219       0.78539909806966168     
   6.0985876320529542E-004 -0.72713824015604622       -1.4645668672830150E-014  -1.1218514504939532       0.78539909806568464     
  -2.3977554638676679E-004 -0.72167455253089852       -1.4101928639633460E-014  -1.1343730482162266       0.78539909808024433     
  -1.3336467388063156E-003 -0.71540666886932858       -1.9017035481388194E-014  -1.1458632861412816       0.78539909807586450     
  -2.6701146198302439E-003 -0.70833203436909886       -1.3428262691479153E-014  -1.1562782431369065       0.78539909809191766     
  -4.2355041722901277E-003 -0.70047184999528334       -9.3573927938883805E-015  -1.1655900071743521       0.78539909808711772     
  -6.0036847717857000E-003 -0.69186897881884457       -1.3085780580838463E-014  -1.1737863513108575       0.78539909810472897     
  -7.9363390212217055E-003 -0.68258480266782584       -2.1422325547060595E-014  -1.1808694872629117       0.78539909809949604     
  -9.9838709319826080E-003 -0.67269533818773963       -2.4094622878626570E-014  -1.1868541645119990       0.78539909811871644     
  -1.2087035262457135E-002 -0.66228671198691869       -2.1681039628106197E-014  -1.1917650329559564       0.78539909811304054     
  -1.4179154912389969E-002 -0.65145036159706970       -2.5360252285291206E-014  -1.1956336180598295       0.78539909813390851     
  -1.6188929062673552E-002 -0.64027811006830060       -2.5406038393815405E-014  -1.1984948911214932       0.78539909812778219     
  -1.8043614919330153E-002 -0.62885748568491984       -1.6278749194367908E-014  -1.2003838302322301       0.78539909815033382     
  -1.9672513680916381E-002 -0.61726742792357214       -1.9257565895536143E-014  -1.2013319793234309       0.78539909814374842     
  -2.1010481036388029E-002 -0.60557469690407117       -1.7495089345458001E-014  -1.2013643992729639       0.78539909816802034     
  -2.2001350572145029E-002 -0.59383106581904554       -1.9946405726959731E-014  -1.2004969941508694       0.78539909816096742     
  -2.2600970469621728E-002 -0.58207150827076992       -2.1992931619127105E-014  -1.1987345541197323       0.78539909818700537     
  -2.2779746470501294E-002 -0.57031335848844522       -1.5915107199051935E-014  -1.1960694285587818       0.78539909817947118     
  -2.2524425425453742E-002 -0.55855652277723555       -2.0225464565932760E-014  -1.1924810792815381       0.78539909820733467     
  -2.1839068343550316E-002 -0.54678460625257896       -1.7281578552691951E-014  -1.1879363301375161       0.78539909819930132     
  -2.0745035243868060E-002 -0.53496690007349157       -2.0006636379287669E-014  -1.1823904475387987       0.78539909820475584     
  -1.9280007877931382E-002 -0.52306101774061453       -1.9006703466882161E-014  -1.1757888221581423       0.78539909820486664     
  -1.7496049992026030E-002 -0.51101597797759624       -1.5358224939404023E-014  -1.1680691468921736       0.78539909820486875     
  -1.5456763216521452E-002 -0.49877554580894135       -2.0576671441552370E-014  -1.1591639982637645       0.78539909820487053     
  -1.3233727616450253E-002 -0.48628154714723060       -2.1325512032624955E-014  -1.1490035147706665       0.78539909820487319     
  -1.0902391526434130E-002 -0.47347696617883361       -2.0211880501946349E-014  -1.1375180571332630       0.78539909820487519     
  -8.5376635798724010E-003 -0.46030861415199542       -1.8106700244307624E-014  -1.1246406346143827       0.78539909820487763     
  -6.2094748922429943E-003 -0.44672921127367982       -2.0747068546998891E-014  -1.1103089400166892       0.78539909820488019     
  -3.9785942582364342E-003 -0.43269877140563029       -1.9439265703406207E-014  -1.0944668675315494       0.78539909820488230     
  -1.8929734933870179E-003 -0.41818523671857744       -2.1756541533878788E-014  -1.0770654343874559       0.78539909820488440     
   1.5124781512554364E-005 -0.40316437009852546       -2.2610760981851687E-014  -1.0580630803576616       0.78539909820488751     
   1.7310077009682345E-003 -0.38761897225389719       -2.3054204664069926E-014  -1.0374253742552448       0.78539909820488940     
   3.2582910318472713E-003 -0.37153754359164193       -1.6887186326385210E-014  -1.0151242089218071       0.78539909820489251     
   4.6184180415700382E-003 -0.35491255379710118       -2.0558777456125348E-014 -0.99113661134105913       0.78539909820489495     
   5.8489597433597496E-003 -0.33773851121815879       -1.8732479016113530E-014 -0.96544332828622759       0.78539909820489839     
   7.0007802184131052E-003 -0.32001003721774590       -1.8786610260427597E-014 -0.93802736732808123       0.78539909820490084     
   8.1342299397038076E-003 -0.30172014646861056       -1.9353925759301007E-014 -0.90887267609803413       0.78539909820490339     
   9.3146003336541661E-003 -0.28285891294293819       -1.3686641602078543E-014 -0.87796312903856943       0.78539909820490728     
   1.0607128946416022E-002 -0.26341266469887126       -1.3697896815778202E-014 -0.84528196142327650       0.78539909820490972     
   1.2071882068438455E-002 -0.24336380143035052       -1.7099532236021008E-014 -0.81081174770257558       0.78539909820491316     
   1.3758857159539950E-002 -0.22269127109091347       -2.0564929871752565E-014 -0.77453496885012818       0.78539909820491638     
   1.5703639233497491E-002 -0.20137168052715948       -2.3177324186063757E-014 -0.73643515600137999       0.78539909820491960     
   1.7923913406197034E-002 -0.17938095517726804       -2.1639777295112248E-014 -0.69649854037443681       0.78539909820492326     
   2.0417081787386770E-002 -0.15669640967085119       -2.0486446099879748E-014 -0.65471608749266341       0.78539909820492704     
   2.3159160314992100E-002 -0.13329904936836368       -2.3718268331202066E-014 -0.61108575192773307       0.78539909820493037     
   2.6105044920539111E-002 -0.10917589630172131       -2.1747200738659196E-014 -0.56561476116338261       0.78539909820493436     
   2.9190142696316812E-002  -8.4322124269373688E-002  -1.8260162003281897E-014 -0.51832172657237319       0.78539909820493781     
   3.2333269348652660E-002  -5.8742798099060245E-002  -2.2856870466123250E-014 -0.46923838722118294       0.78539909820494147     
   3.5440626306820988E-002  -3.2454040745802715E-002  -2.5474248128035195E-014 -0.41841081796951096       0.78539909820494547     
   3.8410595820046023E-002  -5.4834968403874029E-003  -1.3347131757801715E-014 -0.36589997537831476       0.78539909820494946     
   4.1139036184534516E-002   2.2129981106844276E-002  -1.9795163633606549E-014 -0.31178150956301698       0.78539909820495279     
   4.3524726220902643E-002   5.0337432277457239E-002  -1.7754439229449026E-014 -0.25614483270012744       0.78539909820495712     
   4.5474600707338109E-002   7.9081613932778794E-002  -8.2635918349509253E-015 -0.19909149986647012       0.78539909820496112     
   4.6908437367719769E-002  0.10829943198858061       -1.0495786864768943E-014 -0.14073301933826299       0.78539909820496490     
   4.7762699746973114E-002  0.13792479882921338       -1.8949267865040607E-014  -8.1188261665887218E-002  0.78539909820496945     
   4.7993305284654841E-002  0.16789170174593426       -2.1176056250552587E-014  -2.0580674716958125E-002  0.78539909820497344     
   4.7577169064301983E-002  0.19813724400081334       -1.9748900541235726E-014   4.0964468414222299E-002  0.78539909820497744     
   4.6512464575399259E-002  0.22860441960234112       -2.4184931926461323E-014  0.10332256241382920       0.78539909820498177     
   4.4817636235581881E-002  0.25924440280551231       -1.6263205085350845E-014  0.16637169879643476       0.78539909820498610     
   4.2529287005280136E-002  0.29001817272063590       -2.2195729401055087E-014  0.22999406644412845       0.78539909820498988     
   3.9699141230270463E-002  0.32089734893208277       -2.4838743637145911E-014  0.29407661494482884       0.78539909820499398     
   3.6390342075971749E-002  0.35186418108994211       -1.6463500766430435E-014  0.35851093845159943       0.78539909820499798     
   3.2673380245378719E-002  0.38291070804615046       -1.3715609862887444E-014  0.42319240840917116       0.78539909820500253     
   2.8621963702129494E-002  0.41403717398504636       -1.7503367822016294E-014  0.48801865170574521       0.78539909820500653     
   2.4309126423950167E-002  0.44524985363251179       -2.1007975661411997E-014  0.55288753016336445       0.78539909820501042     
   1.9803839568626525E-002  0.47655849032516517       -2.2524657457896454E-014  0.61769482213399574       0.78539909820501463     
   1.5168334344278889E-002  0.50797358470576981       -2.4510734304812971E-014  0.68233183298586297       0.78539909820501874     
   1.0456277568853145E-002  0.53950378504686558       -2.9661626526745689E-014  0.74668316597720796       0.78539909820502296     
   5.7118644641920291E-003  0.57115362127588654       -2.2440925618555865E-014  0.81062486787434240       0.78539909820502696     
   9.6981546933738727E-004  0.60292179455187789       -1.7770902259476409E-014  0.87402312650499425       0.78539909820503073     
  -3.7438087532013498E-003  0.63480018522608450       -9.9650090831501740E-015  0.93673364371282641       0.78539909820503584     
  -8.4101214116347744E-003  0.66677367863694403       -1.1943613777715472E-014  0.99860174216795183       0.78539909820503895     
  -1.3015445781259016E-002  0.69882083599429645       -2.7218143568156001E-014   1.0594631943933557       0.78539909820504294     
  -1.7549093200450505E-002  0.73091536305212568       -1.4751549727976418E-014   1.1191456939309967       0.78539909820504694     
  -2.2001108993678908E-002  0.76302825887636772       -1.3916316625334810E-014   1.1774708281606978       0.78539909820505005     
  -2.6360199172352772E-002  0.79513046703611945       -1.9944904248216768E-014   1.2342563655483438       0.78539909820505382     
  -3.0612019877322094E-002  0.82719580716197694       -1.8563509601558449E-014   1.2893186412879141       0.78539909820505693     
  -3.4737966884699212E-002  0.85920393970986897       -1.8055444631204280E-014   1.3424748170304919       0.78539909820506038     
  -3.8714548676770821E-002  0.89114311310021233       -1.3459857196031942E-014   1.3935448029586319       0.78539909820506293     
  -4.2513368908724924E-002  0.92301246010321325       -2.4470428448536750E-014   1.4423526624512157       0.78539909820506715     
  -4.6101688092565318E-002  0.95482364760906879       -2.9833547125981575E-014   1.4887273675281483       0.78539909820506992     
  -4.9443484775524738E-002  0.98660173728011547       -2.3432541647090819E-014   1.5325028327073382       0.78539909820507270     
  -5.2500897372208311E-002   1.0183851792558594       -2.2032712224839986E-014   1.5735172199180583       0.78539909820507570     
  -5.5235903497954819E-002   1.0502249290279542       -1.7006207698727365E-014   1.6116115679100464       0.78539909819319054     
  -5.7612073092519367E-002   1.0821827597582070       -1.3547229852249216E-014   1.6466278798406431       0.78539909818178399     
  -5.9596260736650919E-002   1.1143288724854559       -2.4548331893115479E-014   1.6784067913623599       0.78539909817085629     
  -6.1160082558230133E-002   1.1467390026760276       -2.2114044687435832E-014   1.7067850503033464       0.78539909816040832     
  -6.2281075400022701E-002   1.1794912290003925       -3.0603182847754381E-014   1.7315930012276790       0.78539909819949949     
  -6.2943498120966890E-002   1.2126626785867733       -2.5919654529487031E-014   1.7526522267605236       0.78539909819012399     
  -6.3138642771373377E-002   1.2463264424876721       -3.9720735126195802E-014   1.7697736327770790       0.78539909822576837     
  -6.2864823723736141E-002   1.2805487865071159       -4.4107988360484919E-014   1.7827559748315807       0.78539909821730935     
  -6.2126886835773831E-002   1.3153869525412798       -3.1948096700638306E-014   1.7913850363756101       0.78539909824959619     
  -6.0935502924475138E-002   1.3508875502486148       -2.1095623074188644E-014   1.7954333884644806       0.78539909824201748     
  -5.9306137728632802E-002   1.3870857399963841       -1.0111171746579522E-014   1.7946608316410364       0.78539909827108134     
  -5.7257980254971308E-002   1.4240050645312641       -8.8538823895820187E-015   1.7888153147940100       0.78539909826433707     
  -5.4812741750450922E-002   1.4616580478642476       -1.6050610716938051E-014   1.7776343822293357       0.78539909829034893     
  -5.1993585967201383E-002   1.5000472815720771       -2.2345905252981990E-014   1.7608468420691725       0.78539909828438437     
  -4.8824091352394294E-002   1.5391670564552751       -1.7033670304936303E-014   1.7381746945002505       0.78539909830754151     
  -4.5327456030084701E-002   1.5790051679062342       -1.6951459644547135E-014   1.7093349773204780       0.78539909830229671     
  -4.1525817896324035E-002   1.6195449384419458       -2.2777966519121044E-014   1.6740415995988105       0.78539909832281407     
  -3.7439841891942161E-002   1.6607670561137917       -3.9319165894083371E-014   1.6320068496264353       0.78539909831822607     
  -3.3088420505781535E-002   1.7026513090281510       -3.3987321849606727E-014   1.5829427129155049       0.78539909833632593     
  -2.8488590930666913E-002   1.7451778442830967       -3.2863234199092100E-014   1.5265617585632554       0.78539909833233090     
  -2.3655505295901769E-002   1.7883281065264853       -2.1190579928638575E-014   1.4625778014213024       0.78539909834823640     
  -1.8602530833285558E-002   1.8320851539991327       -2.0492417630470273E-014   1.3907061834136270       0.78539909834477184     
  -1.3341328775898553E-002   1.8764335953737810       -1.6457795521247302E-014   1.3106639314931714       0.78539909835869881     
  -7.8819857878125177E-003   1.9213589273094964       -1.9097106122188959E-014   1.2221697049880080       0.78539909835570554     
  -2.2330763677049781E-003   1.9668465893902791       -1.8150533406489292E-014   1.1249437983394928       0.78539909836786093     
   3.5982571044499423E-003   2.0128805852414793       -9.8336745282005297E-015   1.0187081489927041       0.78539909836528221     
   9.6062926033901874E-003   2.0594420238561915       -3.3390212247309027E-014  0.90318657887524934       0.78539909837585520     
   1.5786681470106645E-002   2.1065074691368695       -1.4703796372455408E-014  0.77810522258348180       0.78539909837364252     
   2.2136422994295524E-002   2.1540474442281674       -1.9067592884103969E-014  0.64319329811654968       0.78539909838280508     
   2.8653746914409028E-002   2.2020249846325015       -2.3322442865264678E-014  0.49818415501253233       0.78539909838091337     
   3.5337946441749812E-002   2.2503945390469902       -3.5647239717723578E-014  0.34281666961675905       0.78539909838881994     
   4.2189050000508876E-002   2.2991010930508677       -3.1020955896675600E-014  0.17683690088172119       0.78539909838720923     
   4.9207376761547295E-002   2.3480797417119748       -4.2843872565734066E-014  -2.9691633007172160E-014  0.78539909839400512     
