 force-1force-2force-3workmass
   4.4408920985006262E-016   1.7763568394002505E-015  -1.9398089615056787E-014   0.0000000000000000       0.78539816362971648     
  -1.3322676295501878E-015  -1.0658141036401503E-014  -3.3775856440329508E-014  -2.7862177448079260E-008  0.78539816362972725     
  -1.6875389974302379E-014  -6.7501559897209518E-014  -3.6223507096439542E-014  -3.3594993855768154E-007  0.78539816362977699     
   9.3258734068513149E-015  -5.6843418860808015E-014  -3.3765232961539936E-014  -1.4716136088267946E-006  0.78539816362977866     
  -3.7747582837255322E-014  -8.5265128291212022E-014  -3.4607341010350684E-014  -4.2111120691062237E-006  0.78539816362977899     
  -1.0214051826551440E-014  -4.6185277824406512E-014  -4.0285528474570285E-014  -9.5027345142339320E-006  0.78539816362977932     
   1.1102230246251565E-014  -1.4210854715202004E-014  -3.9196559638192726E-014  -1.8409132016268190E-005  0.78539816362977977     
   2.5757174171303632E-014  -6.9277916736609768E-014  -3.8752005322109525E-014  -3.2039120961314949E-005  0.78539816362978065     
   1.0214051826551440E-014  -3.1974423109204508E-014  -3.6533167183033528E-014  -5.1470999955713359E-005  0.78539816362867598     
  -1.0214051826551440E-014   0.0000000000000000       -4.1246072678730042E-014  -7.7672305386161655E-005  0.78539816363545145     
   2.2204460492503131E-014  -5.6843418860808015E-014  -3.9141152875368798E-014  -1.1142381426618164E-004  0.78539816363376047     
   1.9539925233402755E-014  -1.9539925233402755E-014  -3.8231168558778499E-014  -1.5326163466475307E-004  0.78539816364391291     
   5.0626169922907138E-014  -1.4210854715202004E-014  -3.7157448001213377E-014  -2.0345656567827969E-004  0.78539816364150383     
   9.7699626167013776E-015  -5.6843418860808015E-014  -3.8914676251399418E-014  -2.6204475346805478E-004  0.78539816365559179     
   5.7731597280508140E-015  -5.3290705182007514E-014  -3.6754167031669871E-014  -3.2891124623105061E-004  0.78539816365236481     
   4.6185277824406512E-014  -5.5067062021407764E-014  -3.7958920602940566E-014  -4.0390924003332052E-004  0.78539816367086834     
   4.3076653355456074E-014  -5.3290705182007514E-014  -3.8878350272021020E-014  -4.8698669042410159E-004  0.78539816366674386     
   2.6645352591003757E-014  -8.7041485130612273E-014  -3.7587417385952115E-014  -5.7829184510858889E-004  0.78539816369004645     
   5.8175686490358203E-014  -3.9079850466805510E-014  -3.8697037261311726E-014  -6.7823709775280405E-004  0.78539816369376214     
   3.5971225997855072E-014  -3.0198066269804258E-014  -4.0018256262525994E-014  -7.8751752802969088E-004  0.78539816369386939     
   5.4178883601707639E-014  -2.4868995751603507E-014  -3.9807554686977432E-014  -9.0708632153596591E-004  0.78539816369387494     
   3.2862601528904634E-014  -4.0856207306205761E-014  -4.1070716005125064E-014  -1.0381006524739222E-003  0.78539816369388082     
   1.9095836023552692E-014  -4.6185277824406512E-014  -4.5848026600083844E-014  -1.1818465582474902E-003  0.78539816369388804     
   4.6185277824406512E-014  -4.4408920985006262E-014  -4.2166900617247139E-014  -1.3396524144925759E-003  0.78539816369389515     
   1.9984014443252818E-014  -3.9079850466805510E-014  -4.3754422301608518E-014  -1.5127970226921639E-003  0.78539816369390258     
   1.5987211554602254E-014  -1.7763568394002505E-014  -4.2661056351529398E-014  -1.7024184734343029E-003  0.78539816369391102     
  -2.9753977059954195E-014  -1.7763568394002505E-014  -4.4147277252331232E-014  -1.9094311663823971E-003  0.78539816369391957     
   3.7303493627405260E-014  -1.2434497875801753E-014  -4.7524807574386899E-014  -2.1344598420374727E-003  0.78539816369392901     
   4.4408920985006262E-014  -1.7763568394002505E-014  -4.5097959915013894E-014  -2.3777995923844886E-003  0.78539816369393889     
   9.7699626167013776E-015  -4.9737991503207013E-014  -4.8845726850106426E-014  -2.6394086544004880E-003  0.78539816369394910     
  -1.3322676295501878E-015  -5.8619775700208265E-014  -4.3384821037263994E-014  -2.9189364951093810E-003  0.78539816369395976     
   1.9539925233402755E-014  -7.1054273576010019E-014  -4.2083689703729946E-014  -3.2157843163484467E-003  0.78539816369397120     
  -1.7763568394002505E-014  -8.5265128291212022E-014  -4.9531562793776052E-014  -3.5291900775702989E-003  0.78539816369398285     
   1.3322676295501878E-014  -3.3750779948604759E-014  -5.4887679761390044E-014  -3.8583266882792344E-003  0.78539816369399551     
  -1.7763568394002505E-015  -3.5527136788005009E-015  -4.6350810873272990E-014  -4.2024007861100054E-003  0.78539816369400817     
  -2.1316282072803006E-014  -6.5725203057809267E-014  -4.7486602956425849E-014  -4.5607404245939231E-003  0.78539816369402127     
   6.2172489379008766E-015  -4.0856207306205761E-014  -4.9620844647883605E-014  -4.9328624687988709E-003  0.78539816369403492     
   1.6875389974302379E-014  -3.9079850466805510E-014  -5.3794782057737904E-014  -5.3185137668579352E-003  0.78539816369404902     
   6.2172489379008766E-015  -6.2172489379008766E-014  -5.3686490039765996E-014  -5.7176835518972791E-003  0.78539816369406368     
   1.2878587085651816E-014   3.5527136788005009E-014  -5.2450519296421883E-014  -6.1305876042405671E-003  0.78539816369407855     
   1.4210854715202004E-014  -2.8421709430404007E-014  -5.4367793568161857E-014  -6.5576272843154149E-003  0.78539816369409376     
   2.9309887850104133E-014  -4.0856207306205761E-014  -4.3933704273980175E-014  -6.9993286063671500E-003  0.78539816369410931     
   3.4638958368304884E-014  -6.7501559897209518E-014  -5.5593898549902074E-014  -7.4562680595404718E-003  0.78539816369412530     
   4.6185277824406512E-014  -7.2830630415410269E-014  -4.7369835333365919E-014  -7.9289928578208935E-003  0.78539816369414139     
   5.7731597280508140E-014  -1.3677947663381929E-013  -4.5074474460145551E-014  -8.4179436183513534E-003  0.78539816369415782     
   2.8865798640254070E-014  -6.7501559897209518E-014  -5.0940708913001454E-014  -8.9233870390448278E-003  0.78539816369417459     
   3.4194869158454821E-014   1.7763568394002505E-015  -5.7959351348141543E-014  -9.4453649483402513E-003  0.78539816369419158     
   2.6645352591003757E-014   1.0658141036401503E-014  -5.2278813494239543E-014  -9.9836642239989892E-003  0.78539816369420867     
   6.5725203057809267E-014  -8.5265128291212022E-014  -5.0636815696348270E-014  -1.0537809740462811E-002  0.78539816369422599     
   3.8191672047105385E-014  -1.1901590823981678E-013  -4.8065554704013250E-014  -1.1107080003487924E-002  0.78539816369424309     
   5.6399329650957952E-014  -7.1054273576010019E-015  -5.0596546742391196E-014  -1.1690542787817337E-002  0.78539816369426074     
   2.9753977059954195E-014  -4.9737991503207013E-014  -4.6113228487068709E-014  -1.2287106189089680E-002  0.78539816369427817     
   7.4606987254810520E-014   8.8817841970012523E-015  -4.2144566277153010E-014  -1.2895579225732368E-002  0.78539816369429594     
  -6.6613381477509392E-015  -9.5923269327613525E-014  -4.2501873448083993E-014  -1.3514735570919423E-002  0.78539816369431359     
  -2.3092638912203256E-014  -3.9079850466805510E-014  -3.9054663971885219E-014  -1.4143374143030241E-002  0.78539816369433124     
   1.5543122344752192E-014  -4.6185277824406512E-014  -3.3473458653650724E-014  -1.4780371048890295E-002  0.78539816369434867     
   1.9539925233402755E-014  -3.0198066269804258E-014  -3.6332248762625355E-014  -1.5424718616977251E-002  0.78539816369436621     
   2.3536728122053319E-014  -5.8619775700208265E-014  -3.7654346013240932E-014  -1.6075548813190288E-002  0.78539816369438364     
  -3.1974423109204508E-014  -9.9475983006414026E-014  -3.7739821176674386E-014  -1.6732140021741615E-002  0.78539816369440096     
   2.8865798640254070E-014  -6.2172489379008766E-014  -4.0613447771023726E-014  -1.7393907840937417E-002  0.78539816369441784     
   2.2204460492503131E-015  -4.0856207306205761E-014  -4.2966437776373158E-014  -1.8060382020680610E-002  0.78539816369443427     
  -3.5527136788005009E-015  -5.1514348342607263E-014  -4.2137179696406250E-014  -1.8731172843664878E-002  0.78539816369445092     
   4.2188474935755949E-014  -6.2172489379008766E-014  -3.9003997049923477E-014  -1.9405931021815093E-002  0.78539816369446713     
   3.2418512319054571E-014  -5.8619775700208265E-014  -4.0996779209210363E-014  -2.0084305501142041E-002  0.78539816369448290     
  -2.8865798640254070E-014  -5.3290705182007514E-015  -4.2812796562104754E-014  -2.0765903438011768E-002  0.78539816369449844     
   2.3536728122053319E-014  -2.8421709430404007E-014  -3.2055220670046999E-014  -2.1450256071988472E-002  0.78539816369451332     
   1.8207657603852567E-014   4.0856207306205761E-014  -4.4667402641327256E-014  -2.2136793360583162E-002  0.78539816369452808     
   7.5939254884360707E-014   2.6645352591003757E-014  -4.7028647617714143E-014  -2.2824829171705252E-002  0.78539816369454241     
  -1.7319479184152442E-014  -7.1054273576010019E-015  -4.8811278776784397E-014  -2.3513557674213148E-002  0.78539816369455584     
   4.0856207306205761E-014  -2.4868995751603507E-014  -5.2442523077146029E-014  -2.4202060450093654E-002  0.78539816369456938     
   4.4853010194856324E-014  -5.6843418860808015E-014  -7.1836824140346853E-014  -2.4889322879106279E-002  0.78539816369458171     
  -6.2172489379008766E-015  -7.6383344094210770E-014  -7.9565689046519565E-014  -2.5574257604640938E-002  0.78539816369459414     
   8.2156503822261584E-014  -1.4210854715202004E-014  -8.1070246054687203E-014  -2.6255732419218747E-002  0.78539816369460569     
  -7.4606987254810520E-014  -3.3750779948604759E-014  -8.1670823293573164E-014  -2.6932599742413688E-002  0.78539816369461657     
  -1.9984014443252818E-014  -5.5067062021407764E-014  -7.9961293135032636E-014  -2.7603724972682153E-002  0.78539816369462734     
  -4.3520742565306136E-014  -3.3750779948604759E-014  -8.5168891856385388E-014  -2.8268011355462530E-002  0.78539816369463678     
   3.0642155479654321E-014  -4.4408920985006262E-014  -9.4979387386985631E-014  -2.8924419550865332E-002  0.78539816369464577     
   3.5527136788005009E-014  -4.0856207306205761E-014  -8.1184110955327462E-014  -2.9571980744863335E-002  0.78539816369465432     
  -4.8405723873656825E-014  -1.3322676295501878E-013  -7.7115702419040712E-014  -3.0209802846199230E-002  0.78539816369466176     
   3.2418512319054571E-014  -1.5099033134902129E-013  -6.9113294152689438E-014  -3.0837069985881316E-002  0.78539816369466875     
   5.0626169922907138E-014  -1.2079226507921703E-013  -7.0683784901835514E-014  -3.1453036116248390E-002  0.78539816369467497     
   2.5313084961453569E-014  -5.3290705182007514E-014  -7.4847926115963574E-014  -3.2057013955930858E-002  0.78539816369468041     
   8.8817841970012523E-016   0.0000000000000000       -8.4364970633615699E-014  -3.2648360815210609E-002  0.78539816369468507     
   3.7747582837255322E-014  -1.7763568394002505E-014  -9.2724197221945123E-014  -3.3226462951085223E-002  0.78539816369468907     
   1.5099033134902129E-014  -7.1054273576010019E-014  -9.5092053614134151E-014  -3.3790720056837253E-002  0.78539816369469184     
   6.2616578588858829E-014  -1.8829382497642655E-013  -8.0782825102725303E-014  -3.4340531303859834E-002  0.78539816369469417     
   2.3536728122053319E-014   3.3750779948604759E-014  -5.8260531121578859E-014  -3.4875284061961942E-002  0.78539816369469573     
   4.2188474935755949E-014  -1.9539925233402755E-014  -7.4552885135894203E-014  -3.5394346063979620E-002  0.78539816369469651     
   4.7961634663806763E-014  -1.1723955140041653E-013  -6.6321706764985504E-014  -3.5897061392201834E-002  0.78539816369469617     
   1.0214051826551440E-014  -5.6843418860808015E-014  -6.7582111490457436E-014  -3.6382750286766630E-002  0.78539816369469539     
  -1.6431300764452317E-014  -3.5527136788005009E-015  -6.8453769798448491E-014  -3.6850712445416933E-002  0.78539816369469340     
  -1.2922996006636822E-013   3.1974423109204508E-014  -7.1319412734270252E-014  -3.7300233212517631E-002  0.78539816369469084     
   4.4408920985006262E-014   6.0396132539608516E-014  -6.4941337484875404E-014  -3.7730591876778075E-002  0.78539816369468762     
   1.0880185641326534E-013   5.6843418860808015E-014  -6.9430017005194647E-014  -3.8141071198292797E-002  0.78539816369468352     
   7.8603790143461083E-014  -1.0658141036401503E-013  -7.1125204029630778E-014  -3.8530967281645401E-002  0.78539816369467841     
   6.6169292267659330E-014  -9.9475983006414026E-014  -7.2559232831055429E-014  -3.8899598974665217E-002  0.78539816369467252     
   2.5757174171303632E-014  -6.3948846218409017E-014  -6.8147848615212313E-014  -3.9246316108849211E-002  0.78539816369466620     
  -5.4622972811557702E-014  -9.5923269327613525E-014  -4.8422995034634800E-014  -3.9570506064273925E-002  0.78539816369465876     
   6.5281113847959205E-014  -7.1054273576010019E-015  -5.2032290970560397E-014  -3.9871598344549897E-002  0.78539816369465087     
   6.5725203057809267E-014   8.1712414612411521E-014  -5.0265694063356817E-014  -4.0149067042983821E-002  0.78539816369464222     
  -1.1457501614131615E-013  -1.2434497875801753E-013  -5.7346304798507575E-014  -4.0402431270685879E-002  0.78539816369463267     
   2.3980817331903381E-014   7.4606987254810520E-014  -5.0170827681301941E-014  -4.0631253776421961E-002  0.78539816369462245     
  -4.0412118096355698E-014   1.0658141036401503E-013  -2.8242969142129931E-014  -4.0835138111190217E-002  0.78539816369461146     
   1.0658141036401503E-013   1.0302869668521453E-013  -2.8138174489750956E-014  -4.1013724766432169E-002  0.78539816369459992     
   2.3536728122053319E-014  -3.1974423109204508E-014  -4.5753129873819501E-014  -4.1166686752235337E-002  0.78539816369458748     
   8.3044682241961709E-014  -1.0302869668521453E-013  -3.1784598123716592E-014  -4.1293725070466136E-002  0.78539816369457460     
  -1.3455903058456897E-013  -3.1974423109204508E-014  -9.3108085488188794E-015  -4.1394564491871400E-002  0.78539816369456084     
  -1.5543122344752192E-014  -7.1054273576010019E-014  -2.3556759237965697E-014  -4.1468949976619873E-002  0.78539816369454662     
   5.1514348342607263E-014  -2.0961010704922955E-013  -2.3075125831863879E-014  -4.1516643974850664E-002  0.78539816369453175     
   5.1514348342607263E-014  -3.5527136788005009E-015  -1.6273289063399215E-014  -4.1537424754775953E-002  0.78539816369451620     
   4.5297099404706387E-014   5.3290705182007514E-014  -2.5597529932197395E-014  -4.1531085789589861E-002  0.78539816369450044     
  -5.1958437552457326E-014  -1.5987211554602254E-013  -1.7552716998482280E-014  -4.1497436155386369E-002  0.78539816369448412     
   2.4424906541753444E-014   4.2632564145606011E-014  -2.7515513990797324E-014  -4.1436301806059950E-002  0.78539816369446702     
   4.7517545453956700E-014  -7.8159700933611020E-014  -1.3365306826914943E-014  -4.1347527542346052E-002  0.78539816369444959     
  -1.0613732115416497E-013  -1.6342482922482304E-013  -1.0484792761326995E-014  -4.1230979455059824E-002  0.78539816369443183     
  -1.0214051826551440E-014   2.4868995751603507E-014  -4.7082772347785227E-014  -4.1086547615098779E-002  0.78539816369441362     
   1.1102230246251565E-014  -1.4921397450962104E-013  -3.4292234580957213E-014  -4.0914148789702010E-002  0.78539816369439519     
   1.0524914273446484E-013   2.4868995751603507E-014  -4.5959275308038822E-014  -4.0713728996629506E-002  0.78539816369437632     
  -4.2632564145606011E-014   9.2370555648813024E-014  -6.5251265204208566E-014  -4.0485265740884291E-002  0.78539816369435700     
  -7.0166095156309893E-014  -2.1316282072803006E-014  -5.7276432099998705E-014  -4.0228769828316135E-002  0.78539816369433746     
  -1.3322676295501878E-014   4.6185277824406512E-014  -3.8395922647762721E-014  -3.9944286698420983E-002  0.78539816369431792     
   6.6613381477509392E-015  -7.1054273576010019E-014  -3.9173201549755975E-014  -3.9631897261741544E-002  0.78539816369429771     
  -9.9475983006414026E-014  -3.9079850466805510E-014  -3.3939423054221270E-014  -3.9291718269991005E-002  0.78539816369427784     
  -7.4162898044960457E-014   1.4210854715202004E-014  -5.4763350307417405E-014  -3.8923902275706856E-002  0.78539816369425763     
   6.3060667798708891E-014  -6.3948846218409017E-014  -6.9505162558511500E-014  -3.8528637262331689E-002  0.78539816369423732     
   1.1501910535116622E-013  -1.5631940186722204E-013  -6.9007777906517115E-014  -3.8106146037700350E-002  0.78539816369421700     
  -3.6859404417555197E-014   0.0000000000000000       -9.4515383093499205E-014  -3.7656685486935570E-002  0.78539816369419668     
   8.8817841970012523E-016  -8.1712414612411521E-014  -1.2508108828571395E-013  -3.7180545777726781E-002  0.78539816369417648     
  -8.4821039081361960E-014  -1.4210854715202004E-013  -7.8318915575509915E-014  -3.6678049601944984E-002  0.78539816369415605     
   1.5987211554602254E-014  -8.8817841970012523E-014  -6.7050387864897443E-014  -3.6149551520745726E-002  0.78539816369413584     
  -8.8817841970012523E-015  -1.7408297026122455E-013  -7.1269357650748897E-014  -3.5595437468278091E-002  0.78539816369411575     
   9.4146912488213275E-014  -1.0658141036401503E-013  -7.1180528639538585E-014  -3.5016124448699282E-002  0.78539816369409587     
  -3.1086244689504383E-015  -1.5631940186722204E-013  -5.3397894458792483E-014  -3.4412060444429127E-002  0.78539816369407633     
   4.3520742565306136E-014  -1.9539925233402755E-013  -4.9269535543895136E-014  -3.3783724539509175E-002  0.78539816369405702     
   3.4194869158454821E-014  -2.1316282072803006E-014  -4.1148865777392277E-014  -3.3131627246067108E-002  0.78539816369403781     
  -5.1958437552457326E-014  -1.2789769243681803E-013  -2.8642753001280152E-014  -3.2456311012162287E-002  0.78539816369401927     
   1.3766765505351941E-014  -1.5631940186722204E-013  -5.5470815694781298E-014  -3.1758350878666963E-002  0.78539816369400106     
   2.0428103653102880E-014  -9.5923269327613525E-014  -8.1295890888554332E-014  -3.1038355250269323E-002  0.78539816369398330     
   1.3766765505351941E-014  -6.3948846218409017E-014  -7.7882919900594927E-014  -3.0296966740532838E-002  0.78539816369396620     
   6.2616578588858829E-014   1.0302869668521453E-013  -8.5404820331384396E-014  -2.9534863052872007E-002  0.78539816369394955     
  -9.7699626167013776E-015  -6.3948846218409017E-014  -8.7943903594320031E-014  -2.8752757862447575E-002  0.78539816369393345     
   1.5232259897857148E-013   3.5527136788005009E-014  -8.3332686499509596E-014  -2.7951401668628639E-002  0.78539816369391802     
  -7.9936057773011271E-015  -4.9737991503207013E-014  -5.3353240086141028E-014  -2.7131582595996795E-002  0.78539816369390358     
  -3.9079850466805510E-014  -3.5527136788005009E-015  -3.3448011434056486E-014  -2.6294127128578815E-002  0.78539816369388959     
   6.7945649107059580E-014  -5.6843418860808015E-014  -2.1319372540088974E-014  -2.5439900771236479E-002  0.78539816369387638     
  -2.3536728122053319E-014  -4.6185277824406512E-014  -2.3676495112817708E-014  -2.4569808638761126E-002  0.78539816369386428     
   2.6201263381153694E-014   8.5265128291212022E-014  -1.4968973725368688E-014  -2.3684795983432316E-002  0.78539816369385318     
   7.1054273576010019E-015  -1.1368683772161603E-013  -2.9007562641324685E-014  -2.2785848670648035E-002  0.78539816369384274     
   4.4853010194856324E-014  -1.2079226507921703E-013  -6.0756233113565742E-014  -2.1873993624271781E-002  0.78539816369383353     
  -6.3060667798708891E-014  -1.7763568394002505E-014  -7.0378835300664792E-014  -2.0950299257848970E-002  0.78539816369382565     
   8.0158102377936302E-014   2.8421709430404007E-014  -5.7415619029355505E-014  -2.0015875913595993E-002  0.78539816369381865     
   4.6629367034256575E-015  -1.1368683772161603E-013  -6.0349787038111294E-014  -1.9071876326910209E-002  0.78539816369381299     
  -9.4591001698063337E-014  -7.4606987254810520E-014  -5.7745396747660835E-014  -1.8119496133087498E-002  0.78539816369380877     
  -7.4384942649885488E-014  -8.1712414612411521E-014  -5.8251037799888954E-014  -1.7159974431582681E-002  0.78539816369380577     
  -1.2634338020234281E-013  -6.0396132539608516E-014  -5.8084051748645609E-014  -1.6194594418115882E-002  0.78539816369380433     
   6.7945649107059580E-014  -3.5527136788005009E-014  -4.4132940002570555E-014  -1.5224684094239160E-002  0.78539816369380411     
  -9.2592600253738055E-014  -6.0396132539608516E-014  -6.3717189237572593E-014  -1.4251617059059862E-002  0.78539816369380555     
  -1.3322676295501878E-015  -9.9475983006414026E-014  -6.2097850406036998E-014  -1.3276813388015007E-002  0.78539816369380877     
   9.1038288019262836E-014  -7.8159700933611020E-014  -6.5537245264978127E-014  -1.2301740600048072E-002  0.78539816369381343     
  -1.6164847238542279E-013  -2.1316282072803006E-013  -9.4290955765139965E-014  -1.1327914713152643E-002  0.78539816369381998     
   7.5495165674510645E-014  -6.3948846218409017E-014  -1.0843326287275728E-013  -1.0356901387800876E-002  0.78539816369382831     
  -2.1316282072803006E-014  -1.4921397450962104E-013  -1.2430437022978851E-013  -9.3903171575013822E-003  0.78539816369383864     
   7.7937656328685989E-014  -1.2434497875801753E-013  -1.3350743285609494E-013  -8.4298307438956943E-003  0.78539816369385096     
   8.6597395920762210E-015  -1.2434497875801753E-013  -1.1443963737755905E-013  -7.4771644558480066E-003  0.78539816369386517     
   7.7715611723760958E-014  -7.1054273576010019E-014  -8.7266272167122776E-014  -6.5340956709027953E-003  0.78539816369388171     
   7.4162898044960457E-014  -1.1723955140041653E-013  -8.0627548576341316E-014  -5.6024583994731536E-003  0.78539816369390025     
  -3.6415315207705135E-014  -1.1368683772161603E-013  -6.8539125958835619E-014  -4.6841449327155171E-003  0.78539816369392068     
   8.9039886574937555E-014  -8.5265128291212022E-014  -6.8006876198952159E-014  -3.7811075761837731E-003  0.78539816369394433     
  -6.7057470687359455E-014  -3.1974423109204508E-014  -5.5159289761908302E-014  -2.8953604733148453E-003  0.78539816369396975     
   5.7953641885433171E-014  -1.5987211554602254E-013  -5.7100865948078677E-014  -2.0289815252092502E-003  0.78539816369399773     
   1.1102230246251565E-015  -2.1316282072803006E-014  -6.6323385593750579E-014  -1.1841144122146652E-003  0.78539816369402848     
   3.0420110874729289E-014   3.9079850466805510E-014  -5.9935650228153160E-014  -3.6297072759716720E-004  0.78539816369406168     
  -1.4210854715202004E-014  -1.7763568394002505E-014  -5.3546563008769448E-014   4.3216776731491713E-004  0.78539816369409765     
   3.1530333899354446E-014   3.1974423109204508E-014  -5.5093635084367390E-014   1.1989467549058386E-003  0.78539816369413651     
  -5.6399329650957952E-014  -4.6185277824406512E-014  -4.3670317304631991E-014   1.9349368278831491E-003  0.78539816369417814     
   4.9071857688431919E-014  -6.0396132539608516E-014  -2.2053450591915143E-014   2.6376307971257562E-003  0.78539816369422311     
   3.8413716652030416E-014  -2.1316282072803006E-014  -3.2494752087734029E-014   3.3044408269118364E-003  0.78539816369427051     
   3.4194869158454821E-014   4.9737991503207013E-014  -3.0693139693924167E-014   3.9326953827881761E-003  0.78539816369432147     
   1.1990408665951691E-014  -8.5265128291212022E-014  -3.1157777865990978E-014   4.5196359767550875E-003  0.78539816369437565     
   2.6867397195928788E-014   1.0658141036401503E-014  -3.5618155003705925E-014   5.0624136937453823E-003  0.78539816369443316     
  -9.3258734068513149E-015  -1.0658141036401503E-013  -4.4695714664718246E-014   5.5580854821015713E-003  0.78539816369449400     
   1.4210854715202004E-014  -9.2370555648813024E-014  -5.0712901024008976E-014   6.0036101908736983E-003  0.78539816369455817     
   8.7929663550312398E-014  -1.2434497875801753E-013  -4.3735980615181656E-014   6.3958443344793725E-003  0.78539816369462612     
   6.7057470687359455E-014  -8.1712414612411521E-014  -3.7267381777356770E-014   6.7315375654759535E-003  0.78539816369469773     
  -4.5519144009631418E-014  -5.6843418860808015E-014  -4.1109569410573396E-014   7.0073278329985111E-003  0.78539816369477289     
   1.8207657603852567E-014  -9.2370555648813024E-014  -4.8071525157022114E-014   7.2197362047644598E-003  0.78539816369485183     
  -9.7699626167013776E-015  -8.1712414612411521E-014  -4.3500094819514487E-014   7.3651613268653771E-003  0.78539816369493487     
  -4.8849813083506888E-014  -7.1054273576010019E-014  -4.9264526548563854E-014   7.4398734950252843E-003  0.78539816369502202     
   3.5083047578154947E-014  -9.5923269327613525E-014  -5.1333984087309998E-014   7.4400083071350931E-003  0.78539816369511273     
  -4.6185277824406512E-014  -1.5987211554602254E-013  -4.8837463664039538E-014   7.3615598652277403E-003  0.78539816369520810     
   3.5749181392930041E-014  -8.1712414612411521E-014  -5.4340549665003622E-014   7.2003734912027828E-003  0.78539816369530757     
   6.6613381477509392E-015  -6.0396132539608516E-014  -5.3085908440514194E-014   6.9521379175319087E-003  0.78539816369541127     
   2.2204460492503131E-014  -3.9079850466805510E-014  -4.6177055783400301E-014   6.6123769102021113E-003  0.78539816369551929     
   4.5519144009631418E-014  -1.4210854715202004E-014  -5.1958219792789981E-014   6.1764402765670523E-003  0.78539816369563220     
  -1.5543122344752192E-014  -1.0302869668521453E-013  -5.4436368699668483E-014   5.6394942064321163E-003  0.78539816369574966     
   8.4376949871511897E-015  -8.1712414612411521E-014  -5.4526917789588622E-014   4.9965108890835663E-003  0.78539816369587134     
  -2.4646951146678475E-014  -9.9475983006414026E-014  -5.8445228179007806E-014   4.2422573432975286E-003  0.78539816369599824     
   1.3544720900426910E-014  -7.4606987254810520E-014  -5.4256616447015508E-014   3.3712833909640971E-003  0.78539816369612991     
   1.7763568394002505E-014  -4.6185277824406512E-014  -5.8824525802712124E-014   2.3779086977256531E-003  0.78539816369626647     
  -9.5479180117763462E-015  -6.3948846218409017E-014  -6.2473149605235536E-014   1.2562087963935986E-003  0.78539816369640780     
  -1.4210854715202004E-014  -2.8421709430404007E-014  -5.9516873710455739E-014  -2.1584981865051200E-016  0.78539816369655480     
