 force-1force-2force-3workmass
   1.7763568394002505E-015   2.4868995751603507E-014  -2.1490512560269861E-014   0.0000000000000000       0.78539817820995306     
  -6.5902394652539442E-011  -1.2623559117201921E-003  -1.7084811611487143E-014  -2.0017027623896871E-007  0.78539817820995284     
  -4.4406389676510116E-010  -5.1093355683597963E-003  -1.6120409045999625E-014  -3.2235817885844370E-006  0.78539817820995284     
  -1.3344751970123525E-009  -1.1625108271385187E-002  -1.8709552406418401E-014  -1.6411972910791023E-005  0.78539817820995250     
  -2.6274893372146835E-009  -2.0884376515173386E-002  -1.7337443736279273E-014  -5.2116285146328045E-005  0.78539817820995284     
  -3.2182483344911361E-009  -3.2949794400494170E-002  -1.7276790703587339E-014  -1.2771276705135504E-004  0.78539817820995195     
   3.8979930394589246E-010  -4.7868888069086069E-002  -1.3834730763319036E-014  -2.6552309025471010E-004  0.78539817820995217     
   1.6425174997891645E-008  -6.5670486327430666E-002  -1.7832314532436996E-014  -4.9261763709074202E-004  0.78539817820994540     
   6.1374203941255701E-008  -8.6360621316686093E-002  -2.2993278280196743E-014  -8.4047937036446640E-004  0.78539817820994828     
   1.6481356279740567E-007 -0.10991720815395567       -1.8233817392041831E-014  -1.3444959776071352E-003  0.78539817820994451     
   3.7525378004943377E-007 -0.13628416062006821       -1.9471986864327126E-014  -2.0432529426091528E-003  0.78539817820994473     
   7.6734332576933184E-007 -0.16536446212018774       -1.8708046680769204E-014  -2.9775916354813914E-003  0.78539817820992541     
   1.4488774842114083E-006 -0.19701039325999758       -1.8467532501622297E-014  -4.1893553969036823E-003  0.78539817820993207     
   2.5640667518089799E-006 -0.23101322252221124       -1.7441692684638528E-014  -5.7197985140328145E-003  0.78539817820992386     
   4.2899714758348750E-006 -0.26709130435449424       -1.3113333464225885E-014  -7.6075965828840131E-003  0.78539817820992353     
   6.8338887939667359E-006 -0.30486415641090403       -1.8694932611815586E-014  -9.8860229534223354E-003  0.78539817820988966     
   1.0475458343872646E-005 -0.34378281323908411       -2.0726970793779418E-014  -1.2577919873435706E-002  0.78539817820989943     
   1.5685863150149970E-005 -0.38298259573183202       -2.1510541768616322E-014  -1.5685953614858361E-002  0.78539817820988800     
   2.3135500646365159E-005 -0.42113148022385971       -1.7189592398760180E-014  -1.9178762810941108E-002  0.78539817820988778     
   3.3274110966985404E-005 -0.45655873747513809       -1.5648431175923492E-014  -2.2985461299990240E-002  0.78539817820985047     
   4.5829589186308084E-005 -0.48786631200538011       -1.7767221595316944E-014  -2.7016980340287877E-002  0.78539817820985958     
   6.0219746856660095E-005 -0.51459769225029817       -1.8003404197145862E-014  -3.1206897754279872E-002  0.78539817820985014     
   7.6599918945596812E-005 -0.53719245307852148       -2.3658615861381618E-014  -3.5529204270396519E-002  0.78539817820984992     
   9.5828140017850671E-005 -0.55623749549417667       -1.5468204648160246E-014  -3.9970824246655878E-002  0.78539817820981961     
   1.1828903504662591E-004 -0.57191318245025968       -1.5568446781204318E-014  -4.4496822466300490E-002  0.78539817820981639     
   1.4350909842075765E-004 -0.58411368604395619       -2.1360322563410866E-014  -4.9049795751159531E-002  0.78539817820981339     
   1.7088200841941514E-004 -0.59278274213767901       -1.5608927886441623E-014  -5.3569914639511440E-002  0.78539817820981095     
   2.0000735906000600E-004 -0.59800206836104230       -1.9690915977991546E-014  -5.8003764700218730E-002  0.78539817820980840     
   2.3036018126099123E-004 -0.59992638783692342       -1.9476032212271922E-014  -6.2301991463785678E-002  0.78539817820980662     
   2.6117726144114783E-004 -0.59877309987152394       -1.7034166787745530E-014  -6.6420638303102519E-002  0.78539817820980473     
   2.9169553782582014E-004 -0.59486056185142822       -1.9089374615924877E-014  -7.0327639872175496E-002  0.78539817820980362     
   3.2135863468196746E-004 -0.58863355952389007       -1.5440903118772861E-014  -7.4009681283406792E-002  0.78539817820980273     
   3.4997119831636780E-004 -0.58068249623821799       -1.8532514944292192E-014  -7.7480045933643549E-002  0.78539817820980218     
   3.7793316012724176E-004 -0.57177755427617605       -1.8212853664766442E-014  -8.0790319528105670E-002  0.78539817820980207     
   4.0659352788718905E-004 -0.56290842660065543       -1.7576036797624373E-014  -8.4045687284445059E-002  0.78539817820980251     
   4.3876047359958648E-004 -0.55528186699852355       -1.8576158142654765E-014  -8.7416943094135835E-002  0.78539817820980251     
   4.7917454030077522E-004 -0.55019714612285320       -1.7668756503007386E-014  -9.1133357693264028E-002  0.78539817820980273     
   5.3420497000367106E-004 -0.54875333239610669       -1.7149995346865307E-014  -9.5440023725088530E-002  0.78539817820980229     
   6.1007219679076741E-004 -0.55149064595132380       -1.6595447766709785E-014 -0.10052624183794601       0.78539817820980073     
   7.1046429083843066E-004 -0.55822772756256001       -1.6463569767848713E-014 -0.10646939558089796       0.78539817820979807     
   8.3619173254767531E-004 -0.56829881310732233       -1.9200767445632631E-014 -0.11324761405955686       0.78539817820979452     
   9.8829253302756825E-004 -0.58106269826923196       -1.7219687442472556E-014 -0.12082184236240279       0.78539817820978963     
   1.1717416343390852E-003 -0.59627065282395719       -1.5850357952763446E-014 -0.12921667716992813       0.78539817820978364     
   1.3952128359937532E-003 -0.61401206698363708       -1.5860976293540371E-014 -0.13852696827629662       0.78539817820977653     
   1.6667506201413218E-003 -0.63438417016111437       -1.9346995718789918E-014 -0.14885572075983422       0.78539817820976832     
   1.9901090627945095E-003 -0.65724641725760691       -1.8500642718071173E-014 -0.16025277161881846       0.78539817820975910     
   2.3647495280734177E-003 -0.68221292394738953       -1.9112023760011144E-014 -0.17269952393571053       0.78539817820974966     
   2.7870650268670971E-003 -0.70874697626907235       -1.7815623198692532E-014 -0.18612071905909122       0.78539817820973934     
   3.2495267289993635E-003 -0.73619647769996099       -1.5804673453236670E-014 -0.20038632262304201       0.78539817820972924     
   3.7382211725303094E-003 -0.76376521365801864       -1.6031581712947231E-014 -0.21529794008552194       0.78539817820971858     
   4.2311471705529513E-003 -0.79049429947076710       -2.2880358567527836E-014 -0.23057731024927630       0.78539817820970836     
   4.6981466597522115E-003 -0.81528964762080847       -2.1826007035189983E-014 -0.24586870972486707       0.78539817820969826     
   5.1025340111143791E-003 -0.83699774560865237       -1.7933272295945634E-014 -0.26075878443243639       0.78539817820968794     
   5.4055317333743247E-003 -0.85454371521335304       -1.9306869558369110E-014 -0.27482018068968106       0.78539817820967750     
   5.5743184140517599E-003 -0.86713600570318761       -1.5020122564253644E-014 -0.28768277839299028       0.78539817820966618     
   5.5910644407175525E-003 -0.87447547961396310       -1.7529764888152688E-014 -0.29911501461371959       0.78539817820965463     
   5.4563918746399764E-003 -0.87683812087875346       -1.4026017190119039E-014 -0.30907144365301598       0.78539817820964186     
   5.1813515045164849E-003 -0.87492198191786308       -1.3420096184915209E-014 -0.31766242915089560       0.78539817820962798     
   4.7701806164575089E-003 -0.86949408280394280       -1.8167337804769118E-014 -0.32504620553116581       0.78539817820961344     
   4.2068872262692736E-003 -0.86104751548530167       -1.5714481388183483E-014 -0.33130820641922831       0.78539817820959779     
   3.4601330111732054E-003 -0.84970866104285214       -2.0361830599428940E-014 -0.33641632419421086       0.78539817820958091     
   2.5067799244586908E-003 -0.83544836441217285       -1.4481148637327453E-014 -0.34028600210562399       0.78539817820956392     
   1.3565945870634977E-003 -0.81840593114269211       -2.2433522664463936E-014 -0.34289855953093085       0.78539817820954505     
   5.9187464088950037E-005 -0.79907322149018256       -1.4543628301370684E-014 -0.34437989462378837       0.78539817820952695     
  -1.3074982617897746E-003 -0.77825630342937124       -1.3294508602056240E-014 -0.34499892021595890       0.78539817820950852     
  -2.6508357745420597E-003 -0.75693220868277855       -1.8739126684533407E-014 -0.34512198732996957       0.78539817820949043     
  -3.8666168133083545E-003 -0.73614714731859188       -1.3377158266668596E-014 -0.34517918609455922       0.78539817820947300     
  -4.8362531341084036E-003 -0.71698353233005641       -2.0715019066301203E-014 -0.34565644422560471       0.78539817820945534     
  -5.4315931674846496E-003 -0.70052513817516093       -1.8902199888764341E-014 -0.34708531110613006       0.78539817820943747     
  -5.5335088605410476E-003 -0.68776063201372750       -1.7953792196183283E-014 -0.35000170352421556       0.78539817820941726     
  -5.0588284785000326E-003 -0.67943139699188393       -1.7889403903437443E-014 -0.35487080436735852       0.78539817820939506     
  -3.9849775972111701E-003 -0.67587573197888950       -1.5055260923983422E-014 -0.36199835625390442       0.78539817820936875     
  -2.3606280829184811E-003 -0.67693818288935859       -1.4540504915415959E-014 -0.37146246533292882       0.78539817820933822     
  -2.9107636667724535E-004 -0.68201043694206476       -2.1601236179000550E-014 -0.38310618904057847       0.78539817820930224     
   2.1043674920786515E-003 -0.69022950653070936       -1.5267464724867514E-014 -0.39661593081083879       0.78539817820926205     
   4.7449557475811588E-003 -0.70076790605903660       -2.0111847209820830E-014 -0.41166279667209871       0.78539817820921698     
   7.6141542808940699E-003 -0.71306271731832638       -2.0675408016488992E-014 -0.42802855543643048       0.78539817820916791     
   1.0728630437103703E-002 -0.72683804039045619       -1.9566292865543361E-014 -0.44562867628704517       0.78539817820911484     
   1.4059659149513237E-002 -0.74190656515378350       -1.6226235661100470E-014 -0.46440929195458658       0.78539817820905788     
   1.7457606977870910E-002 -0.75789606950803190       -1.7345644041623357E-014 -0.48418918106471764       0.78539817820899804     
   2.0633622896340853E-002 -0.77409325535584728       -1.0176414792169954E-014 -0.50455803683130895       0.78539817820893520     
   2.3209606038433250E-002 -0.78948825018959568       -1.4717179425358066E-014 -0.52489038472090677       0.78539817820887037     
   2.4797336328106212E-002 -0.80294743469953467       -1.6038834184855173E-014 -0.54444348363067441       0.78539817820880531     
   2.5058353312388704E-002 -0.81338408607325086       -1.4642564678105418E-014 -0.56246481962192618       0.78539817820873936     
   2.3731465570337562E-002 -0.81986288368475613       -2.0229893459259755E-014 -0.57826719013826278       0.78539817820867330     
   2.0651460780465314E-002 -0.82166622615274498       -1.9625347804977333E-014 -0.59128335527533693       0.78539817820860636     
   1.5781735593661139E-002 -0.81837001312095126       -1.4667544409357549E-014 -0.60112631168058073       0.78539817820853697     
   9.2517000941647609E-003 -0.80992670957174973       -1.9846002447944765E-014 -0.60765245837647441       0.78539817820846514     
   1.3643400503156045E-003 -0.79670391514876471       -1.6642593182992732E-014 -0.61099504985321573       0.78539817820838898     
  -7.4539647329476821E-003 -0.77942600998849976       -1.5139019478408945E-014 -0.61153539380732447       0.78539817820830882     
  -1.6754803876043667E-002 -0.75901131636665298       -1.7834903981230461E-014 -0.60980690256297265       0.78539817820822355     
  -2.6174304084728206E-002 -0.73635833482571300       -1.9284991048235520E-014 -0.60636374155884454       0.78539817820813351     
  -3.5480717578250776E-002 -0.71217755031366536       -2.1999012612885035E-014 -0.60167174541473933       0.78539817820803970     
  -4.4521645488606154E-002 -0.68695578699769300       -2.0855639331730736E-014 -0.59607546178308901       0.78539817820794122     
  -5.3090678502842437E-002 -0.66106697034388517       -1.8349171844828368E-014 -0.58985378387655452       0.78539817820783919     
  -6.0795141477825609E-002 -0.63494750152884549       -2.0114410197507200E-014 -0.58331918149581696       0.78539817820773372     
  -6.7017108097346068E-002 -0.60921147300093637       -2.0031490810836195E-014 -0.57688632548726915       0.78539817820762581     
  -7.1002058537697366E-002 -0.58463060632679564       -1.8099668063470994E-014 -0.57106198111285877       0.78539817820751556     
  -7.2028052774040674E-002 -0.56200376340875557       -1.6414105647902078E-014 -0.56636759320235619       0.78539817820740354     
  -6.9570970393687759E-002 -0.54200451530234872       -1.6265742041567728E-014 -0.56324668673017975       0.78539817820740254     
  -6.3411036756729544E-002 -0.52507850481734053       -2.0783845857934497E-014 -0.56200084773261594       0.78539817820740154     
  -5.3679265364923623E-002 -0.51140206257757814       -2.2596402825021283E-014 -0.56276066891300403       0.78539817820740099     
  -4.0862437334720170E-002 -0.50087704510311859       -1.5863405068529792E-014 -0.56547492933333388       0.78539817820740065     
  -2.5763700822967195E-002 -0.49314792326958390       -1.6452432640940830E-014 -0.56991070888504147       0.78539817820739999     
  -9.3954808759626474E-003 -0.48765277264021911       -1.6742773214590168E-014 -0.57567808417273980       0.78539817820739943     
   7.1975148991789695E-003 -0.48371915893755979       -2.0115009426618454E-014 -0.58229439562455809       0.78539817820739954     
   2.3131074846194366E-002 -0.48068552753092320       -2.0766645602064434E-014 -0.58927805827109836       0.78539817820739899     
   3.7792985108136889E-002 -0.47799990387449487       -1.4570450017885612E-014 -0.59623299296210419       0.78539817820739921     
   5.0797219610235089E-002 -0.47525188104785787       -1.9210626746351597E-014 -0.60288101713191988       0.78539817820739932     
   6.1796587677807935E-002 -0.47213348646138753       -1.6819565980709363E-014 -0.60902986300568163       0.78539817820739954     
   7.0275316064392968E-002 -0.46837060480003245       -1.9165848512247231E-014 -0.61450786829019854       0.78539817820739966     
   7.5475250920973735E-002 -0.46368213577193496       -1.8965801854165445E-014 -0.61911736951007956       0.78539817820739999     
   7.6527285568790404E-002 -0.45779602831810395       -1.8000787812089176E-014 -0.62263875287992221       0.78539817820739999     
   7.2721182460810496E-002 -0.45050400603626795       -1.7508182899670507E-014 -0.62487356294546181       0.78539817820740010     
   6.3766333506556805E-002 -0.44170992234979423       -1.8596450497663157E-014 -0.62568664408854424       0.78539817820740110     
   4.9932765847209737E-002 -0.43143812982984198       -2.1120924365538555E-014 -0.62501550139808737       0.78539817820740176     
   3.2060268143350612E-002 -0.41980016729753133       -2.1839077118603874E-014 -0.62284487360305674       0.78539817820740321     
   1.1479186273010811E-002 -0.40694039152259776       -2.2008587230414735E-014 -0.61916571653404429       0.78539817820740432     
  -1.0135542942187215E-002 -0.39298266922991654       -2.2022487274510747E-014 -0.61393863350599798       0.78539817820740587     
  -3.0990268836077917E-002 -0.37799182936594633       -2.4112252654120168E-014 -0.60707349619982187       0.78539817820740787     
  -4.9464232960609422E-002 -0.36195732423794857       -2.1088838513476224E-014 -0.59843115300908334       0.78539817820740998     
  -6.4373217043211639E-002 -0.34480150893202977       -1.6627157371908431E-014 -0.58784735417731326       0.78539817820741198     
  -7.5066919225150741E-002 -0.32640494353077898       -1.5630116954924655E-014 -0.57516742398078535       0.78539817820741498     
  -8.1285499621138513E-002 -0.30662941268308375       -2.2275794948864396E-014 -0.56026873712877467       0.78539817820741753     
  -8.2853802035337765E-002 -0.28531938429177028       -1.4726808908812032E-014 -0.54305186547457396       0.78539817820742064     
  -7.9423259506725685E-002 -0.26228224940627332       -1.5846924379525458E-014 -0.52340577975955815       0.78539817820742441     
  -7.0462599963299510E-002 -0.23727423610731790       -1.7527716922783388E-014 -0.50118029535685160       0.78539817820742763     
  -5.5531914284816963E-002 -0.21002581378900942       -1.6102781803778006E-014 -0.47620165486684640       0.78539817820743152     
  -3.4672342609955109E-002 -0.18031505979133300       -1.5757290314963763E-014 -0.44833601003954870       0.78539817820743529     
  -8.6712675684736951E-003 -0.14806032014266712       -1.9205396342714477E-014 -0.41756715350371865       0.78539817820743940     
   2.0928542473580336E-002 -0.11338994544546832       -2.3392580977833959E-014 -0.38404616937622515       0.78539817820744351     
   5.2034820871320164E-002  -7.6666862500506028E-002  -1.8172956273511913E-014 -0.34809722535607257       0.78539817820744817     
   8.2306055299891767E-002  -3.8471940169554131E-002  -2.5495389157677280E-014 -0.31019293323434960       0.78539817820745317     
  0.10946724823686083        4.4578997854394231E-004  -1.5699442245777798E-014 -0.27091451701978819       0.78539817820745839     
  0.13161751889071027        3.9253580805263866E-002  -1.4796747237331046E-014 -0.23089571644514262       0.78539817820746338     
  0.14748369554348528        7.7147556877655177E-002  -1.8302640391783104E-014 -0.19074834215442227       0.78539817820746938     
  0.15651722166808213       0.11345561914549229       -2.3604366579027967E-014 -0.15099200866912366       0.78539817820747526     
  0.15875482705280319       0.14767512725335408       -1.7589297463736482E-014 -0.11203030757945776       0.78539817820748203     
  0.15449997579497676       0.17942319330168033       -1.6594786193437174E-014  -7.4194701007881392E-002  0.78539817820748881     
  0.14402666761140637       0.20834868700262454       -1.9621068413125932E-014  -3.7821004476963793E-002  0.78539817820749602     
  0.12751583720321946       0.23410191789665724       -2.1796262122688268E-014  -3.2808224711962097E-003  0.78539817820750324     
  0.10527301905655406       0.25642730003123049       -1.9263441924683849E-014   2.9091190678282253E-002  0.78539817820751134     
   7.8064899379310049E-002  0.27534976434203529       -2.0252799501028510E-014   5.9158677302047380E-002  0.78539817820752000     
   4.7324690786364698E-002  0.29134405835284838       -1.9518167451900879E-014   8.7146265891311359E-002  0.78539817820752877     
   1.5078122115177450E-002  0.30537785274912466       -1.8570443718001609E-014  0.11370811617707410       0.78539817820753766     
  -1.6367610915825281E-002  0.31879915442160822       -1.7886648117447963E-014  0.13986460436525849       0.78539817820754698     
  -4.4812765090471274E-002  0.33312170809561437       -1.8513379954668738E-014  0.16683781670942821       0.78539817820755642     
  -6.8491823156216824E-002  0.34978759635613699       -2.2174585059120335E-014  0.19584533485619104       0.78539817820756586     
  -8.6277091341523615E-002  0.36996562015044177       -2.3421791281802442E-014  0.22790602020759820       0.78539817820757640     
  -9.7740525474632634E-002  0.39442685173035485       -2.2900271835615149E-014  0.26370557997877242       0.78539817820758606     
 -0.10306055497681754       0.42353475074445868       -1.6801053678991995E-014  0.30356661908812299       0.78539817820759639     
 -0.10279541360048938       0.45735579409393878       -1.5382512719949000E-014  0.34753389343607566       0.78539817820760693     
  -9.7623370027680068E-002  0.49582036989281519       -1.4570098377310719E-014  0.39551192499740750       0.78539817820761781     
  -8.8196021559145521E-002  0.53880165325473683       -2.8163585375120136E-014  0.44733557310417460       0.78539817820762892     
  -7.5186727843600920E-002  0.58601515667432480       -1.7282231155616782E-014  0.50268679046390297       0.78539817820764013     
  -5.9471302765579992E-002  0.63677665579361076       -2.2434161592100777E-014  0.56089107272807759       0.78539817820765168     
  -4.2272554984558397E-002  0.68978744285809768       -2.6124425735089374E-014  0.62074072459629903       0.78539817820766322     
  -2.5126292241141712E-002  0.74312641458476492       -2.1204144304382125E-014  0.68049777287741264       0.78539817820767510     
  -9.6567976389270171E-003  0.79450570352937433       -1.9560352839963725E-014  0.73812048004335118       0.78539817820768665     
   2.7284868670705009E-003  0.84169337999883354       -2.6635342800872139E-014  0.79162623973185120       0.78539817820769853     
   1.1087245689971326E-002  0.88293483912589821       -2.8099536696200467E-014  0.83944562173943993       0.78539817820771085     
   1.5050669761743407E-002  0.91723263173243907       -1.7566941839270114E-014  0.88065106704502227       0.78539817820772284     
   1.4780979168916630E-002  0.94441363778838650       -1.3656183739436551E-014  0.91500676372903200       0.78539817820773550     
   1.0815081506530433E-002  0.96497882653092404       -1.6576921064303144E-014  0.94284383948393113       0.78539817820774771     
   3.8608239973303426E-003  0.97980447736984999       -2.3699175580434965E-014  0.96482227867655723       0.78539817820776048     
  -5.3694517673026354E-003  0.98984702722520623       -2.0281862736504143E-014  0.98169919556644558       0.78539817820777302     
  -1.6217503172376802E-002  0.99603381038370742       -2.1467084078721979E-014  0.99423622124334443       0.78539817820778590     
  -2.8023223539156206E-002  0.99942418736873151       -2.4039595823141652E-014   1.0032969947840140       0.78539817820779878     
  -4.0028760173466793E-002   1.0015274408296548       -1.7230230409732170E-014   1.0100396185731277       0.78539817820781110     
  -5.1349362859651748E-002   1.0045144822210261       -2.1816124014605254E-014   1.0160131265135597       0.78539817820782398     
  -6.1066958873044364E-002   1.0110998389223305       -1.8230776813794117E-014   1.0230149003893096       0.78539817820783686     
  -6.8409610517897512E-002   1.0240815572902022       -2.4869893770068373E-014   1.0327278968651878       0.78539817820784952     
  -7.2920984470695061E-002   1.0457422258163334       -2.4820241159734062E-014   1.0463022647303095       0.78539817820786173     
  -7.4536932231512587E-002   1.0773777396878472       -2.5631250848215692E-014   1.0640703451659572       0.78539817820787350     
  -7.3545138644415253E-002   1.1191227258763519       -2.2229394383328225E-014   1.0854963862805125       0.78539817820788471     
  -7.0458449864143624E-002   1.1700910467385057       -2.1414200617738946E-014   1.1093486337896206       0.78539817820789604     
  -6.5858183872320453E-002   1.2287374759183081       -1.9898834543202789E-014   1.1340054777466868       0.78539817820790636     
  -6.0265253965473331E-002   1.2932819079635784       -2.2806516109467936E-014   1.1577740757606669       0.78539817820791602     
  -5.4081428808997689E-002   1.3620098905918105       -1.3865361845917814E-014   1.1791018105656370       0.78539817820792457     
  -4.7609594073294570E-002   1.4333075871000531       -2.4760681701252702E-014   1.1966128255055910       0.78539817820793378     
  -4.1118834775683899E-002   1.5054389770533056       -9.4260126899115756E-015   1.2090053248980031       0.78539817820794156     
  -3.4894673704569668E-002   1.5762644093133993       -1.7672592289049234E-014   1.2149434223498279       0.78539817820794855     
  -2.9230513979909167E-002   1.6431810513093410       -1.9757114197456458E-014   1.2130856783085600       0.78539817820795543     
  -2.4364065097248977E-002   1.7034406857422155       -2.3177834306511678E-014   1.2022881830118113       0.78539817820796132     
  -2.0403714731479283E-002   1.7547454375882481       -2.8909980141568729E-014   1.1818809704646220       0.78539817820796654     
  -1.7292820013539600E-002   1.7958322857660107       -2.9568726093762893E-014   1.1518540286660262       0.78539817820797153     
  -1.4828867563254744E-002   1.8267669431306004       -2.4210647968364862E-014   1.1128446511908372       0.78539817820797597     
  -1.2720159042723278E-002   1.8488417856507340       -2.9034669235215687E-014   1.0659349757888537       0.78539817820797986     
  -1.0649956211514766E-002   1.8641703174651099       -2.6087846112170460E-014   1.0123591144034396       0.78539817820798319     
  -8.3269070185999494E-003   1.8751836954114154       -2.2643205309662075E-014  0.95323913046080833       0.78539817820798619     
  -5.5155585627448822E-003   1.8842428049785589       -3.1782067643583206E-014  0.88943026932426417       0.78539817820798841     
  -2.0497488702169164E-003   1.8935040784255754       -2.8635111180050504E-014  0.82149106294614116       0.78539817820798996     
   2.1667922867234513E-003   1.9050397530792154       -1.7300354521387375E-014  0.74973211634524883       0.78539817820799063     
   7.1701964703896337E-003   1.9210567445921178       -1.8236906527606277E-014  0.67426532729681421       0.78539817820799074     
   1.2955684464859729E-002   1.9439732668620309       -1.7599269829474277E-014  0.59499419712345558       0.78539817820798885     
   1.9504269052132539E-002   1.9761826390711406       -1.8749886523076769E-014  0.51154869142533510       0.78539817820798630     
   2.6810708866321642E-002   2.0195397574794001       -1.3456372867366853E-014  0.42322977724866129       0.78539817820798241     
   3.4902069903158583E-002   2.0748080824937780       -2.5947310790143038E-014  0.32903853543256578       0.78539817820797753     
   4.3836544208461392E-002   2.1413543644208239       -1.0431740387554640E-014  0.22781389610695546       0.78539817820797064     
   5.3679380361159712E-002   2.2172446517244033       -1.4066340515821978E-014  0.11843384067032181       0.78539817820796243     
   6.4463620080715600E-002   2.2996823911269146       -4.7060830253593565E-015  -2.0057706124291386E-014  0.78539817820795255     
