 force-1force-2force-3workmass
   4.4408920985006262E-016   1.0658141036401503E-014  -2.1490512560269858E-014   0.0000000000000000       0.78539817820995284     
  -1.0658141036401503E-014  -1.7763568394002505E-014  -2.0271295021673697E-014  -2.7732969976425933E-008  0.78539817820995239     
   7.9936057773011271E-015  -2.4868995751603507E-014  -2.6454654143754828E-014  -3.3497271590050316E-007  0.78539817820995261     
   1.7763568394002505E-015   0.0000000000000000       -2.9897183092863873E-014  -1.4682673095166646E-006  0.78539817820995261     
  -2.4868995751603507E-014  -6.0396132539608516E-014  -2.5611162535357620E-014  -4.2025324052475180E-006  0.78539817820995261     
   1.6875389974302379E-014   2.4868995751603507E-014  -3.0436481743996868E-014  -9.4876511963666588E-006  0.78539817820995261     
  -1.0214051826551440E-014  -2.8421709430404007E-014  -2.8104985446020031E-014  -1.8396801402266114E-005  0.78539817820995272     
  -4.4408920985006262E-016  -3.5527136788005009E-015  -2.6517507001575789E-014  -3.2057386396073390E-005  0.78539817820995261     
  -1.2434497875801753E-014   2.1316282072803006E-014  -2.6031594443404421E-014  -5.1568104037134910E-005  0.78539817820995261     
  -4.4408920985006262E-015   1.4210854715202004E-014  -2.6956578984133783E-014  -7.7912841958294177E-005  0.78539817820997548     
  -7.9936057773011271E-015   6.3948846218409017E-014  -2.4748222554598531E-014  -1.1188293421640974E-004  0.78539817820996927     
   5.7731597280508140E-015  -1.0658141036401503E-014  -2.9725328793692620E-014  -1.5402454567962909E-004  0.78539817821000668     
   1.7763568394002505E-014  -7.1054273576010019E-015  -3.0480507685017954E-014  -2.0462868998740585E-004  0.78539817821000679     
  -2.7977620220553945E-014  -1.4210854715202004E-014  -2.6072374208299755E-014  -2.6377201182130328E-004  0.78539817821000690     
  -2.6645352591003757E-015   3.9079850466805510E-014  -3.0385291109954802E-014  -3.3140096750480796E-004  0.78539817821000668     
  -2.5757174171303632E-014   1.0658141036401503E-014  -3.0103127487273074E-014  -4.0743996877629085E-004  0.78539817821000690     
  -2.4868995751603507E-014   3.1974423109204508E-014  -2.9253891850441465E-014  -4.9190005701431339E-004  0.78539817821000679     
   1.8207657603852567E-014  -2.1316282072803006E-014  -2.6997101982494488E-014  -5.8496855227570255E-004  0.78539817821000679     
  -4.4408920985006262E-016   4.6185277824406512E-014  -2.5093576885357981E-014  -6.8706775368561346E-004  0.78539817821000679     
   1.0658141036401503E-014   4.6185277824406512E-014  -2.6851293888844123E-014  -7.9887828129068805E-004  0.78539817821000690     
  -4.8849813083506888E-015  -7.1054273576010019E-015  -2.6060728667975967E-014  -9.2132796473765044E-004  0.78539817821000668     
  -3.9968028886505635E-015   1.4210854715202004E-014  -2.7437480891712357E-014  -1.0555501855369909E-003  0.78539817821000679     
   1.2878587085651816E-014   4.9737991503207013E-014  -2.6238265621245113E-014  -1.2028172330844633E-003  0.78539817821000679     
  -7.5495165674510645E-015   4.9737991503207013E-014  -2.9191945149840705E-014  -1.3644555755164822E-003  0.78539817821000679     
  -4.4408920985006262E-015   7.1054273576010019E-015  -2.7695185873381779E-014  -1.5417514374233277E-003  0.78539817821000679     
  -2.3092638912203256E-014   2.4868995751603507E-014  -3.0989695613493782E-014  -1.7358564823093947E-003  0.78539817821000690     
  -6.2172489379008766E-015   2.8421709430404007E-014  -3.1785339291444020E-014  -1.9477040770378429E-003  0.78539817821000679     
  -2.3980817331903381E-014  -1.7763568394002505E-014  -3.2058281555553038E-014  -2.1779459593689043E-003  0.78539817821000701     
  -7.9936057773011271E-015   6.3948846218409017E-014  -3.0182952259234785E-014  -2.4269169122546064E-003  0.78539817821000679     
  -1.3322676295501878E-014   8.5265128291212022E-014  -3.0694084870977037E-014  -2.6946315345692251E-003  0.78539817821000690     
   1.5099033134902129E-014   1.4210854715202004E-014  -3.1148906859594181E-014  -2.9808130308885683E-003  0.78539817821000679     
  -1.5099033134902129E-014  -1.0658141036401503E-014  -3.1114109347157349E-014  -3.2849498955346834E-003  0.78539817821000701     
  -8.8817841970012523E-015  -4.6185277824406512E-014  -2.8662020820041589E-014  -3.6063731076591554E-003  0.78539817821000701     
  -9.7699626167013776E-015   7.1054273576010019E-015  -3.0410952643669332E-014  -3.9443443974691572E-003  0.78539817821000701     
  -3.2862601528904634E-014  -2.4868995751603507E-014  -2.7386390642415571E-014  -4.2981454214707782E-003  0.78539817821000690     
  -3.0642155479654321E-014  -2.8421709430404007E-014  -2.6869302504964819E-014  -4.6671582000009648E-003  0.78539817821000701     
   2.5757174171303632E-014  -2.8421709430404007E-014  -2.5746668252923830E-014  -5.0509286922135743E-003  0.78539817821000690     
  -3.2418512319054571E-014   3.9079850466805510E-014  -2.5996846588669322E-014  -5.4492076251368426E-003  0.78539817821000713     
  -5.7731597280508140E-015  -1.7763568394002505E-014  -2.5581260782988186E-014  -5.8619653619025880E-003  0.78539817821000713     
  -5.7731597280508140E-015   1.7763568394002505E-014  -2.9941847035075039E-014  -6.2893804091878613E-003  0.78539817821000701     
  -1.5543122344752192E-014   1.0658141036401503E-014  -3.1510809857727348E-014  -6.7318038608147335E-003  0.78539817821000724     
   9.7699626167013776E-015   3.5527136788005009E-015  -2.5485236105919385E-014  -7.1897044102025576E-003  0.78539817821000701     
   4.8849813083506888E-015   1.0658141036401503E-014  -2.8973299726817368E-014  -7.6636003261512098E-003  0.78539817821000724     
  -1.5987211554602254E-014  -1.4210854715202004E-014  -2.9803331896334251E-014  -8.1539858188481862E-003  0.78539817821000713     
  -1.1990408665951691E-014   7.1054273576010019E-015  -2.7879530991514791E-014  -8.6612594445099611E-003  0.78539817821000679     
  -1.9095836023552692E-014   2.1316282072803006E-014  -2.6969300156906464E-014  -9.1856616165304494E-003  0.78539817821000713     
  -2.6645352591003757E-015  -1.0658141036401503E-014  -2.6028533174218930E-014  -9.7272270079936662E-003  0.78539817821000701     
   4.8849813083506888E-015  -6.3948846218409017E-014  -2.3805263891845680E-014  -1.0285755818976061E-002  0.78539817821000701     
  -2.3092638912203256E-014   2.4868995751603507E-014  -2.7291667522275162E-014  -1.0860805766812476E-002  0.78539817821000690     
  -1.3322676295501878E-015   3.1974423109204508E-014  -2.2970797060595591E-014  -1.1451704481723501E-002  0.78539817821000690     
   1.0214051826551440E-014  -3.5527136788005009E-015  -2.4733828420437869E-014  -1.2057579986482825E-002  0.78539817821000690     
  -8.8817841970012523E-016   1.0658141036401503E-014  -2.5072838285630518E-014  -1.2677405300986266E-002  0.78539817821000701     
   4.4408920985006262E-015   1.4210854715202004E-014  -2.6419102571495123E-014  -1.3310052083698953E-002  0.78539817821000690     
   2.8865798640254070E-014   7.1054273576010019E-015  -2.4672879125670436E-014  -1.3954347677130441E-002  0.78539817821000701     
   0.0000000000000000        1.0658141036401503E-014  -2.3826343399867298E-014  -1.4609129977209978E-002  0.78539817821000701     
   1.0658141036401503E-014   1.0658141036401503E-014  -2.4398327697290544E-014  -1.5273295145393773E-002  0.78539817821000679     
   2.9753977059954195E-014   4.9737991503207013E-014  -2.4387576827432302E-014  -1.5945834229013744E-002  0.78539817821000690     
   1.8651746813702630E-014  -3.5527136788005009E-015  -2.7328783528666319E-014  -1.6625856111802784E-002  0.78539817821000679     
   3.1086244689504383E-015  -2.4868995751603507E-014  -2.3633307692237533E-014  -1.7312595725165858E-002  0.78539817821000635     
   9.7699626167013776E-015   1.0658141036401503E-014  -1.9666464331676989E-014  -1.8005407950263064E-002  0.78539817821000657     
   2.6645352591003757E-015   3.5527136788005009E-015  -2.5580724923485874E-014  -1.8703748985106738E-002  0.78539817821000668     
  -6.6613381477509392E-015   2.1316282072803006E-014  -2.1002123020760066E-014  -1.9407148016099551E-002  0.78539817821000635     
   5.3290705182007514E-015  -4.9737991503207013E-014  -2.2801570345937266E-014  -2.0115172739573195E-002  0.78539817821000635     
  -1.6875389974302379E-014  -2.8421709430404007E-014  -2.3683460090191507E-014  -2.0827392582937643E-002  0.78539817821000590     
  -1.0658141036401503E-014  -1.4210854715202004E-014  -2.7498929909511488E-014  -2.1543343382132374E-002  0.78539817821000624     
  -7.9936057773011271E-015   1.4210854715202004E-014  -2.2249753276695796E-014  -2.2262496823054478E-002  0.78539817821000635     
   3.9968028886505635E-015   4.2632564145606011E-014  -2.5765578265446382E-014  -2.2984237226431392E-002  0.78539817821000590     
  -1.7319479184152442E-014  -1.0658141036401503E-014  -2.3550641330570291E-014  -2.3707847341236654E-002  0.78539817821000579     
  -7.5495165674510645E-015   3.9079850466805510E-014  -2.7931988227341842E-014  -2.4432503820456031E-002  0.78539817821000568     
  -2.5313084961453569E-014   2.8421709430404007E-014  -2.6924846447238463E-014  -2.5157282084170118E-002  0.78539817821000524     
   1.0214051826551440E-014   6.7501559897209518E-014  -2.8979792007473232E-014  -2.5881169424515460E-002  0.78539817821000524     
  -1.2434497875801753E-014   2.8421709430404007E-014  -2.3368327732369690E-014  -2.6603084542871636E-002  0.78539817821000502     
   8.8817841970012523E-015   0.0000000000000000       -2.4323389893178795E-014  -2.7321901279179106E-002  0.78539817821000490     
   1.1546319456101628E-014   1.7763568394002505E-014  -2.5060795607862916E-014  -2.8036474115277432E-002  0.78539817821000479     
  -1.0658141036401503E-014   2.1316282072803006E-014  -2.3996431897336749E-014  -2.8745663099903673E-002  0.78539817821000435     
   6.2172489379008766E-015  -3.5527136788005009E-015  -2.5428101266926334E-014  -2.9448356121845043E-002  0.78539817821000402     
   1.8651746813702630E-014   3.9079850466805510E-014  -2.4284240557573548E-014  -3.0143486901185845E-002  0.78539817821000402     
   1.0658141036401503E-014   4.2632564145606011E-014  -2.5611753863841135E-014  -3.0830047618823242E-002  0.78539817821000391     
   1.0658141036401503E-014   2.1316282072803006E-014  -2.6458329757917833E-014  -3.1507095696126086E-002  0.78539817821000368     
   6.6613381477509392E-015   3.1974423109204508E-014  -3.2088204457259778E-014  -3.2173754812520272E-002  0.78539817821000324     
   2.5757174171303632E-014  -3.5527136788005009E-014  -3.0498136734708984E-014  -3.2829210753261506E-002  0.78539817821000302     
   1.3322676295501878E-015  -1.4210854715202004E-014  -2.9131147545942921E-014  -3.3472703079334032E-002  0.78539817821000280     
   1.2434497875801753E-014  -1.7763568394002505E-014  -2.7726078432339250E-014  -3.4103513874417679E-002  0.78539817821000257     
   2.3092638912203256E-014   2.4868995751603507E-014  -3.0859771549577914E-014  -3.4720954946277693E-002  0.78539817821000246     
   1.9539925233402755E-014   2.4868995751603507E-014  -3.1945509520453412E-014  -3.5324354845477801E-002  0.78539817821000180     
   2.0872192862952943E-014  -3.5527136788005009E-014  -2.9170650541711869E-014  -3.5913046928845338E-002  0.78539817821000169     
   2.3980817331903381E-014   3.5527136788005009E-015  -2.9145066480141584E-014  -3.6486359465548679E-002  0.78539817821000124     
   2.3092638912203256E-014   0.0000000000000000       -2.5407790327778458E-014  -3.7043608494008229E-002  0.78539817821000080     
   2.9753977059954195E-014   0.0000000000000000       -2.4151379611486201E-014  -3.7584093815587138E-002  0.78539817821000057     
  -7.5495165674510645E-015  -4.6185277824406512E-014  -2.6175832841191818E-014  -3.8107098196233258E-002  0.78539817821000013     
   1.5543122344752192E-014  -2.8421709430404007E-014  -2.4400629679120265E-014  -3.8611889558358481E-002  0.78539817820999969     
   7.1054273576010019E-015   1.0658141036401503E-014  -2.8526403402989269E-014  -3.9097725712844644E-002  0.78539817820999924     
  -8.4376949871511897E-015   1.4210854715202004E-014  -2.7691392886462186E-014  -3.9563861011183699E-002  0.78539817820999913     
   2.1316282072803006E-014   3.5527136788005009E-015  -2.5624931046485331E-014  -4.0009554203319198E-002  0.78539817820999824     
   7.5495165674510645E-015   7.1054273576010019E-015  -2.5477207664374707E-014  -4.0434076763325555E-002  0.78539817820999802     
  -1.3322676295501878E-014   1.4210854715202004E-014  -2.6665259126942396E-014  -4.0836720986767716E-002  0.78539817820999747     
  -9.3258734068513149E-015   1.7763568394002505E-014  -2.1500521692711800E-014  -4.1216807262260291E-002  0.78539817820999702     
   6.2172489379008766E-015  -1.7763568394002505E-014  -2.1884662816304436E-014  -4.1573690052637335E-002  0.78539817820999658     
   6.6613381477509392E-015   2.1316282072803006E-014  -2.3217128444923695E-014  -4.1906762283468568E-002  0.78539817820999591     
  -3.1530333899354446E-014   1.0658141036401503E-014  -2.0322352065530607E-014  -4.2215458000215200E-002  0.78539817820999547     
  -4.4408920985006262E-016   1.4210854715202004E-014  -2.0939843815076943E-014  -4.2499253315083418E-002  0.78539817820999491     
  -8.8817841970012523E-015   3.1974423109204508E-014  -2.2699441144501657E-014  -4.2757665802263034E-002  0.78539817820999458     
  -7.1054273576010019E-015  -6.0396132539608516E-014  -2.5199776209625193E-014  -4.2990252608966717E-002  0.78539817820999391     
   3.9968028886505635E-015   1.0658141036401503E-014  -2.3033903790507733E-014  -4.3196607622542738E-002  0.78539817820999347     
  -1.5543122344752192E-014   1.4210854715202004E-014  -2.5444114416121206E-014  -4.3376358070664089E-002  0.78539817820999269     
  -4.4408920985006262E-015  -4.9737991503207013E-014  -2.4177153903897918E-014  -4.3529160932762601E-002  0.78539817820999236     
   1.7763568394002505E-015   3.5527136788005009E-014  -2.6986408267135736E-014  -4.3654699507615691E-002  0.78539817820999169     
  -1.6875389974302379E-014   4.6185277824406512E-014  -2.9033333060713408E-014  -4.3752680428685853E-002  0.78539817820999103     
  -8.8817841970012523E-015   5.3290705182007514E-014  -2.8471991623755510E-014  -4.3822831342834601E-002  0.78539817820999047     
  -1.6431300764452317E-014   5.6843418860808015E-014  -1.9232579609361832E-014  -4.3864899386503842E-002  0.78539817820998992     
  -1.1990408665951691E-014   2.8421709430404007E-014  -2.1854670358247140E-014  -4.3878650511103734E-002  0.78539817820998925     
   7.1054273576010019E-015   2.4868995751603507E-014  -2.3703569131394822E-014  -4.3863869631273422E-002  0.78539817820998881     
  -5.7731597280508140E-015   1.4210854715202004E-014  -2.0393988326039724E-014  -4.3820361506783367E-002  0.78539817820998836     
  -2.6645352591003757E-015   3.5527136788005009E-014  -2.3764605407105348E-014  -4.3747952219072683E-002  0.78539817820998747     
   6.6613381477509392E-015   0.0000000000000000       -2.1016517707256240E-014  -4.3646491075827409E-002  0.78539817820998692     
   0.0000000000000000        7.1054273576010019E-015  -2.2727629436824979E-014  -4.3515852762009422E-002  0.78539817820998625     
   3.1086244689504383E-015   4.2632564145606011E-014  -1.9381458411149266E-014  -4.3355939563564760E-002  0.78539817820998570     
   1.8207657603852567E-014  -7.1054273576010019E-015  -2.6225079223290142E-014  -4.3166683506748349E-002  0.78539817820998503     
   3.5083047578154947E-014   0.0000000000000000       -2.1432785314278301E-014  -4.2948048284490392E-002  0.78539817820998448     
  -6.2172489379008766E-015  -3.5527136788005009E-015  -2.2744344543517666E-014  -4.2700030877353967E-002  0.78539817820998370     
   3.0198066269804258E-014  -7.1054273576010019E-015  -2.8671351674217696E-014  -4.2422662812418910E-002  0.78539817820998326     
   9.7699626167013776E-015  -2.1316282072803006E-014  -2.5618351563842796E-014  -4.2116011037875545E-002  0.78539817820998259     
   2.0872192862952943E-014   4.9737991503207013E-014  -2.5988365652401038E-014  -4.1780178426019443E-002  0.78539817820998192     
   3.1530333899354446E-014  -3.1974423109204508E-014  -2.2981606781394692E-014  -4.1415303939306369E-002  0.78539817820998148     
   4.4408920985006262E-015   2.8421709430404007E-014  -2.2948624130451957E-014  -4.1021562516414756E-002  0.78539817820998070     
   1.0658141036401503E-014  -4.9737991503207013E-014  -2.3513607408872198E-014  -4.0599164744889338E-002  0.78539817820997992     
   6.6613381477509392E-015  -7.1054273576010019E-015  -2.2647932424741755E-014  -4.0148356393806761E-002  0.78539817820997937     
   9.3258734068513149E-015   7.1054273576010019E-015  -2.4776507160751299E-014  -3.9669417879119484E-002  0.78539817820997859     
  -8.8817841970012523E-015  -2.8421709430404007E-014  -2.5256491054361091E-014  -3.9162663727832836E-002  0.78539817820997804     
   4.4408920985006262E-015  -1.4210854715202004E-014  -2.1619189165586850E-014  -3.8628442101172444E-002  0.78539817820997759     
   3.5083047578154947E-014  -3.1974423109204508E-014  -2.9086072901440166E-014  -3.8067134421809090E-002  0.78539817820997704     
   1.5987211554602254E-014   4.6185277824406512E-014  -2.6180227474829606E-014  -3.7479155141346254E-002  0.78539817820997637     
   9.3258734068513149E-015   1.4210854715202004E-014  -2.3948842711942671E-014  -3.6864951667967993E-002  0.78539817820997582     
   2.6645352591003757E-015   4.6185277824406512E-014  -2.5623158621728825E-014  -3.6225004464256028E-002  0.78539817820997515     
   5.7731597280508140E-015  -7.1054273576010019E-015  -2.4463890131917256E-014  -3.5559827310795544E-002  0.78539817820997426     
   1.4210854715202004E-014   2.4868995751603507E-014  -2.5258341395871802E-014  -3.4869967723572870E-002  0.78539817820997393     
   9.7699626167013776E-015  -3.5527136788005009E-015  -2.5192914650939276E-014  -3.4156007503545638E-002  0.78539817820997349     
  -1.0214051826551440E-014   1.0658141036401503E-014  -2.7066426665660845E-014  -3.3418563391797163E-002  0.78539817820997260     
  -6.2172489379008766E-015   4.2632564145606011E-014  -2.4517624599411902E-014  -3.2658287800665153E-002  0.78539817820997226     
  -1.7763568394002505E-015   3.5527136788005009E-015  -2.3390661457912834E-014  -3.1875869590350936E-002  0.78539817820997171     
  -8.8817841970012523E-015   4.9737991503207013E-014  -3.0457006412288673E-014  -3.1072034862918541E-002  0.78539817820997093     
  -7.1054273576010019E-015   2.1316282072803006E-014  -2.9258060292654890E-014  -3.0247547748234238E-002  0.78539817820997060     
  -8.8817841970012523E-016  -1.7763568394002505E-014  -3.4987603676136052E-014  -2.9403211163394838E-002  0.78539817820997015     
  -1.8651746813702630E-014   2.1316282072803006E-014  -3.0286509609183685E-014  -2.8539867531739427E-002  0.78539817820996971     
  -1.0214051826551440E-014  -3.1974423109204508E-014  -2.9946702637770592E-014  -2.7658399454998595E-002  0.78539817820996904     
   7.1054273576010019E-015  -6.3948846218409017E-014  -3.0742610256139930E-014  -2.6759730338436150E-002  0.78539817820996882     
  -2.6645352591003757E-015  -1.0658141036401503E-014  -2.6571730419586064E-014  -2.5844824973559888E-002  0.78539817820996827     
   3.9968028886505635E-015   7.8159700933611020E-014  -2.1698544884551486E-014  -2.4914690089161029E-002  0.78539817820996771     
  -6.2172489379008766E-015   2.1316282072803006E-014  -2.3678240476083540E-014  -2.3970374881604029E-002  0.78539817820996749     
   7.1054273576010019E-015  -5.6843418860808015E-014  -2.2575540075084751E-014  -2.3012971540646632E-002  0.78539817820996705     
  -2.0872192862952943E-014   0.0000000000000000       -2.7368507776869593E-014  -2.2043615784894000E-002  0.78539817820996671     
   5.7731597280508140E-015   7.1054273576010019E-014  -2.7924042411879545E-014  -2.1063487422138039E-002  0.78539817820996649     
  -6.2172489379008766E-015  -5.6843418860808015E-014  -2.8405604769074227E-014  -2.0073810947768944E-002  0.78539817820996582     
  -1.8651746813702630E-014   2.8421709430404007E-014  -3.2779114321077144E-014  -1.9075856194070262E-002  0.78539817820996582     
   3.1086244689504383E-015  -3.9079850466805510E-014  -3.3065667936428156E-014  -1.8070939039616762E-002  0.78539817820996516     
  -5.7731597280508140E-015   3.1974423109204508E-014  -3.1237851811347111E-014  -1.7060422187939794E-002  0.78539817820996471     
   3.9968028886505635E-015   2.1316282072803006E-014  -2.6899791048859720E-014  -1.6045716021416467E-002  0.78539817820996460     
   1.1102230246251565E-014   1.4210854715202004E-014  -2.8072463720018692E-014  -1.5028279535660660E-002  0.78539817820996427     
   8.8817841970012523E-016   7.4606987254810520E-014  -3.2153295447840849E-014  -1.4009621357188973E-002  0.78539817820996394     
   7.1054273576010019E-015   1.0658141036401503E-014  -3.0920664243014739E-014  -1.2991300847428500E-002  0.78539817820996372     
  -4.8849813083506888E-015   2.8421709430404007E-014  -2.9893229283825040E-014  -1.1974929293782965E-002  0.78539817820996372     
   9.3258734068513149E-015   1.7763568394002505E-014  -3.1220854090166615E-014  -1.0962171188300562E-002  0.78539817820996372     
   4.4408920985006262E-016   3.5527136788005009E-014  -3.0784271121446465E-014  -9.9547455947301966E-003  0.78539817820996338     
   5.7731597280508140E-015   1.4210854715202004E-014  -3.1891255783413358E-014  -8.9544276036528370E-003  0.78539817820996327     
   8.8817841970012523E-016   0.0000000000000000       -3.1576567362545126E-014  -7.9630498761404933E-003  0.78539817820996305     
   1.7763568394002505E-014   2.8421709430404007E-014  -3.3646376623294485E-014  -6.9825042774966928E-003  0.78539817820996305     
   2.6645352591003757E-015   2.8421709430404007E-014  -3.1978441559119975E-014  -6.0147436021800171E-003  0.78539817820996305     
  -4.8849813083506888E-015  -2.8421709430404007E-014  -3.2656145121990198E-014  -5.0617833934736289E-003  0.78539817820996305     
   2.2204460492503131E-015   7.1054273576010019E-015  -3.5183817099531586E-014  -4.1257038619575415E-003  0.78539817820996305     
  -1.0658141036401503E-014   1.0658141036401503E-014  -3.2994463960777569E-014  -3.2086519084060239E-003  0.78539817820996316     
   1.3322676295501878E-015  -6.3948846218409017E-014  -3.4538260592345532E-014  -2.3128432580573621E-003  0.78539817820996294     
  -1.7763568394002505E-015   4.2632564145606011E-014  -2.8590667257657131E-014  -1.4405647148967304E-003  0.78539817820996305     
  -4.4408920985006262E-015   7.1054273576010019E-015  -3.1383571522364956E-014  -5.9417654506033202E-004  0.78539817820996327     
   4.4408920985006262E-015  -3.1974423109204508E-014  -2.9080563430525484E-014   2.2388499922665339E-004  0.78539817820996327     
  -1.9095836023552692E-014   2.1316282072803006E-014  -2.7035493619583669E-014   1.0111050040637615E-003  0.78539817820996327     
   1.4654943925052066E-014   2.1316282072803006E-014  -2.8584708115982679E-014   1.7648870535681427E-003  0.78539817820996360     
   1.1102230246251565E-014   1.7763568394002505E-014  -2.9112716168034597E-014   2.4825502115274345E-003  0.78539817820996372     
  -1.7763568394002505E-015  -2.4868995751603507E-014  -3.5253048055984879E-014   3.1613258101131914E-003  0.78539817820996405     
  -5.3290705182007514E-015  -3.9079850466805510E-014  -3.0826168925942566E-014   3.7983540311676833E-003  0.78539817820996438     
   1.7763568394002505E-015   4.2632564145606011E-014  -3.1771114944530022E-014   4.3906802634594566E-003  0.78539817820996438     
   1.7763568394002505E-015  -1.0658141036401503E-014  -3.1192728143256956E-014   4.9352512185546482E-003  0.78539817820996460     
  -4.4408920985006262E-016   3.1974423109204508E-014  -3.2937317246066119E-014   5.4289107879368359E-003  0.78539817820996505     
   7.5495165674510645E-015   2.8421709430404007E-014  -3.1900536800721523E-014   5.8683956211609267E-003  0.78539817820996527     
   4.4408920985006262E-015   9.2370555648813024E-014  -3.3229689072147312E-014   6.2503304046841457E-003  0.78539817820996560     
  -3.5527136788005009E-015   6.0396132539608516E-014  -3.3148008146789693E-014   6.5712228193429700E-003  0.78539817820996605     
   5.3290705182007514E-015   3.9079850466805510E-014  -2.8884213435702517E-014   6.8274581519626176E-003  0.78539817820996616     
  -2.2204460492503131E-015   0.0000000000000000       -2.5319488593287179E-014   7.0152935356744273E-003  0.78539817820996660     
   1.7763568394002505E-015   2.8421709430404007E-014  -2.6125566736304671E-014   7.1308517905461777E-003  0.78539817820996727     
   3.9968028886505635E-015   4.9737991503207013E-014  -2.3632141103963567E-014   7.1701148340743148E-003  0.78539817820996793     
   0.0000000000000000        2.4868995751603507E-014  -2.6850268334602102E-014   7.1289166277765936E-003  0.78539817820996816     
   4.8849813083506888E-015  -3.1974423109204508E-014  -2.9166043514518164E-014   7.0029356237409912E-003  0.78539817820996860     
   4.4408920985006262E-016   2.8421709430404007E-014  -2.4213464852860114E-014   6.7876866704884575E-003  0.78539817820996927     
  -3.9968028886505635E-015   3.9079850466805510E-014  -2.8918680763173224E-014   6.4785123343446549E-003  0.78539817820996982     
   2.2204460492503131E-015   4.2632564145606011E-014  -2.6893416679849223E-014   6.0705735877600309E-003  0.78539817820997049     
  -7.9936057773011271E-015  -3.5527136788005009E-014  -2.6981983740804949E-014   5.5588398111947879E-003  0.78539817820997115     
  -6.6613381477509392E-015   0.0000000000000000       -2.7213843634863573E-014   4.9380780498343435E-003  0.78539817820997182     
   1.3322676295501878E-015  -5.3290705182007514E-014  -3.0594547538955590E-014   4.2028414605859987E-003  0.78539817820997238     
   2.2204460492503131E-015  -4.9737991503207013E-014  -2.9473762343358327E-014   3.3474568780125225E-003  0.78539817820997293     
  -1.8207657603852567E-014   2.1316282072803006E-014  -2.5241943858694879E-014   2.3660114208671479E-003  0.78539817820997415     
  -1.3322676295501878E-014   1.4210854715202004E-014  -2.4595271689292968E-014   1.2523380525261973E-003  0.78539817820997471     
  -4.4408920985006262E-016   7.1054273576010019E-014  -2.8456534341614743E-014  -2.1557206614294910E-016  0.78539817820997526     
