 force-1force-2force-3workmass
   4.4408920985006262E-016   1.0658141036401503E-014  -2.1490512560269858E-014   0.0000000000000000       0.78539817820995284     
  -2.6645352591003757E-015  -2.9244445198060021E-003  -2.3228579259476776E-014  -4.3647334458047152E-007  0.78539817820995328     
   2.2204460492503131E-015  -8.9429239973313202E-003  -2.3920120253245578E-014  -5.3120968544172198E-006  0.78539817820995339     
   1.4654943925052066E-014  -1.7737446288528247E-002  -2.6786195978053570E-014  -2.3586369202171359E-005  0.78539817820995328     
  -3.5083047578154947E-014  -2.9167294059600835E-002  -2.7359638138248844E-014  -6.8601475628184139E-005  0.78539817820995317     
   8.8817841970012523E-015  -4.3152958621778481E-002  -2.5925514682690372E-014  -1.5777800496087624E-004  0.78539817820995328     
  -4.8849813083506888E-015  -5.9637307907927095E-002  -2.4643395710278511E-014  -3.1238021882171174E-004  0.78539817820995328     
  -2.3536728122053319E-014  -7.8550246292920178E-002  -2.6893631252561107E-014  -5.5713725939410264E-004  0.78539817820995328     
   3.5527136788005009E-014  -9.9802469578705200E-002  -2.6963181957755985E-014  -9.1977955963726266E-004  0.78539817820995328     
   2.3536728122053319E-014 -0.12328627655992008       -2.6465149580187189E-014  -1.4305214884939021E-003  0.78539817820995328     
   1.7763568394002505E-015 -0.14886645628997286       -2.6507733484752240E-014  -2.1213470021320957E-003  0.78539817820995328     
  -7.1054273576010019E-015 -0.17635958349372771       -2.6942840657217589E-014  -3.0248754861885718E-003  0.78539817820995350     
   2.1760371282653068E-014 -0.20551018934686738       -2.7257872827971970E-014  -4.1726788844987373E-003  0.78539817820995361     
  -1.3766765505351941E-014 -0.23597530375722542       -2.9412267824657797E-014  -5.5931456434796245E-003  0.78539817820995361     
   1.4210854715202004E-014 -0.26732567384976491       -2.6640456429543106E-014  -7.3092185744002558E-003  0.78539817820995350     
   3.6859404417555197E-014 -0.29906536840914910       -2.5453620621008555E-014  -9.3364469700232267E-003  0.78539817820995372     
   4.3964831775156199E-014 -0.33066506089602399       -2.8588960466128435E-014  -1.1681735271334759E-002  0.78539817820995372     
   3.5083047578154947E-014 -0.36160065830917176       -2.6028689050053152E-014  -1.4342980511998005E-002  0.78539817820995395     
   4.3520742565306136E-014 -0.39138882562573585       -2.6580009523198229E-014  -1.7309562202123874E-002  0.78539817820995406     
   1.7763568394002505E-014 -0.41961345902710789       -2.8998634999394839E-014  -2.0563472269717664E-002  0.78539817820995395     
   1.3322676295501878E-015 -0.44594072717162803       -2.5948498063202575E-014  -2.4080799267268027E-002  0.78539817820995439     
   2.1760371282653068E-014 -0.47012353369407478       -2.4692452285578345E-014  -2.7833311219707335E-002  0.78539817820995428     
   1.7763568394002505E-015 -0.49199833318355957       -2.6989961596143437E-014  -3.1789980300322096E-002  0.78539817820995461     
   3.6859404417555197E-014 -0.51147793585702317       -2.7782517047397818E-014  -3.5918410176075666E-002  0.78539817820995483     
   5.1958437552457326E-014 -0.52854347990388817       -2.4361269792847188E-014  -4.0186217864052853E-002  0.78539817820995528     
   1.9984014443252818E-014 -0.54323758396597910       -2.6267183584852997E-014  -4.4562458059709043E-002  0.78539817820995550     
   8.4376949871511897E-015 -0.55565931760293452       -2.5952761320644775E-014  -4.9019153680295746E-002  0.78539817820995572     
  -4.4408920985006262E-014 -0.56596046882309103       -2.4453986723220718E-014  -5.3532927334921432E-002  0.78539817820995605     
   9.3258734068513149E-015 -0.57434190988537281       -2.6396333713486316E-014  -5.8086643398167048E-002  0.78539817820995617     
  -2.8865798640254070E-014 -0.58104874372754978       -2.7540292620018099E-014  -6.2670900663152063E-002  0.78539817820995672     
   2.3980817331903381E-014 -0.58636326576081288       -2.6652380438008416E-014  -6.7285184746053162E-002  0.78539817820995694     
  -3.5971225997855072E-014 -0.59059540395652910       -2.4806698469049082E-014  -7.1938506720881978E-002  0.78539817820995739     
  -2.6645352591003757E-015 -0.59407097557473243       -2.8443921440541238E-014  -7.6649413552554169E-002  0.78539817820995761     
  -6.6613381477509392E-015 -0.59711862805574967       -2.3687697026381297E-014  -8.1445338790577360E-002  0.78539817820995816     
   5.7731597280508140E-015 -0.60005660064901356       -2.6324408455395302E-014  -8.6361346078606793E-002  0.78539817820995861     
   1.1102230246251565E-014 -0.60318043121790232       -2.5544505453680925E-014  -9.1438383494939046E-002  0.78539817820995916     
  -1.0658141036401503E-014 -0.60675249636345718       -2.5881533799254332E-014  -9.6721201940306312E-002  0.78539817820995950     
  -3.8191672047105385E-014 -0.61099391484205690       -2.6053835773127340E-014 -0.10225609433644589       0.78539817820995994     
   5.3290705182007514E-015 -0.61607897435084347       -2.6168942945656958E-014 -0.10808859173395957       0.78539817820996061     
  -6.2172489379008766E-015 -0.62213194707302044       -2.7492027672658986E-014 -0.11426121999839101       0.78539817820996105     
  -2.0428103653102880E-014 -0.62922598611145908       -2.4544468104242711E-014 -0.12081138933339997       0.78539817820996149     
  -1.8207657603852567E-014 -0.63738374602220560       -2.5132273810186438E-014 -0.12776946768980268       0.78539817820996216     
  -1.4210854715202004E-014 -0.64657941554487053       -2.5361081477664997E-014 -0.13515708154900707       0.78539817820996283     
   7.1054273576010019E-015 -0.65674194162943422       -2.8882684966361982E-014 -0.14298569134607542       0.78539817820996360     
  -3.9079850466805510E-014 -0.66775931349969397       -2.8889819830804726E-014 -0.15125549761944201       0.78539817820996405     
   2.0872192862952943E-014 -0.67948382945711927       -2.6080566554334489E-014 -0.15995474022813827       0.78539817820996460     
   9.3258734068513149E-015 -0.69173827283308675       -2.7457034646333841E-014 -0.16905945040386072       0.78539817820996538     
  -5.1958437552457326E-014 -0.70432288157264367       -2.7578616763889590E-014 -0.17853370090895826       0.78539817820996594     
  -7.1054273576010019E-015 -0.71702292668372358       -2.8188671949316463E-014 -0.18833037383103868       0.78539817820996660     
   1.1546319456101628E-014 -0.72961664211206489       -2.9824843360228661E-014 -0.19839243241077753       0.78539817820996749     
  -1.8651746813702630E-014 -0.74188319425574889       -3.3352545931654720E-014 -0.20865464838442893       0.78539817820996805     
   8.8817841970012523E-016 -0.75361035730345627       -3.2744559077521873E-014 -0.21904570527194878       0.78539817820996882     
   4.6185277824406512E-014 -0.76460157507875337       -3.0988166106761852E-014 -0.22949057515043680       0.78539817820996971     
   1.1990408665951691E-014 -0.77468213614477577       -2.8377903268176076E-014 -0.23991305377748251       0.78539817820997060     
   7.1054273576010019E-015 -0.78370425577843683       -2.7945009757038546E-014 -0.25023833627856540       0.78539817820997104     
  -5.3290705182007514E-015 -0.79155093312026992       -2.7548560353125873E-014 -0.26039552102990804       0.78539817820997193     
   1.5543122344752192E-014 -0.79813852300580912       -2.6596911372395929E-014 -0.27031994007979065       0.78539817820997293     
   4.3520742565306136E-014 -0.80341802212023339       -2.7365921041319326E-014 -0.27995522775241177       0.78539817820997360     
  -1.2878587085651816E-014 -0.80737511526122141       -2.7223139966979456E-014 -0.28925505304417687       0.78539817820997460     
   1.1990408665951691E-014 -0.81002906068535729       -2.6594126886118511E-014 -0.29818445519598580       0.78539817820997559     
   2.3536728122053319E-014 -0.81143051723574189       -2.8902013772405127E-014 -0.30672073551511136       0.78539817820997637     
   7.1942451995710144E-014 -0.81165843436899721       -3.0435853513767269E-014 -0.31485387282442368       0.78539817820997726     
   1.8207657603852567E-014 -0.81081614262741297       -2.8370619317765222E-014 -0.32258644560888694       0.78539817820997848     
   4.3964831775156199E-014 -0.80902679812228939       -2.4604172818347558E-014 -0.32993306141954104       0.78539817820997926     
   2.6645352591003757E-015 -0.80642834992247714       -2.5288721030452131E-014 -0.33691931317081192       0.78539817820998037     
  -3.1086244689504383E-015 -0.80316821216046463       -2.6847224704317772E-014 -0.34358030175827015       0.78539817820998137     
   2.2204460492503131E-014 -0.79939783079349169       -2.7644349750666686E-014 -0.34995878356911359       0.78539817820998215     
   1.8207657603852567E-014 -0.79526733615103318       -2.7908708428633250E-014 -0.35610301843020320       0.78539817820998326     
   7.0166095156309893E-014 -0.79092046530588256       -2.9800883466738701E-014 -0.36206440692586739       0.78539817820998414     
  -1.5987211554602254E-014 -0.78648992279297225       -2.6110028386126186E-014 -0.36789501482750353       0.78539817820998536     
  -3.1086244689504383E-015 -0.78209332522429875       -2.8819129221385965E-014 -0.37364508612590797       0.78539817820998636     
  -1.3766765505351941E-014 -0.77782984673403988       -2.8953736027755303E-014 -0.37936064490212296       0.78539817820998747     
  -1.3322676295501878E-014 -0.77377765016225020       -2.7723678786837156E-014 -0.38508128049034696       0.78539817820998836     
   1.6431300764452317E-014 -0.76999215564608825       -2.8893227474129149E-014 -0.39083820080597320       0.78539817820998947     
  -1.7763568394002505E-015 -0.76650516568863303       -2.8750746382950824E-014 -0.39665262615088892       0.78539817820999069     
   4.2188474935755949E-014 -0.76332483517355953       -3.5128593562710045E-014 -0.40253458104855966       0.78539817820999136     
  -3.9523939676655573E-014 -0.76043644701458213       -3.3121701852645874E-014 -0.40848212536993067       0.78539817820999258     
  -2.8421709430404007E-014 -0.75780392960771437       -3.4812867900369758E-014 -0.41448104874992353       0.78539817820999347     
   1.4654943925052066E-014 -0.75537203121241703       -3.0381003898159466E-014 -0.42050503456751542       0.78539817820999480     
  -2.6201263381153694E-014 -0.75306904893725601       -3.5621377000724227E-014 -0.42651628204838232       0.78539817820999547     
  -4.7961634663806763E-014 -0.75080999631646073       -3.1766708023436300E-014 -0.43246655787827848       0.78539817820999658     
  -5.0182080713057076E-014 -0.74850008376739297       -3.4177401220407560E-014 -0.43829863267660585       0.78539817820999758     
  -1.4210854715202004E-014 -0.74603838073964468       -3.5063861461530169E-014 -0.44394804338026361       0.78539817820999858     
  -8.2600593032111647E-014 -0.74332152734178969       -3.5998491025327974E-014 -0.44934511066300153       0.78539817820999958     
  -8.4376949871511897E-015 -0.74024736670458147       -3.7017662949749214E-014 -0.45441713149367580       0.78539817821000057     
  -1.3766765505351941E-014 -0.73671837720322486       -3.3783802615948634E-014 -0.45909066124404774       0.78539817821000146     
  -4.1744385725905886E-014 -0.73264479556472750       -3.6834518767876366E-014 -0.46329379763371570       0.78539817821000235     
  -2.5757174171303632E-014 -0.72794733723523031       -3.5431757643632199E-014 -0.46695838027145875       0.78539817821000335     
  -2.7533531010703882E-014 -0.72255943848880477       -3.0261739562836092E-014 -0.47002202449921704       0.78539817821000424     
   1.3766765505351941E-014 -0.71642896470979878       -3.8161916467386373E-014 -0.47242991630307429       0.78539817821000513     
  -7.7715611723760958E-014 -0.70951935027345314       -3.8730887238952671E-014 -0.47413630582023636       0.78539817821000601     
   1.2878587085651816E-014 -0.70181015657945700       -4.0594783602855295E-014 -0.47510564986737336       0.78539817821000679     
  -3.6859404417555197E-014 -0.69329705533111685       -3.8209915549110051E-014 -0.47531336838212823       0.78539817821000768     
  -4.8405723873656825E-014 -0.68399126339756400       -3.5260023290389375E-014 -0.47474619507932658       0.78539817821000857     
   5.1514348342607263E-014 -0.67391847302235242       -4.0915019052275400E-014 -0.47340211839622626       0.78539817821000923     
   3.9968028886505635E-014 -0.66311733623586022       -4.0342071579014483E-014 -0.47128992431288275       0.78539817821001012     
   3.1530333899354446E-014 -0.65163757480232931       -3.3482965422182638E-014 -0.46842836737150328       0.78539817821001090     
   1.8207657603852567E-014 -0.63953779652903719       -3.8165502534878969E-014 -0.46484500960259822       0.78539817821001179     
   1.9095836023552692E-014 -0.62688310519451029       -3.4306176255008206E-014 -0.46057477868503938       0.78539817821001234     
   5.1514348342607263E-014 -0.61374259453462976       -3.3495907738731282E-014 -0.45565830605431756       0.78539817821001301     
   6.6613381477509392E-014 -0.60018681676913488       -3.0227473599200033E-014 -0.45014011257685027       0.78539817821001368     
   1.1990408665951691E-013 -0.58628531307472542       -3.1701902267280519E-014 -0.44406671354163940       0.78539817821001434     
  -1.0658141036401503E-014 -0.57210428750314257       -3.2349088710688541E-014 -0.43748471602792627       0.78539817821001490     
   4.9293902293356950E-014 -0.55770449739169692       -3.3608243269853137E-014 -0.43043898018327553       0.78539817821001545     
   5.8175686490358203E-014 -0.54313942268967708       -4.1609445981023665E-014 -0.42297091169843171       0.78539817821001612     
   1.8651746813702630E-014 -0.52845376435596947       -4.1466716942746877E-014 -0.41511694608174921       0.78539817821001656     
   1.0214051826551440E-013 -0.51368230849530150       -5.1102130191059145E-014 -0.40690727648685154       0.78539817821001701     
   1.3322676295501878E-015 -0.49884917878741675       -4.8194775630155369E-014 -0.39836486629361545       0.78539817821001756     
   2.5757174171303632E-014 -0.48396748550516833       -4.7156222126903388E-014 -0.38950477581432352       0.78539817821001778     
  -6.6169292267659330E-014 -0.46903936551484549       -5.0471992929709426E-014 -0.38033381988978832       0.78539817821001823     
  -5.7287508070658077E-014 -0.45405639458398639       -3.9468415669468047E-014 -0.37085056027647845       0.78539817821001867     
   2.3536728122053319E-014 -0.43900034147171496       -3.8870015035190877E-014 -0.36104562408547025       0.78539817821001889     
  -3.6859404417555197E-014 -0.42384422298666280       -4.4780702856107573E-014 -0.35090232758755135       0.78539817821001923     
  -9.4591001698063337E-014 -0.40855361076712882       -4.8467056641954356E-014 -0.34039757389652436       0.78539817821001945     
   2.8421709430404007E-014 -0.39308813413209265       -4.2992952408282181E-014 -0.32950298373115849       0.78539817821001967     
  -2.5757174171303632E-014 -0.37740311913795210       -4.9354657136935689E-014 -0.31818621097572120       0.78539817821002023     
  -8.1268325402561459E-014 -0.36145130196162256       -5.1346840163058803E-014 -0.30641238930931536       0.78539817821002034     
  -1.1990408665951691E-013 -0.34518455492144540       -5.3461582433652850E-014 -0.29414565292689687       0.78539817821002056     
  -6.0396132539608516E-014 -0.32855556573357703       -6.0477964161566083E-014 -0.28135067338237540       0.78539817821002078     
   1.6431300764452317E-014 -0.31151941480505130       -5.4189023501444843E-014 -0.26799415580805253       0.78539817821002078     
  -4.0856207306205761E-014 -0.29403500127799020       -5.8434516558977098E-014 -0.25404624110418794       0.78539817821002100     
  -1.4654943925052066E-014 -0.27606627587331189       -5.8648137789531837E-014 -0.23948176594487158       0.78539817821002100     
  -1.1635137298071641E-013 -0.25758324702435331       -4.8186944197520751E-014 -0.22428133934956129       0.78539817821002078     
  -8.8373752760162461E-014 -0.23856273600629407       -4.8693872736311134E-014 -0.20843220280801766       0.78539817821002089     
  -5.2846615972157451E-014 -0.21898886641044157       -3.5353987072863185E-014 -0.19192885016583006       0.78539817821002078     
  -8.1712414612411521E-014 -0.19885328300741989       -3.2244670770404667E-014 -0.17477339326824293       0.78539817821002078     
  -8.7041485130612273E-014 -0.17815510450659033       -3.7392540257179815E-014 -0.15697566937264007       0.78539817821002100     
   6.6613381477509392E-015 -0.15690062357991152       -3.4480853772153298E-014 -0.13855309613519040       0.78539817821002078     
   2.7089441800853820E-014 -0.13510277554859229       -4.4122547063918491E-014 -0.11953028922775566       0.78539817821002067     
  -4.4408920985006262E-014 -0.11278040406595125       -5.1970223891348448E-014  -9.9938465991282754E-002  0.78539817821002089     
  -3.8635761256955448E-014  -8.9957357806671467E-002  -3.6064579688490708E-014  -7.9814665713970001E-002  0.78539817821002056     
  -3.6859404417555197E-014  -6.6661456413445563E-002  -4.4685361623505561E-014  -5.9200822869200920E-002  0.78539817821002078     
  -5.5511151231257827E-014  -4.2923366739163527E-002  -5.1609804812647805E-014  -3.8142733845223376E-002  0.78539817821002056     
   1.5543122344752192E-014  -1.8775431651832264E-002  -3.9937734370086491E-014  -1.6688960177086543E-002  0.78539817821002034     
   5.5067062021407764E-014   5.7495065667865219E-003  -4.2159415914273928E-014   5.1102879257012290E-003  0.78539817821002011     
   3.5527136788005009E-015   3.0619247879460687E-002  -4.7290404827587068E-014   2.7204244889400542E-002  0.78539817821002034     
   9.7699626167013776E-015   5.5803303824834671E-002  -4.3476684780462968E-014   4.9542619562114254E-002  0.78539817821002011     
   4.0412118096355698E-014   8.1273861259475666E-002  -4.3955234661217388E-014   7.2076525068514030E-002  0.78539817821001989     
   5.9507954119908391E-014  0.10700661232230146       -4.7998713057976438E-014   9.4759277515565898E-002  0.78539817821002011     
   9.6811447747313650E-014  0.13298142822344161       -4.7582190841754743E-014  0.11754703849276105       0.78539817821002011     
  -1.5099033134902129E-014  0.15918286079993038       -5.0096199673182511E-014  0.14039928322553763       0.78539817821002011     
   1.3367085216486885E-013  0.18560046234057737       -4.8992120313410895E-014  0.16327908353683895       0.78539817821002011     
   9.2370555648813024E-014  0.21222892080029254       -5.5268048085418867E-014  0.18615320221724296       0.78539817821002011     
   8.0824236192711396E-014  0.23906801396192279       -4.8332580106741031E-014  0.20899200269844265       0.78539817821002023     
   1.1191048088221578E-013  0.26612239209254795       -4.7715821661402660E-014  0.23176918474210062       0.78539817821002034     
   4.1300296516055823E-014  0.29340120408149417       -3.9446267845343663E-014  0.25446136302730515       0.78539817821002056     
   1.0791367799356522E-013  0.32091758672531157       -4.1330298558324001E-014  0.27704751078478829       0.78539817821002078     
  -6.2172489379008766E-015  0.34868804059605907       -5.0964338718656999E-014  0.29950829480230112       0.78539817821002111     
   5.7287508070658077E-014  0.37673171879736600       -4.9736592994132666E-014  0.32182533117296153       0.78539817821002122     
   1.2212453270876722E-013  0.40506965668917161       -4.7770896623276001E-014  0.34398039289197513       0.78539817821002167     
   1.0702549957386509E-013  0.43372397145517994       -3.8690073499492081E-014  0.36595460091530896       0.78539817821002234     
  -2.4868995751603507E-014  0.46271706013171610       -3.2985947754644213E-014  0.38772762953632345       0.78539817821002289     
  -4.7961634663806763E-014  0.49207082351232501       -2.7227605450926396E-014  0.40927695503143546       0.78539817821002333     
  -3.4194869158454821E-014  0.52180594124473956       -3.3226879422829301E-014  0.43057717357058500       0.78539817821002411     
  -9.1038288019262836E-014  0.55194122058186679       -3.3862904419800991E-014  0.45159941056252428       0.78539817821002456     
  -5.5955240441107890E-014  0.58249303773179761       -3.1831932313369511E-014  0.47231083906334348       0.78539817821002544     
  -4.0412118096355698E-014  0.61347488678000417       -3.3359935565934104E-014  0.49267431987436971       0.78539817821002622     
   8.7041485130612273E-014  0.64489704680098470       -3.6850047356869390E-014  0.51264817063776746       0.78539817821002778     
  -1.6520118606422329E-013  0.67676637330495382       -4.4849216639304624E-014  0.53218606591031836       0.78539817821002877     
  -8.5265128291212022E-014  0.70908621563126673       -4.5884271575347633E-014  0.55123706498425129       0.78539817821002966     
  -7.3718808835110394E-014  0.74185645754721108       -4.3350327478564075E-014  0.56974575939625183       0.78539817821003122     
  -9.7699626167013776E-014  0.77507367423243068       -5.2089577422285992E-014  0.58765252776103516       0.78539817821003233     
   5.7287508070658077E-014  0.80873139514847914       -4.7322578194030743E-014  0.60489388192688409       0.78539817821003421     
  -7.6827433304060833E-014  0.84282045916110704       -5.4160125608500749E-014  0.62140288562977197       0.78539817821003577     
  -3.0642155479654321E-014  0.87732944572961991       -4.2335433211089164E-014  0.63710962485328437       0.78539817821003743     
  -1.0125233984581428E-013  0.91224516409823941       -4.4524889615750251E-014  0.65194170805507845       0.78539817821003932     
  -3.2418512319054571E-014  0.94755318125205079       -4.3156632719240702E-014  0.66582477429582809       0.78539817821004132     
  -1.7141843500212417E-013  0.98323836891726657       -3.4780831799513885E-014  0.67868298805065308       0.78539817821004343     
  -6.6169292267659330E-014   1.0192854501138608       -4.3765971618595956E-014  0.69043950105632490       0.78539817821004565     
   3.4194869158454821E-014   1.0556795266401977       -6.1823294960710968E-014  0.70101686382861494       0.78539817821004831     
  -7.5495165674510645E-014   1.0924065703453572       -5.8238414059971132E-014  0.71033737236706784       0.78539817821005053     
   4.4408920985006262E-015   1.1294538630365327       -5.6604802831376602E-014  0.71832333889686062       0.78539817821005342     
   1.2079226507921703E-013   1.1668103722834147       -5.7667545895026010E-014  0.72489727912627799       0.78539817821005620     
   3.6859404417555197E-014   1.2044670531442172       -5.9240359469122807E-014  0.72998201227945003       0.78539817821005919     
   1.1546319456101628E-014   1.2424170687854499       -5.7523518289730916E-014  0.73350067390368778       0.78539817821006208     
  -8.7929663550312398E-014   1.2806559260611774       -4.9750749280354552E-014  0.73537664504294220       0.78539817821006530     
  -1.6164847238542279E-013   1.3191815251808112       -5.2768165157866145E-014  0.73553340463201344       0.78539817821006874     
   1.6120438317557273E-013   1.3579941255716648       -4.5033679039581719E-014  0.73389431481059653       0.78539817821007218     
   2.1760371282653068E-014   1.3970962327906431       -4.5354614524857931E-014  0.73038235115568284       0.78539817821007563     
  -1.0214051826551440E-014   1.4364924138441957       -3.6147535518656719E-014  0.72491979155371133       0.78539817821007984     
   7.2830630415410269E-014   1.4761890503584674       -2.9104973704775923E-014  0.71742787847421141       0.78539817821008362     
   5.5511151231257827E-014   1.5161940407795100       -3.5702306598906724E-014  0.70782646982217834       0.78539817821008751     
   1.1324274851176597E-013   1.5565164639994364       -3.9416626233980290E-014  0.69603369327247933       0.78539817821009161     
   1.7807977314987511E-013   1.5971662175869810       -3.2768069387029394E-014  0.68196561812481882       0.78539817821009594     
   6.9277916736609768E-014   1.6381536440846034       -2.9383369019660814E-014  0.66553595728953496       0.78539817821010072     
   1.1990408665951691E-014   1.6794891586406084       -2.0205009208240238E-014  0.64665581011283635       0.78539817821010516     
   5.0182080713057076E-014   1.7211828906239202       -1.1655103846934730E-014  0.62523345448225687       0.78539817821010960     
   6.1728400169158704E-014   1.7632443508144782       -1.3230261129220747E-014  0.60117419411040185       0.78539817821011426     
  -1.4876988529977098E-013   1.8056821344073519       -1.2411348559401265E-014  0.57438026422643684       0.78539817821011904     
   1.8607337892717624E-013   1.8485036683651437       -1.6708979322653898E-014  0.54475079618578182       0.78539817821012448     
  -1.5543122344752192E-014   1.8917150097828159       -6.0461625230570584E-015  0.51218183889868918       0.78539817821012947     
   5.1958437552457326E-014   1.9353206998877859       -1.3107338789380720E-014  0.47656643255508513       0.78539817821013469     
  -8.4821039081361960E-014   1.9793236761987139       -1.5566633663753211E-014  0.43779472799633012       0.78539817821014024     
   1.1057821325266559E-013   2.0237252432659325       -9.5084673574525222E-015  0.39575414332865710       0.78539817821014579     
   5.3734794391857577E-014   2.0685251004102891       -6.9455304753806891E-015  0.35032954805567806       0.78539817821015145     
   4.4853010194856324E-014   2.1137214229838595       -6.3235693464484847E-015  0.30140346415859520       0.78539817821015712     
  -3.6859404417555197E-014   2.1593109920313474       -2.2480195722559701E-015  0.24885627320962023       0.78539817821016267     
  -1.6342482922482304E-013   2.2052893657756520       -2.5353658889970832E-015  0.19256641874186298       0.78539817821016855     
  -8.8817841970012523E-015   2.2516510852359346        1.8465582640262128E-015  0.13241059371837394       0.78539817821017444     
   5.9507954119908391E-014   2.2983899054602759        1.9362158629591081E-015   6.8263903984588592E-002  0.78539817821018043     
   5.0182080713057076E-014   2.3454990433407055        9.0504663527071931E-016  -1.1457718985473748E-014  0.78539817821018665     
