 force-1force-2force-3workmass
  -8.8817841970012523E-015  -8.8817841970012523E-016  -2.1618456724884375E-014   0.0000000000000000       0.78539909798813157     
   2.3003821070233244E-013   4.7961634663806763E-014  -2.8579928960778830E-014  -1.0853157644949082E-008  0.78539909798813146     
  -1.6608936448392342E-013  -1.4255263636187010E-013  -2.1564609565188346E-014  -2.0195674035276140E-007  0.78539909798813146     
   2.3536728122053319E-014  -4.3298697960381105E-013  -2.9343146161375880E-014  -9.9409275075741654E-007  0.78539909798813135     
   9.6811447747313650E-014   3.7481129311345285E-013  -2.1399044932130394E-014  -3.0389733531883262E-006  0.78539909798813146     
  -1.7852386235972517E-013  -1.3899992268306960E-013  -2.3938854924248541E-014  -7.2712861814150376E-006  0.78539909798813157     
  -1.5898393712632242E-013  -4.8849813083506888E-014  -2.3706409040557084E-014  -1.4731071855234035E-005  0.78539909798813112     
   3.6903813338540203E-013  -3.8280489889075398E-013  -2.2644766169326600E-014  -2.6517743460144350E-005  0.78539909798813157     
   1.6342482922482304E-013   4.3431924723336124E-013  -2.0853892140788663E-014  -4.3784861529949648E-005  0.78539909798813157     
   1.1590728377086634E-013  -3.1086244689504383E-013  -2.3790699368857251E-014  -6.7523885562123520E-005  0.78539909798813179     
  -2.2604140781368187E-013   2.0383694732117874E-013  -2.7621874602124557E-014  -9.8343845975068511E-005  0.78539909798813157     
   1.1635137298071641E-013   1.9051427102567686E-013  -2.6644879638197932E-014  -1.3633395171321061E-004  0.78539909798813146     
  -3.9968028886505635E-014   3.6859404417555197E-014  -1.7039864939709988E-014  -1.8099168568284918E-004  0.78539909798813212     
  -1.1990408665951691E-014  -4.8849813083506888E-015  -2.0782264786351492E-014  -2.3130943562972572E-004  0.78539909798813201     
   1.7053025658242404E-013   1.4654943925052066E-013  -2.4863617531872795E-014  -2.8601113897600006E-004  0.78539909798813201     
   6.6613381477509392E-014   1.4077627952246985E-013  -2.4654680431401748E-014  -3.4382643049252204E-004  0.78539909798813201     
   1.3544720900426910E-013  -1.1279865930191590E-013  -2.5945285474637935E-014  -4.0373897308326745E-004  0.78539909798813212     
  -4.0500935938325711E-013   6.2350125062948791E-013  -1.5638782239804661E-014  -4.6518338083151312E-004  0.78539909798813201     
  -1.8163248682867561E-013  -3.2063240951174521E-013  -2.3048240828396340E-014  -5.2817533104729253E-004  0.78539909798813223     
   3.3439917501709715E-013   3.2862601528904634E-014  -2.6955377470177317E-014  -5.9338189726546031E-004  0.78539909798813212     
  -1.4344081478157023E-013   2.0738966099997924E-013  -2.6047631843933214E-014  -6.6213680896215488E-004  0.78539909798813201     
  -8.7929663550312398E-014  -1.1857181902996672E-013  -2.6178936507902456E-014  -7.3638241742013388E-004  0.78539909798813201     
  -4.4897419115841330E-013  -3.9435121834685560E-013  -1.6869494292127368E-014  -8.1851477964739461E-004  0.78539909798813179     
   1.3322676295501878E-015  -9.1482377229112899E-014  -2.1429530232017200E-014  -9.1112580660679399E-004  0.78539909798813190     
  -3.2196467714129540E-013   3.8635761256955448E-014  -2.7434488387588803E-014  -1.0166651887893452E-003  0.78539909798813201     
  -7.1498362785860081E-014   8.5709217501062085E-014  -2.8604856320064903E-014  -1.1370736948156934E-003  0.78539909798813179     
  -1.5987211554602254E-014   3.0109248427834245E-013  -2.1300740282844021E-014  -1.2734546487350729E-003  0.78539909798813212     
   1.5898393712632242E-013  -1.0214051826551440E-013  -1.8708935003097761E-014  -1.4258444434606665E-003  0.78539909798813179     
  -3.6548541970660153E-013   6.0840221749458578E-014  -2.2539401292169970E-014  -1.5931210329273027E-003  0.78539909798813201     
   4.2499337382650992E-013  -2.0428103653102880E-013  -2.3051009091479285E-014  -1.7730623616923902E-003  0.78539909798813190     
   1.2567724638756772E-013   2.0516921495072893E-013  -2.0014773375812723E-014  -1.9625436773851312E-003  0.78539909798813190     
  -1.1857181902996672E-013  -1.8651746813702630E-014  -2.1551160120193643E-014  -2.1578477062013102E-003  0.78539909798813179     
  -1.3811174426336947E-013  -1.3056222769591841E-013  -2.2449554404408817E-014  -2.3550535040164355E-003  0.78539909798813179     
   5.0626169922907138E-014   1.4210854715202004E-013  -2.2971143632296380E-014  -2.5504645595914033E-003  0.78539909798813201     
   7.6827433304060833E-014   2.7666757773658901E-013  -2.8221662756776439E-014  -2.7410318386229537E-003  0.78539909798813168     
  -5.8619775700208265E-014   3.2907010449889640E-013  -2.7182155711902397E-014  -2.9247235550452499E-003  0.78539909798813190     
  -2.2115642650533118E-013   7.6383344094210770E-014  -2.6730274614888978E-014  -3.1007935867815029E-003  0.78539909798813201     
  -2.2071233729548112E-013   1.1635137298071641E-013  -2.1357602268693887E-014  -3.2699077606819227E-003  0.78539909798813201     
   3.4505731605349865E-013   1.8962609260597674E-013  -2.6658739148380287E-014  -3.4341027200401886E-003  0.78539909798813179     
   3.1930014188219502E-013  -1.9673151996357774E-013  -2.6483155238965486E-014  -3.5965737588183888E-003  0.78539909798813212     
  -2.4291679778798425E-013  -3.3661962106634746E-013  -2.2608613435852824E-014  -3.7613116419266124E-003  0.78539909798813179     
   3.7081449022480228E-013  -1.8651746813702630E-013  -2.2394734052074027E-014  -3.9326293448594951E-003  0.78539909798813201     
  -1.6386891843467311E-013  -7.1054273576010019E-015  -2.1647275339660389E-014  -4.1146343004041519E-003  0.78539909798813190     
   1.0835776720341528E-013  -1.7852386235972517E-013  -2.2276871937550305E-014  -4.3107084940292584E-003  0.78539909798813190     
  -9.1038288019262836E-014   1.5942802633617248E-013  -2.7646215746081825E-014  -4.5230576602561801E-003  0.78539909798813179     
   1.9095836023552692E-013  -7.0166095156309893E-014  -2.8009621187953744E-014  -4.7523829238760307E-003  0.78539909798813168     
   1.3233858453531866E-013   1.0969003483296547E-013  -2.8442977201029038E-014  -4.9977148142630323E-003  0.78539909798813201     
  -1.1013412404281553E-013   1.7497114868092467E-013  -2.3181547284877077E-014  -5.2564319776045032E-003  0.78539909798813179     
   3.9079850466805510E-014  -1.5365486660812167E-013  -2.2484874177236736E-014  -5.5244665733673592E-003  0.78539909798813179     
   1.1546319456101628E-013   9.4146912488213275E-014  -2.6641375424975089E-014  -5.7966771157449415E-003  0.78539909798813190     
  -2.1671553440683056E-013  -1.2434497875801753E-013  -1.8870353716491922E-014  -6.0673496962968532E-003  0.78539909798813201     
  -1.2168044349891716E-013  -7.7271522513910895E-014  -2.6398662530510607E-014  -6.3307726414691956E-003  0.78539909798813190     
   1.6386891843467311E-013   4.0412118096355698E-014  -2.6533390867726041E-014  -6.5818199739058336E-003  0.78539909798813179     
  -7.4162898044960457E-014   4.4009240696141205E-013  -2.2662605727007627E-014  -6.8164770589014267E-003  0.78539909798813168     
   6.6613381477509392E-014  -1.2612133559741778E-013  -2.3065369350042294E-014  -7.0322479061006860E-003  0.78539909798813201     
   4.5297099404706387E-014   4.4453329905991268E-013  -2.4051820526297189E-014  -7.2283969854050056E-003  0.78539909798813168     
   1.7319479184152442E-013   6.6613381477509392E-015  -2.7484709650023176E-014  -7.4059973663498369E-003  0.78539909798813179     
  -2.8288482667448989E-013   4.4853010194856324E-014  -3.0183346936279420E-014  -7.5677791290065244E-003  0.78539909798813157     
   2.2915003228263231E-013   1.3677947663381929E-013  -2.9781246460945163E-014  -7.7177947106852329E-003  0.78539909798813201     
  -5.5599969073227840E-013  -6.4837024638109142E-014  -2.7196795166915016E-014  -7.8609385318824110E-003  0.78539909798813201     
   1.8562928971732617E-013  -1.9317880628477724E-013  -2.6617517713315215E-014  -8.0023746076589575E-003  0.78539909798813212     
   3.3750779948604759E-014   7.0166095156309893E-014  -3.3461619248904746E-014  -8.1469360705841432E-003  0.78539909798813201     
  -3.2018832030189515E-013  -1.2922996006636822E-013  -1.9788432862516136E-014  -8.2985634603280900E-003  0.78539909798813190     
   4.8849813083506888E-015  -1.4210854715202004E-013  -2.0215083133714520E-014  -8.4598439410406012E-003  0.78539909798813201     
   2.7755575615628914E-013   6.2172489379008766E-015  -2.1400522473562828E-014  -8.6317018490564834E-003  0.78539909798813223     
  -1.6520118606422329E-013  -4.9471537977296975E-013  -2.4160529762712167E-014  -8.8132735254098371E-003  0.78539909798813212     
  -1.1235457009206584E-013   1.7941204077942530E-013  -2.1823789801892352E-014  -9.0019783590697955E-003  0.78539909798813201     
   1.0569323194431490E-013  -1.9806378759312793E-013  -2.7035474114355247E-014  -9.1937758509503809E-003  0.78539909798813179     
   1.5543122344752192E-013   5.3290705182007514E-014  -2.3305215156991011E-014  -9.3835779073008219E-003  0.78539909798813201     
  -3.0420110874729289E-013   2.9265478929119126E-013  -2.0043977418775302E-014  -9.5657688516679329E-003  0.78539909798813190     
   1.3544720900426910E-013  -1.6475709685437323E-013  -2.8984689783402380E-014  -9.7347746417906222E-003  0.78539909798813168     
  -1.7319479184152442E-013   2.7799984536613920E-013  -3.1714745443105350E-014  -9.8856186094713472E-003  0.78539909798813168     
   2.4558133304708463E-013  -1.5454304502782179E-013  -3.5890894163825447E-014  -1.0014403998295673E-002  0.78539909798813201     
   1.0169642905566434E-013  -2.4868995751603507E-014  -2.6077465062776260E-014  -1.0118673112667231E-002  0.78539909798813223     
  -4.1744385725905886E-014   5.2713389209202433E-013  -3.1551868108928369E-014  -1.0197607744405257E-002  0.78539909798813190     
  -8.7041485130612273E-014   1.5898393712632242E-013  -3.9133392904587476E-014  -1.0252053854495902E-002  0.78539909798813179     
  -6.3948846218409017E-014  -1.8207657603852567E-014  -3.5117398832696581E-014  -1.0284373093868648E-002  0.78539909798813179     
   1.7941204077942530E-013  -1.5587531265737198E-013  -2.8671608761370352E-014  -1.0298142372584529E-002  0.78539909798813179     
   9.1482377229112899E-014   5.3290705182007514E-014  -3.2192918769230478E-014  -1.0297738296202397E-002  0.78539909798813168     
  -2.3048229991218250E-013   3.1086244689504383E-015  -3.4555719969847837E-014  -1.0287854229935167E-002  0.78539909798813190     
  -2.6201263381153694E-014   3.1219471452459402E-013  -3.4012126601861132E-014  -1.0273003011039172E-002  0.78539909798813179     
  -2.2204460492503131E-014  -1.8651746813702630E-014  -3.4550490770398482E-014  -1.0257057590065344E-002  0.78539909798813157     
   2.3980817331903381E-014  -3.4816594052244909E-013  -3.2550415359559833E-014  -1.0242875519992811E-002  0.78539909798813190     
  -4.7073456244106637E-014  -1.8651746813702630E-014  -3.3675310798967198E-014  -1.0232042234411765E-002  0.78539909798813135     
   2.1760371282653068E-014  -5.9063864910058328E-014  -3.6782574912833583E-014  -1.0224753948516074E-002  0.78539909798813179     
  -8.7929663550312398E-014   1.4166445794216997E-013  -3.3622155327637123E-014  -1.0219845487772883E-002  0.78539909798813157     
   1.1679546219056647E-013  -4.4764192352886312E-013  -3.6839294827830683E-014  -1.0214953186457265E-002  0.78539909798813146     
  -1.9806378759312793E-013   2.5712765250318625E-013  -3.7818727605331386E-014  -1.0206789812562178E-002  0.78539909798813179     
   9.8587804586713901E-014   8.6597395920762210E-014  -3.8101929947836922E-014  -1.0191498493073770E-002  0.78539909798813135     
  -1.8163248682867561E-013   2.0694557179012918E-013  -3.0722396602376161E-014  -1.0165046686890999E-002  0.78539909798813135     
   1.4788170688007085E-013   2.0561330416057899E-013  -2.8683105458071263E-014  -1.0123619647737669E-002  0.78539909798813179     
   1.3855583347321954E-013  -2.4069635173873394E-013  -2.2673257322238585E-014  -1.0063975370786515E-002  0.78539909798813168     
  -6.5281113847959205E-014  -5.3246296261022508E-013  -2.3334206855858386E-014  -9.9837291160835839E-003  0.78539909798813179     
   4.4853010194856324E-014   6.9322325657594774E-013  -2.5599355864528644E-014  -9.8815443555793081E-003  0.78539909798813179     
   4.5607961851601431E-013  -8.3044682241961709E-014  -2.4174946941878318E-014  -9.7572172963542592E-003  0.78539909798813190     
  -5.1514348342607263E-014  -1.9539925233402755E-013  -2.0309291487254783E-014  -9.6116528968930304E-003  0.78539909798813190     
  -1.7053025658242404E-013  -2.5579538487363607E-013  -2.4294188307825156E-014  -9.4467404511311415E-003  0.78539909798813190     
   1.4344081478157023E-013   3.7037040101495222E-013  -2.9273529778379178E-014  -9.2651454976886427E-003  0.78539909798813223     
  -4.2188474935755949E-013  -3.3173463975799677E-013  -2.7134797477482888E-014  -9.0700413800317570E-003  0.78539909798813223     
   1.7807977314987511E-013  -1.2434497875801753E-014  -2.0643849170647990E-014  -8.8648078278370512E-003  0.78539909798813246     
  -1.7763568394002505E-014  -8.0024875614981283E-013  -2.5024776477706480E-014  -8.6527253271220239E-003  0.78539909798813223     
   2.4424906541753444E-014   4.9871218266162032E-013  -2.6917424964002693E-014  -8.4366928806103303E-003  0.78539909798813268     
  -4.5297099404706387E-014   3.9968028886505635E-013  -2.5890098267290995E-014  -8.2189932912912766E-003  0.78539909798813279     
  -2.4380497620768438E-013  -1.5631940186722204E-013  -2.9925719166915078E-014  -8.0011247795646057E-003  0.78539909798813257     
   1.0924594562311540E-013  -4.2321701698710967E-013  -2.2120932093737070E-014  -7.7837110739862325E-003  0.78539909798813301     
  -2.7977620220553945E-014   1.3988810110276972E-013  -2.4107514307998687E-014  -7.5664946926017329E-003  0.78539909798813279     
   1.3944401189291966E-013  -3.0864200084579352E-013  -1.7133314739336465E-014  -7.3484105746697281E-003  0.78539909798813312     
  -2.0428103653102880E-013  -2.2870594307278225E-013  -1.9562603220580550E-014  -7.1277301617702626E-003  0.78539909798813312     
   3.5305092183079978E-013   2.5623947408348613E-013  -2.2020444936968031E-014  -6.9022600110701937E-003  0.78539909798813290     
  -9.2370555648813024E-014  -1.5054624213917123E-013  -2.6307954822273272E-014  -6.6695745947411567E-003  0.78539909798813323     
  -3.0819791163594346E-013   5.9952043329758453E-014  -2.5357423400504015E-014  -6.4272604472734862E-003  0.78539909798813357     
  -1.1635137298071641E-013  -6.9722005946459831E-014  -2.2162366964132148E-014  -6.1731485279419296E-003  0.78539909798813312     
   1.7763568394002505E-015  -2.8954616482224083E-013  -2.9012707821868050E-014  -5.9055135717032137E-003  0.78539909798813345     
   3.0642155479654321E-014   5.0803805606847163E-013  -3.2647851552543327E-014  -5.6232231446107228E-003  0.78539909798813323     
   7.4162898044960457E-014  -2.9798385980939202E-013  -2.8106464914731162E-014  -5.3258246933109987E-003  0.78539909798813334     
  -1.8696155734687636E-013  -3.0642155479654321E-014  -2.6808211479736607E-014  -5.0135654851195532E-003  0.78539909798813357     
  -1.2922996006636822E-013   2.6334490144108713E-013  -2.1579791668569015E-014  -4.6873472696424834E-003  0.78539909798813357     
   2.7311486405778851E-013  -9.2992280542603112E-013  -2.1519500975101670E-014  -4.3486239637369195E-003  0.78539909798813357     
  -2.0294876890147862E-013   2.8510527272374020E-013  -2.0348972137005820E-014  -3.9992559684880469E-003  0.78539909798813379     
  -6.4837024638109142E-014   5.9063864910058328E-013  -2.5719756642647956E-014  -3.6413382779105774E-003  0.78539909798813379     
  -8.0380146982861334E-014  -2.5091040356528538E-013  -1.8592964978400785E-014  -3.2770209813874907E-003  0.78539909798813401     
   2.8244073746463982E-013   3.8191672047105385E-013  -2.4936790864739103E-014  -2.9083400436484830E-003  0.78539909798813423     
   1.6653345369377348E-013   8.8817841970012523E-014  -1.6059082452533549E-014  -2.5370735709460135E-003  0.78539909798813412     
  -2.0472512574087887E-013  -1.5365486660812167E-013  -2.1939076298328008E-014  -2.1646346165367092E-003  0.78539909798813423     
   2.3847590568948362E-013   1.4210854715202004E-013  -1.8433438153826387E-014  -1.7920066045120642E-003  0.78539909798813401     
  -1.7497114868092467E-013  -2.9354296771089139E-013  -1.8391537274790664E-014  -1.4197223725611607E-003  0.78539909798813423     
   7.0166095156309893E-014  -2.5091040356528538E-013  -2.3338661111035097E-014  -1.0478833151457145E-003  0.78539909798813423     
  -1.2123635428906709E-013  -1.8252066524837574E-013  -2.3988078506191103E-014  -6.7621169870069053E-004  0.78539909798813423     
  -2.5890400934258651E-013   3.7747582837255322E-014  -2.8652280267279917E-014  -3.0412718934025307E-004  0.78539909798813423     
  -1.9095836023552692E-013  -8.0335738061876327E-013  -3.2935324467465321E-014   6.9161987109822576E-005  0.78539909798813445     
   1.4166445794216997E-013  -8.4376949871511897E-015  -3.7005202249555078E-014   4.4456221672017904E-004  0.78539909798813423     
   1.8962609260597674E-013  -9.4146912488213275E-014  -2.9153198251129476E-014   8.2299952728703829E-004  0.78539909798813423     
  -3.3528735343679728E-013  -2.4513724383723456E-013  -2.5318676558985523E-014   1.2053321742251377E-003  0.78539909798813456     
  -8.9706020389712648E-014  -2.5801583092288638E-013  -2.3003852873744753E-014   1.5922747025598483E-003  0.78539909798813423     
  -1.1945999744966684E-013   3.9968028886505635E-014  -2.9623567719868783E-014   1.9843359791074100E-003  0.78539909798813445     
   1.6653345369377348E-013  -1.8784973576657649E-013  -2.4929597678628415E-014   2.3817727722774684E-003  0.78539909798813434     
   1.5987211554602254E-013  -4.4408920985006262E-015  -2.9951278132934862E-014   2.7845599728317794E-003  0.78539909798813445     
  -1.0347278589506459E-013   2.1493917756743031E-013  -3.3045336610180498E-014   3.1923783325153998E-003  0.78539909798813445     
   1.6919798895287386E-013  -6.1106675275368616E-013  -2.2114123151471879E-014   3.6046203531188148E-003  0.78539909798813445     
  -1.1102230246251565E-013  -2.7089441800853820E-014  -1.7300263056749129E-014   4.0204144339655024E-003  0.78539909798813468     
  -2.0250467969162855E-013   5.5955240441107890E-013  -1.6799201373361550E-014   4.4386664345434923E-003  0.78539909798813423     
  -2.9043434324194095E-013  -7.4207306965945463E-013  -2.7516144072862177E-014   4.8581164153200795E-003  0.78539909798813445     
  -2.0872192862952943E-014  -7.0965455734040006E-013  -2.6926291079779413E-014   5.2774066654901475E-003  0.78539909798813456     
   2.3625545964023331E-013   8.1401552165516478E-013  -2.6100966404918990E-014   5.6951555341226978E-003  0.78539909798813479     
  -1.0702549957386509E-013  -1.6786572132332367E-013  -2.6169838888360147E-014   6.1100304004630956E-003  0.78539909798813479     
  -2.0916601783937949E-013   4.3032244434471068E-013  -2.7332335034923318E-014   6.5208127245846015E-003  0.78539909798813479     
  -9.7255536957163713E-014   1.9051427102567686E-013  -2.7637926108987174E-014   6.9264486999132124E-003  0.78539909798813479     
  -1.9273471707492718E-013   3.3706371027619753E-013  -2.1810524987543739E-014   7.3260806124277877E-003  0.78539909798813512     
  -1.3411494137471891E-013   2.9265478929119126E-013  -3.0557158692249367E-014   7.7190564020952479E-003  0.78539909798813490     
   2.2382096176443156E-013   3.8369307731045410E-013  -1.9083089272520663E-014   8.1049177142298312E-003  0.78539909798813490     
  -1.1635137298071641E-013  -2.0694557179012918E-013  -2.3348040612468883E-014   8.4833694552810535E-003  0.78539909798813512     
   3.1175062531474396E-013   5.0182080713057076E-013  -2.2384113138269153E-014   8.8542360040917423E-003  0.78539909798813501     
   2.3758772726978350E-013   2.8421709430404007E-014  -2.2222697828921950E-014   9.2174104372673149E-003  0.78539909798813523     
   3.0064839506849239E-013   5.5333515547317802E-013  -3.1471035007168853E-014   9.5728031972859284E-003  0.78539909798813490     
  -3.1086244689504383E-014  -6.7501559897209518E-014  -3.0596148950276856E-014   9.9202956521509122E-003  0.78539909798813534     
  -4.3876013933186186E-013   2.6645352591003757E-013  -2.6361596677764892E-014   1.0259702252319869E-002  0.78539909798813512     
   1.2123635428906709E-013  -1.0924594562311540E-013  -3.1839803324605670E-014   1.0590742911246842E-002  0.78539909798813523     
  -3.0642155479654321E-014  -8.2600593032111647E-014  -2.2893089750582032E-014   1.0913025310979485E-002  0.78539909798813490     
  -3.9968028886505635E-015  -2.7267077484793845E-013  -3.2572628108491586E-014   1.1226035457491790E-002  0.78539909798813523     
  -2.8954616482224083E-013   3.5527136788005009E-014  -2.5948455844837465E-014   1.1529134209436354E-002  0.78539909798813512     
   3.9523939676655573E-014   2.5757174171303632E-014  -2.8151835272174954E-014   1.1821557687988538E-002  0.78539909798813512     
   9.1038288019262836E-014  -1.5099033134902129E-013  -2.7822584966439809E-014   1.2102420258949032E-002  0.78539909798813512     
  -9.2370555648813024E-014   1.8385293287792592E-013  -3.5349148922738437E-014   1.2370719780679718E-002  0.78539909798813512     
  -1.6253665080512292E-013   9.7699626167013776E-014  -2.9390431713316372E-014   1.2625345699025736E-002  0.78539909798813523     
   2.1138646388862981E-013   1.4210854715202004E-013  -3.1427132394891877E-014   1.2865090980933580E-002  0.78539909798813490     
   1.5365486660812167E-013   8.3488771451811772E-014  -4.1393997840900034E-014   1.3088668686692895E-002  0.78539909798813512     
   1.5765166949677223E-013  -3.5438318946034997E-013  -1.9886374637937205E-014   1.3294733209408438E-002  0.78539909798813512     
  -4.9116266609416925E-013  -2.5579538487363607E-013  -2.6591396270628387E-014   1.3481905092385560E-002  0.78539909798813545     
  -1.7763568394002505E-014   3.4638958368304884E-013  -2.5605746361538935E-014   1.3648797203412499E-002  0.78539909798813545     
   2.3137047833188262E-013   1.8651746813702630E-013  -2.2392742836418229E-014   1.3794039262076119E-002  0.78539909798813534     
   1.7763568394002505E-014  -1.3056222769591841E-013  -3.0479758048280477E-014   1.3916297532724720E-002  0.78539909798813512     
   1.1102230246251565E-013   4.3787196091216174E-013  -3.1328820622776757E-014   1.4014287020691629E-002  0.78539909798813523     
  -9.7255536957163713E-014  -2.9132252166164108E-013  -2.3743611514065615E-014   1.4086774643305322E-002  0.78539909798813479     
   1.4432899320127035E-013   1.5454304502782179E-013  -3.0621547395340614E-014   1.4132573326901099E-002  0.78539909798813534     
   1.2079226507921703E-013   2.3891999489933369E-013  -3.3499466507131972E-014   1.4150528444784261E-002  0.78539909798813523     
   1.5010215292932116E-013  -3.5349501104064984E-013  -2.7684837548466350E-014   1.4139499126473609E-002  0.78539909798813512     
   1.2501111257279263E-013  -8.5265128291212022E-014  -3.0328609283865639E-014   1.4098337475377587E-002  0.78539909798813512     
   1.1435297153639112E-013  -2.8599345114344032E-013  -2.8559474677913040E-014   1.4025868560365140E-002  0.78539909798813512     
  -3.1530333899354446E-014  -3.1974423109204508E-013  -3.1583850006692043E-014   1.3920873312881721E-002  0.78539909798813490     
   1.0169642905566434E-013   9.1482377229112899E-013  -2.9563038792703502E-014   1.3782075386860493E-002  0.78539909798813512     
  -1.2301271112846734E-013  -9.4058094646243262E-013  -2.2554197243078644E-014   1.3608131975001658E-002  0.78539909798813490     
   1.1768364061026659E-013  -3.8102854205135372E-013  -2.3165279402616300E-014   1.3397627766267517E-002  0.78539909798813490     
   9.5479180117763462E-014   3.8191672047105385E-013  -2.7326844639535596E-014   1.3149070892610526E-002  0.78539909798813501     
  -1.5565326805244695E-013  -5.0626169922907138E-014  -3.1126601513012941E-014   1.2860889837888578E-002  0.78539909798813490     
   1.7430501486614958E-013  -3.0908609005564358E-013  -2.4473058945354129E-014   1.2531430771494101E-002  0.78539909798813479     
   1.3700152123874432E-013   5.9685589803848416E-013  -2.7825673705425561E-014   1.2158955380255909E-002  0.78539909798813512     
  -1.6786572132332367E-013  -6.9633188104489818E-013  -2.3647510361408819E-014   1.1741639776085444E-002  0.78539909798813512     
   5.1292303737682232E-014  -4.3431924723336124E-013  -3.2222438778182168E-014   1.1277575247143456E-002  0.78539909798813512     
   8.3932860661661834E-014   2.3270274596143281E-013  -3.4135021713883564E-014   1.0764771441752696E-002  0.78539909798813512     
  -1.9761969838327786E-013  -6.3948846218409017E-014  -2.9680576390565984E-014   1.0201162068717795E-002  0.78539909798813490     
   1.4144241333724494E-013   1.5987211554602254E-013  -2.5307895179235438E-014   9.5846125451695130E-003  0.78539909798813523     
  -4.1744385725905886E-014   5.4978244179437752E-013  -2.4846448655502920E-014   8.9129284254845231E-003  0.78539909798813512     
   2.2426505097428162E-014  -4.3964831775156199E-013  -2.5339243911468930E-014   8.1838631071796675E-003  0.78539909798813490     
   8.3710816056736803E-014   1.5099033134902129E-014  -1.9170745260975259E-014   7.3951233281901452E-003  0.78539909798813512     
   7.9269923958236177E-014  -1.0569323194431490E-013  -2.2488807720500460E-014   6.5443713459536479E-003  0.78539909798813512     
  -2.8865798640254070E-013  -5.8797411384148290E-013  -1.9677983668254399E-014   5.6292232983433665E-003  0.78539909798813468     
  -8.1268325402561459E-014   2.7533531010703882E-013  -2.8229707269113744E-014   4.6472439174318203E-003  0.78539909798813468     
   7.2608585810485238E-014   8.1712414612411521E-014  -2.9987709653334301E-014   3.5959383002430734E-003  0.78539909798813501     
   3.2329694477084558E-013  -7.2830630415410269E-014  -2.8083403054798761E-014   2.4727417156637232E-003  0.78539909798813490     
  -8.8151708155237429E-014   2.4069635173873394E-013  -3.0276600621314073E-014   1.2750083971328208E-003  0.78539909798813523     
  -4.0634162701280729E-014  -9.7699626167013776E-014  -2.3341846196280688E-014  -2.1405730449398109E-016  0.78539909798813490     
