 force-1force-2force-3workmass
   1.7763568394002505E-015   2.4868995751603507E-014  -2.1490512560269861E-014   0.0000000000000000       0.78539817820995306     
   5.3290705182007514E-015  -4.2632564145606011E-014  -1.3338738218921561E-014   7.8610611872750068E-018  0.78539817820995261     
   1.3322676295501878E-014   3.5527136788005009E-014  -1.8681889625154565E-014   1.6384506037714631E-017  0.78539817820995284     
  -1.1102230246251565E-014  -6.7501559897209518E-014  -1.6629977121434832E-014   3.3363650585081910E-017  0.78539817820995328     
  -4.7073456244106637E-014  -4.6185277824406512E-014  -1.3376379594800656E-014   2.4204642170954511E-017  0.78539817820995306     
   1.5099033134902129E-014  -1.4210854715202004E-014  -1.5691533752145986E-014   4.7978776563593969E-017  0.78539817820995284     
  -4.0412118096355698E-014   2.1316282072803006E-014  -1.8964369248313961E-014   2.1506297089614150E-016  0.78539817820995306     
   5.1070259132757201E-014   2.8421709430404007E-014  -1.2964821502832508E-014   3.3659008618263443E-016  0.78539817820995195     
   2.5757174171303632E-014   1.7763568394002505E-014  -1.1685679541218068E-014  -9.7469458961561335E-017  0.78539817820995306     
   6.4837024638109142E-014  -8.1712414612411521E-014  -2.5763759502067898E-014   4.1426646025282693E-016  0.78539817820995306     
  -6.2172489379008766E-015   1.4210854715202004E-014  -1.6584681616744056E-014  -2.7613057772760008E-017  0.78539817820995284     
  -5.7731597280508140E-015   8.8817841970012523E-014  -2.3346269209927454E-014  -3.1272777617200381E-017  0.78539817820995306     
  -3.9968028886505635E-015   3.9079850466805510E-014  -2.5928509482129249E-014   2.2625597829252456E-016  0.78539817820995284     
  -8.8817841970012523E-015  -7.1054273576010019E-015  -2.3718232543024766E-014  -6.9548408118458358E-016  0.78539817820995284     
   1.1546319456101628E-014  -3.1974423109204508E-014  -1.6952345651940931E-014  -6.4496789668496931E-016  0.78539817820995250     
   3.8635761256955448E-014  -5.6843418860808015E-014  -2.1818444573834914E-014  -7.1038655758776188E-016  0.78539817820995284     
   5.7731597280508140E-014   2.8421709430404007E-014  -1.6463876581998774E-014  -2.0272946900342159E-015  0.78539817820995306     
  -1.7763568394002505E-015   3.1974423109204508E-014  -2.4090848576190581E-014  -3.9885064093817220E-016  0.78539817820995295     
  -8.8817841970012523E-015   2.1316282072803006E-014  -2.1446316571144863E-014   3.9745025621436866E-016  0.78539817820995261     
   3.7303493627405260E-014  -4.9737991503207013E-014  -2.0320507820561053E-014  -1.9415010502862763E-015  0.78539817820995361     
   1.7319479184152442E-014  -1.9184653865522705E-013  -2.2210382171977939E-014  -1.2303382791295966E-015  0.78539817820995284     
   6.1728400169158704E-014   6.3948846218409017E-014  -2.2147258014169375E-014  -2.9618992881146583E-015  0.78539817820995295     
   4.7073456244106637E-014   5.6843418860808015E-014  -1.7368403324277175E-014  -1.2435166139715794E-015  0.78539817820995339     
  -3.4194869158454821E-014  -7.1054273576010019E-015  -1.9247908013501220E-014  -4.6469284399854994E-015  0.78539817820995339     
  -3.0642155479654321E-014  -9.2370555648813024E-014  -2.1042103686537124E-014  -4.2313284272732553E-015  0.78539817820995328     
   8.5709217501062085E-014  -1.1368683772161603E-013  -2.0636578669933379E-014  -5.7939349692546177E-015  0.78539817820995328     
   2.6645352591003757E-015   4.6185277824406512E-014  -1.9806241087596186E-014  -4.8946365707419915E-015  0.78539817820995317     
   4.9737991503207013E-014  -2.8421709430404007E-014  -2.6137295621798187E-014  -1.0812810614109426E-014  0.78539817820995328     
   1.3278267374516872E-013  -7.1054273576010019E-015  -2.2328176736545074E-014  -1.6611119821149523E-014  0.78539817820995361     
   6.8389738316909643E-014   7.1054273576010019E-015  -2.0395514850502809E-014  -1.0441542735040489E-014  0.78539817820995350     
   2.0428103653102880E-014  -3.5527136788005009E-015  -2.1995285174026563E-014  -1.4853988825984620E-014  0.78539817820995372     
  -1.8651746813702630E-014   1.0658141036401503E-013  -2.5303916833639899E-014  -2.1362560502457055E-014  0.78539817820995383     
   5.4178883601707639E-014  -6.0396132539608516E-014  -2.8589892097318685E-014  -2.4067508160488222E-014  0.78539817820995361     
  -2.6645352591003757E-014   5.3290705182007514E-014  -2.2289599723725971E-014  -2.3928492829875487E-014  0.78539817820995372     
  -9.3258734068513149E-015   8.8817841970012523E-014  -2.3479909490353098E-014  -2.6651251947179534E-014  0.78539817820995417     
  -2.1760371282653068E-014   1.5631940186722204E-013  -2.4303617081423253E-014  -2.9891835695939922E-014  0.78539817820995395     
  -2.2204460492503131E-014  -3.1974423109204508E-014  -1.5290297875876943E-014  -3.3140504233561149E-014  0.78539817820995395     
  -6.2616578588858829E-014  -1.1013412404281553E-013  -1.6301835280638285E-014  -4.0375468917571409E-014  0.78539817820995383     
   1.3322676295501878E-015   1.4210854715202004E-014  -1.8229165485409453E-014  -4.6354204519234735E-014  0.78539817820995383     
  -3.4638958368304884E-014  -6.0396132539608516E-014  -1.8733425656893404E-014  -5.2307086372063445E-014  0.78539817820995428     
  -2.8865798640254070E-015   2.4868995751603507E-014  -2.5318363749933255E-014  -4.6957064649422313E-014  0.78539817820995395     
   6.6613381477509392E-015  -1.7763568394002505E-014  -1.4425101206043173E-014  -6.9962634813244007E-014  0.78539817820995406     
   6.0840221749458578E-014   6.3948846218409017E-014  -1.6420557989720655E-014  -7.3348324305180531E-014  0.78539817820995417     
   8.4376949871511897E-015  -3.5527136788005009E-015  -2.1259900467213191E-014  -8.0779512317910513E-014  0.78539817820995417     
  -3.5971225997855072E-014   6.3948846218409017E-014  -1.4967503200015783E-014  -8.2073473430841871E-014  0.78539817820995372     
  -4.0412118096355698E-014   7.1054273576010019E-015  -2.2281092868941956E-014  -9.1032182366723830E-014  0.78539817820995395     
  -1.4432899320127035E-014  -7.4606987254810520E-014  -1.8653780359909100E-014  -9.7975518374449895E-014  0.78539817820995372     
  -6.8833827526759706E-015  -3.1974423109204508E-014  -2.1009209570638396E-014  -1.1263916720085261E-013  0.78539817820995361     
   5.7731597280508140E-015   2.8421709430404007E-014  -2.2079273465183782E-014  -1.2098085859364183E-013  0.78539817820995395     
   2.4202861936828413E-014   4.2632564145606011E-014  -1.9737563996308828E-014  -1.3938447007833343E-013  0.78539817820995339     
  -2.8865798640254070E-015  -6.0396132539608516E-014  -2.2154944630820911E-014  -1.5133927218158161E-013  0.78539817820995372     
   3.5971225997855072E-014  -7.1054273576010019E-015  -1.5978028853851546E-014  -1.6605881821433363E-013  0.78539817820995395     
   2.4646951146678475E-014  -2.8421709430404007E-014  -2.0166121414328310E-014  -1.8231257140099625E-013  0.78539817820995395     
   1.0436096431476471E-014  -9.9475983006414026E-014  -1.9933147491759434E-014  -2.0268831357254837E-013  0.78539817820995372     
   8.1268325402561459E-014  -6.0396132539608516E-014  -1.5814620171190363E-014  -2.3180650592881825E-013  0.78539817820995372     
  -4.8849813083506888E-014  -8.8817841970012523E-014  -1.2021652353960651E-014  -2.4312607599091042E-013  0.78539817820995339     
   2.5535129566378600E-014  -3.5527136788005009E-014  -7.5170909855236047E-015  -2.6704197832081226E-013  0.78539817820995306     
   1.1546319456101628E-014   6.7501559897209518E-014  -1.1250936149168411E-014  -2.9208449038383583E-013  0.78539817820995328     
   8.7929663550312398E-014  -1.4210854715202004E-014  -1.2318103692781616E-014  -3.0993424265472270E-013  0.78539817820995317     
  -1.0880185641326534E-013  -8.5265128291212022E-014  -1.0477297497707435E-014  -3.4192122003959388E-013  0.78539817820995339     
   2.3314683517128287E-014   3.5527136788005009E-015  -2.4701329196977109E-014  -3.5872837244244105E-013  0.78539817820995328     
  -1.2212453270876722E-014  -1.4210854715202004E-014  -1.5174037490348055E-014  -4.0798906242669801E-013  0.78539817820995317     
  -1.9761969838327786E-014  -3.9079850466805510E-014  -2.4309494729655051E-014  -4.2471779298226408E-013  0.78539817820995306     
   5.5511151231257827E-015  -9.9475983006414026E-014  -2.2553370627783102E-014  -4.5082981688631372E-013  0.78539817820995284     
   6.9055872131684737E-014   3.9079850466805510E-014  -1.5059461120155611E-014  -4.9519172954617881E-013  0.78539817820995284     
  -3.7303493627405260E-014   3.5527136788005009E-014  -1.5781567950679986E-014  -5.2928457746726828E-013  0.78539817820995284     
   2.5757174171303632E-014   2.1316282072803006E-014  -1.7279216504109674E-014  -5.5823813110644679E-013  0.78539817820995261     
   4.8405723873656825E-014   8.5265128291212022E-014  -2.4728596906952199E-014  -6.0882931849418607E-013  0.78539817820995284     
  -6.4392935428259079E-014  -7.1054273576010019E-014  -1.2214019577832956E-014  -6.2443714264671744E-013  0.78539817820995284     
  -7.5051076464660582E-014   7.4606987254810520E-014  -1.3242268265432285E-014  -6.5583703768750713E-013  0.78539817820995284     
   3.5083047578154947E-014   4.2632564145606011E-014  -1.4657083462421325E-014  -6.9412388607557004E-013  0.78539817820995295     
   1.1102230246251565E-014   8.8817841970012523E-014  -2.5676970044833966E-014  -7.3076691976486717E-013  0.78539817820995306     
   2.8421709430404007E-014   1.7763568394002505E-014  -1.9841101364089472E-014  -7.6806069691024399E-013  0.78539817820995306     
   9.7699626167013776E-015   0.0000000000000000       -1.9322734573178186E-014  -8.0139010064391905E-013  0.78539817820995306     
  -1.2434497875801753E-014  -2.8421709430404007E-014  -2.2498140952052099E-014  -8.3380913445071900E-013  0.78539817820995306     
   8.8817841970012523E-016   7.1054273576010019E-015  -2.2259876926643917E-014  -8.6668156054107091E-013  0.78539817820995284     
   1.7763568394002505E-014  -2.3092638912203256E-014  -1.4061076224234060E-014  -9.1912946019980422E-013  0.78539817820995261     
  -6.3060667798708891E-014  -5.8619775700208265E-014  -2.0965835542760290E-014  -9.6038115236557929E-013  0.78539817820995306     
   3.1974423109204508E-014   4.6185277824406512E-014  -2.3942619864373822E-014  -1.0042916445402950E-012  0.78539817820995295     
   5.6843418860808015E-014   6.9277916736609768E-014  -1.7232136037398769E-014  -1.0534313059439509E-012  0.78539817820995284     
   1.7763568394002505E-015  -7.6383344094210770E-014  -1.4831764184954734E-014  -1.1206191408037376E-012  0.78539817820995284     
   2.4868995751603507E-014   8.1712414612411521E-014  -2.0420142508553615E-014  -1.1612231122778911E-012  0.78539817820995239     
   9.7699626167013776E-015  -6.0396132539608516E-014  -2.4619056095571167E-014  -1.2243868927308071E-012  0.78539817820995250     
  -8.8817841970012523E-015   2.3092638912203256E-014  -6.8798020172590096E-015  -1.2630418874739060E-012  0.78539817820995261     
   5.2402526762307389E-014   1.7763568394002505E-015  -1.3481515793352633E-014  -1.3449576608896545E-012  0.78539817820995261     
   8.9706020389712648E-014   4.7961634663806763E-014  -1.6178290125745036E-014  -1.3887516480086300E-012  0.78539817820995217     
   5.1514348342607263E-014   3.1974423109204508E-014  -2.0299039122749170E-014  -1.4436291963689985E-012  0.78539817820995195     
  -6.2172489379008766E-014  -5.8619775700208265E-014  -1.3417835333340175E-014  -1.5328143892076868E-012  0.78539817820995217     
   7.1054273576010019E-015  -3.5527136788005009E-015  -1.9281476324314173E-014  -1.5790957200538056E-012  0.78539817820995195     
   2.3092638912203256E-014   6.9277916736609768E-014  -1.7048733070211058E-014  -1.6324610268288445E-012  0.78539817820995161     
  -8.8817841970012523E-014   1.9539925233402755E-014  -1.6880618942402793E-014  -1.6673662316291287E-012  0.78539817820995195     
  -5.1514348342607263E-014  -1.3145040611561853E-013  -2.1976190600887888E-014  -1.7433708990993709E-012  0.78539817820995239     
   1.4210854715202004E-014   2.6645352591003757E-014  -2.6062710881253818E-014  -1.7942840505759607E-012  0.78539817820995239     
   2.3092638912203256E-014   3.1974423109204508E-014  -2.8069937702333365E-014  -1.8389923957788361E-012  0.78539817820995195     
   5.8619775700208265E-014  -2.3092638912203256E-014  -2.6630286483333620E-014  -1.9266709262628560E-012  0.78539817820995217     
   4.2632564145606011E-014  -2.4868995751603507E-014  -2.2573380391403463E-014  -1.9520332150935916E-012  0.78539817820995173     
   7.1054273576010019E-015   0.0000000000000000       -1.6691413183439740E-014  -2.0098379105564417E-012  0.78539817820995195     
  -4.7961634663806763E-014  -7.1054273576010019E-015  -1.8269635111436666E-014  -2.0650169623606826E-012  0.78539817820995195     
   6.5725203057809267E-014   1.2434497875801753E-013  -2.0467342166596094E-014  -2.1376460525690372E-012  0.78539817820995239     
   1.0125233984581428E-013   1.6164847238542279E-013  -1.6213621754393748E-014  -2.2144972555498919E-012  0.78539817820995195     
   1.0658141036401503E-014   1.1723955140041653E-013  -1.7410788585638518E-014  -2.2899204126771554E-012  0.78539817820995195     
   3.3750779948604759E-014   1.0658141036401503E-014  -9.2918948360343461E-015  -2.3553854793569525E-012  0.78539817820995173     
  -5.5067062021407764E-014  -4.4408920985006262E-014  -1.6225911028038898E-014  -2.3875600992458710E-012  0.78539817820995195     
  -7.1054273576010019E-014   3.5527136788005009E-014  -2.2254613018582498E-014  -2.4805981056140815E-012  0.78539817820995206     
  -6.3948846218409017E-014   3.5527136788005009E-015  -1.7788149934088820E-014  -2.5435593469847584E-012  0.78539817820995239     
  -8.1712414612411521E-014  -2.3092638912203256E-014  -1.7420623625022666E-014  -2.5863432476251531E-012  0.78539817820995173     
   3.5527136788005009E-014  -8.8817841970012523E-015  -2.5123928634441945E-014  -2.6351360160009690E-012  0.78539817820995173     
   6.5725203057809267E-014  -1.7763568394002505E-015  -1.4144835275160803E-014  -2.7188977676593787E-012  0.78539817820995150     
   4.2632564145606011E-014   7.1054273576010019E-015  -1.4637088943576457E-014  -2.7313915880137283E-012  0.78539817820995128     
  -1.2434497875801753E-014   3.1974423109204508E-014  -2.2970793893036893E-014  -2.8131692851659942E-012  0.78539817820995173     
   3.1974423109204508E-014   1.2434497875801753E-014  -1.9473583945033096E-014  -2.8721658546318821E-012  0.78539817820995161     
  -2.1316282072803006E-014   1.7763568394002505E-015  -2.1211440793449253E-014  -2.9334726493528567E-012  0.78539817820995128     
  -7.4606987254810520E-014  -7.7271522513910895E-014  -1.5964595095023946E-014  -2.9599729202282132E-012  0.78539817820995150     
  -6.9277916736609768E-014  -5.5067062021407764E-014  -1.6058096681257184E-014  -2.9983898280470939E-012  0.78539817820995084     
   6.0396132539608516E-014   1.9539925233402755E-014  -2.3654798883310353E-014  -3.0684801973627321E-012  0.78539817820995084     
   2.4868995751603507E-014  -6.0396132539608516E-014  -1.6319233785151681E-014  -3.1227726735288237E-012  0.78539817820995084     
   6.7501559897209518E-014  -7.1054273576010019E-014  -1.6706298296650171E-014  -3.1687861174254329E-012  0.78539817820995106     
  -1.2434497875801753E-014  -1.1546319456101628E-013  -1.5016454139975659E-014  -3.2312707794174149E-012  0.78539817820995084     
   1.1723955140041653E-013  -7.2830630415410269E-014  -1.7773255158546313E-014  -3.2411341934553425E-012  0.78539817820995039     
   5.6843418860808015E-014  -1.2434497875801753E-014  -2.2219470430103307E-014  -3.2979304746050723E-012  0.78539817820995017     
  -9.2370555648813024E-014  -3.9079850466805510E-014  -9.0006220986199836E-015  -3.3385592075075238E-012  0.78539817820995050     
   2.8421709430404007E-014   1.7763568394002505E-015  -1.4850796869076491E-014  -3.3739589547489567E-012  0.78539817820995061     
  -3.5527136788005009E-014  -4.3520742565306136E-014  -1.8930113102078664E-014  -3.3820178971140934E-012  0.78539817820995039     
   1.1723955140041653E-013  -3.5083047578154947E-014  -1.5363208411888866E-014  -3.4190284696455518E-012  0.78539817820995084     
   4.9737991503207013E-014   3.0642155479654321E-014  -2.5370024931084107E-014  -3.4230454405011731E-012  0.78539817820995039     
  -5.3290705182007514E-014   4.7961634663806763E-014  -2.6295465548435158E-014  -3.4675522552643416E-012  0.78539817820994973     
  -6.3948846218409017E-014   1.5987211554602254E-014  -2.2245643177078291E-014  -3.4828288572562547E-012  0.78539817820995017     
  -2.1316282072803006E-014  -3.3084646133829665E-014  -1.5368497243344474E-014  -3.5124383150866868E-012  0.78539817820994984     
  -2.8421709430404007E-014  -4.9071857688431919E-014  -1.9418160333817628E-014  -3.5235410311030249E-012  0.78539817820995017     
   7.1054273576010019E-014  -5.4400928206632670E-014  -1.9326471103964088E-014  -3.5757446238032931E-012  0.78539817820994973     
   2.8421709430404007E-014   1.0436096431476471E-014  -1.5206777293796614E-014  -3.5614139688773171E-012  0.78539817820995006     
   3.1974423109204508E-014   1.1945999744966684E-013  -1.4507516965280766E-014  -3.5936577148173499E-012  0.78539817820994984     
  -1.0658141036401503E-014   6.9722005946459831E-014  -1.7106123623829708E-014  -3.5801867306065971E-012  0.78539817820994962     
  -7.1054273576010019E-015   5.4845017416482733E-014  -1.9499842762676127E-014  -3.5717406004484581E-012  0.78539817820994950     
  -6.3948846218409017E-014   4.7295500849031669E-014  -1.9834719453856346E-014  -3.6053021989069423E-012  0.78539817820994928     
   1.0302869668521453E-013   4.8405723873656825E-014  -1.4933008723379954E-014  -3.6008755501339796E-012  0.78539817820994950     
  -7.4606987254810520E-014   2.2648549702353193E-014  -1.7602669491208007E-014  -3.5943734855536187E-012  0.78539817820994928     
   2.1316282072803006E-014  -1.7763568394002505E-015  -1.9429927243360900E-014  -3.5561390585159578E-012  0.78539817820994950     
   4.2632564145606011E-014  -1.0702549957386509E-013  -1.7959621123239787E-014  -3.5382191254311422E-012  0.78539817820994950     
   6.3948846218409017E-014  -8.0824236192711396E-014  -2.4768966125437929E-014  -3.5314059353889065E-012  0.78539817820994917     
  -1.0480505352461478E-013   6.8389738316909643E-014  -1.9416984692850949E-014  -3.4784095941242099E-012  0.78539817820994906     
   7.6383344094210770E-014  -3.3750779948604759E-014  -1.8133381735241447E-014  -3.4815323677425311E-012  0.78539817820994906     
   5.6843418860808015E-014  -9.9475983006414026E-014  -1.8011703589723250E-014  -3.4079953399666342E-012  0.78539817820994906     
  -5.3290705182007514E-015  -1.0125233984581428E-013  -1.6050492204045832E-014  -3.4269464529235096E-012  0.78539817820994906     
  -2.4868995751603507E-014   4.7073456244106637E-014  -1.3053594303257101E-014  -3.3953170178931707E-012  0.78539817820994851     
   8.1712414612411521E-014   9.1482377229112899E-014  -1.5949432961259381E-014  -3.3478489150592907E-012  0.78539817820994906     
   5.3290705182007514E-014   4.9737991503207013E-014  -1.0798126118594909E-014  -3.2881031315876263E-012  0.78539817820994839     
  -1.5631940186722204E-013   2.8421709430404007E-014  -1.5460906883551571E-014  -3.2643909463014042E-012  0.78539817820994806     
  -3.1974423109204508E-014  -8.5265128291212022E-014  -1.8636292841076014E-014  -3.2199016990511925E-012  0.78539817820994773     
  -1.0125233984581428E-013  -6.2172489379008766E-014  -2.0377385543669022E-014  -3.1512463992723709E-012  0.78539817820994751     
   9.2370555648813024E-014  -1.3322676295501878E-013  -1.6823320298599611E-014  -3.1055011783045295E-012  0.78539817820994728     
  -1.4210854715202004E-014  -3.7303493627405260E-014  -2.3536484608196140E-014  -3.0513688421907545E-012  0.78539817820994762     
  -1.9539925233402755E-014  -6.9277916736609768E-014  -2.3426537946995889E-014  -2.9889231262773788E-012  0.78539817820994773     
  -3.0198066269804258E-014  -1.1013412404281553E-013  -1.9303169938987069E-014  -2.9281392157547098E-012  0.78539817820994728     
  -3.3750779948604759E-014   3.1974423109204508E-014  -1.4285889396548642E-014  -2.8568667502171085E-012  0.78539817820994717     
   5.3290705182007514E-015   2.6645352591003757E-014  -2.2271288865044807E-014  -2.7915269821797445E-012  0.78539817820994640     
  -3.5527136788005009E-015   3.5527136788005009E-014  -1.0407050525546084E-014  -2.6893575054029369E-012  0.78539817820994617     
   2.4868995751603507E-014   5.1514348342607263E-014  -1.5398433692903758E-014  -2.6375910845981027E-012  0.78539817820994640     
   8.8817841970012523E-015   3.0198066269804258E-014  -2.1278701649662346E-014  -2.5570562234872400E-012  0.78539817820994606     
   3.1974423109204508E-014  -1.0835776720341528E-013  -1.6431566451109409E-014  -2.4680108285478586E-012  0.78539817820994617     
  -1.0835776720341528E-013   1.0658141036401503E-014  -1.5525368985936578E-014  -2.4052497745369630E-012  0.78539817820994562     
   3.1974423109204508E-014  -1.4210854715202004E-014  -1.6552918491193773E-014  -2.3176201340832833E-012  0.78539817820994506     
   1.9539925233402755E-014  -1.7763568394002505E-014  -1.7309018634822457E-014  -2.2326799769802333E-012  0.78539817820994462     
  -1.2434497875801753E-014   2.8421709430404007E-014  -1.4183142914906172E-014  -2.1624268946802180E-012  0.78539817820994462     
  -1.2079226507921703E-013   9.4146912488213275E-014  -1.9857371790414352E-014  -2.0720778132131534E-012  0.78539817820994440     
   5.8619775700208265E-014  -5.3290705182007514E-014  -1.8590129458990790E-014  -1.9870829364880004E-012  0.78539817820994395     
  -5.8619775700208265E-014   1.2612133559741778E-013  -1.5742013833351595E-014  -1.9020665838082613E-012  0.78539817820994362     
   4.6185277824406512E-014   8.7041485130612273E-014  -1.3769617460879984E-014  -1.7933403095858280E-012  0.78539817820994329     
  -1.0480505352461478E-013   1.3677947663381929E-013  -2.1728990261626841E-014  -1.7230847341948794E-012  0.78539817820994329     
   7.1054273576010019E-015   2.4868995751603507E-014  -2.7176546843720537E-014  -1.6177025219640154E-012  0.78539817820994340     
  -2.1316282072803006E-014  -1.0658141036401503E-014  -1.9179723194949926E-014  -1.5350796760909407E-012  0.78539817820994262     
   1.9539925233402755E-014  -3.3750779948604759E-014  -2.9519446420276838E-014  -1.4379061128631756E-012  0.78539817820994184     
  -2.6645352591003757E-014   5.6843418860808015E-014  -1.8287720363275127E-014  -1.3521521245969252E-012  0.78539817820994073     
  -3.6415315207705135E-014  -8.8817841970012523E-014  -1.8887508868665557E-014  -1.2652283870614841E-012  0.78539817820993996     
  -2.9309887850104133E-014   2.1316282072803006E-014  -2.0432819199944437E-014  -1.1842189790754601E-012  0.78539817820993996     
   1.2434497875801753E-014  -3.0198066269804258E-014  -2.2512364191640296E-014  -1.0696452429150782E-012  0.78539817820993973     
  -2.4868995751603507E-014  -4.9737991503207013E-014  -2.2329906286009778E-014  -1.0124005798421525E-012  0.78539817820993962     
  -3.1086244689504383E-014   1.4210854715202004E-014  -1.2386703038721501E-014  -9.0205163014023837E-013  0.78539817820993907     
   1.5099033134902129E-014   1.7763568394002505E-015  -1.5151715160872194E-014  -8.5464507958094177E-013  0.78539817820993929     
  -9.7699626167013776E-015   4.7961634663806763E-014  -1.2292489727029701E-014  -7.6492239066477939E-013  0.78539817820993896     
   3.9968028886505635E-014  -1.2612133559741778E-013  -1.8517792075615754E-014  -6.9391543257419613E-013  0.78539817820993885     
   4.6185277824406512E-014  -3.3750779948604759E-014  -1.4238397071826731E-014  -6.0288736788195590E-013  0.78539817820993851     
   4.7073456244106637E-014  -6.5725203057809267E-014  -1.0989445803360277E-014  -5.3141874761909981E-013  0.78539817820993818     
  -4.3520742565306136E-014  -7.6383344094210770E-014  -1.7329339153946117E-014  -4.7014784392741423E-013  0.78539817820993851     
   2.0428103653102880E-014  -1.8296475445822580E-013  -2.2694866470584362E-014  -4.0306282846645517E-013  0.78539817820993829     
  -8.8817841970012523E-015  -1.1368683772161603E-013  -1.1456237322917488E-014  -3.5894852494946984E-013  0.78539817820993796     
   6.2172489379008766E-014  -9.9475983006414026E-014  -1.6812565929408266E-014  -3.0171055883831685E-013  0.78539817820993796     
   1.9539925233402755E-014  -1.0302869668521453E-013  -1.5747957186295840E-014  -2.4837837074463161E-013  0.78539817820993796     
  -2.3980817331903381E-014   6.7501559897209518E-014  -1.3026349145059994E-014  -2.0079081274678948E-013  0.78539817820993751     
  -3.5527136788005009E-014   1.7763568394002505E-014  -1.2231366799971470E-014  -1.6452071296847765E-013  0.78539817820993674     
   2.1316282072803006E-014   0.0000000000000000       -1.5100175783266815E-014  -1.2933986572380745E-013  0.78539817820993729     
   2.1316282072803006E-014   5.3290705182007514E-014  -1.0216472956742885E-014  -8.7325381313017745E-014  0.78539817820993663     
   4.3964831775156199E-014   9.9475983006414026E-014  -2.0297598368200136E-014  -6.0131881674239593E-014  0.78539817820993696     
   1.7763568394002505E-015  -1.4210854715202004E-014  -7.5441975006524766E-015  -3.4543159704630947E-014  0.78539817820993685     
  -5.1070259132757201E-014  -3.5527136788005009E-015  -2.0564667956205748E-014  -2.2551423673117231E-014  0.78539817820993685     
  -1.3766765505351941E-014  -4.2632564145606011E-014  -1.8381807125102746E-014  -9.9826945435304204E-015  0.78539817820993640     
  -4.8849813083506888E-015  -2.8421709430404007E-014  -2.2394840421839153E-014   1.1025507854773843E-015  0.78539817820993663     
  -1.4654943925052066E-014   6.3948846218409017E-014  -1.5397730369473924E-014   3.5315354438876578E-015  0.78539817820993651     
  -6.6169292267659330E-014   1.0302869668521453E-013  -2.0904152200333715E-014   9.6485120970600620E-015  0.78539817820993663     
  -1.1413092693146609E-013   5.3290705182007514E-014  -2.6556675179508361E-014   5.2324629963784201E-015  0.78539817820993663     
   2.5313084961453569E-014   1.2789769243681803E-013  -2.3077394217989124E-014  -1.2615768430332513E-027  0.78539817820993663     
