 force-1force-2force-3workmass
   6.0800638587581446E-002  -9.9475983006414026E-013   1.3611977983657688E-014   0.0000000000000000        39224.441238152125     
   6.0800638191386258E-002  -1.4554959450840954E-003   1.3660142483743563E-014  -2.1723276980283729E-007   39224.441238152132     
   6.0800630488621055E-002  -5.6871582106658991E-003   1.3865902797069856E-014  -3.3781719771357188E-006   39224.441238152132     
   6.0800589784916648E-002  -1.2515926425230361E-002   1.3347996026649112E-014  -1.6643053163945681E-005   39224.441238152140     
   6.0800461089374203E-002  -2.1762097091226451E-002   1.3276546502649419E-014  -5.1184452358563060E-005   39224.441238152140     
   6.0800151932718483E-002  -3.3248533227041577E-002   1.3548090583379382E-014  -1.2156494961136632E-004   39224.441238152147     
   6.0799523836758185E-002  -4.6800907021911087E-002   1.3368992117387194E-014  -2.4514315098074502E-004   39224.441238152140     
   6.0798382494290482E-002  -6.2248526550821026E-002   1.3511293503982815E-014  -4.4151323669336384E-004   39224.441238152140     
   6.0796467039707591E-002  -7.9424850295374938E-002   1.2683962032893981E-014  -7.3197942032218744E-004   39224.441238152140     
   6.0793438771985175E-002  -9.8167484013352180E-002   1.2747029671989333E-014  -1.1390618588779655E-003   39224.441238152154     
   6.0788869445591864E-002 -0.11831788652628461        1.2870611771745492E-014  -1.6860298829995402E-003   39224.441238152140     
   6.0782230632236200E-002 -0.13972099141306060        1.2385761627930735E-014  -2.3964595144688183E-003   39224.441238152132     
   6.0772885034385382E-002 -0.16222477875204788        1.2232231759952458E-014  -3.2938119077815520E-003   39224.441238152125     
   6.0760078066124490E-002 -0.18567989879646163        1.1992410837047713E-014  -4.4010313812482549E-003   39224.441238152111     
   6.0742925866586195E-002 -0.20994021678853514        1.1925182485687494E-014  -5.7401854074320413E-003   39224.441238152081     
   6.0720395598227894E-002 -0.23486375697651241        1.1286086304244756E-014  -7.3321529131106233E-003   39224.441238152038     
   6.0691274778936266E-002 -0.26031311234812549        1.1023042621976000E-014  -9.1963416330346215E-003   39224.441238151980     
   6.0654132496604951E-002 -0.28615753832014335        1.0606195990160729E-014  -1.1350510296853189E-002   39224.441238151914     
   6.0607280589925039E-002 -0.31227579147973827        1.0141655498060945E-014  -1.3810709153982970E-002   39224.441238151805     
   6.0548738398698509E-002 -0.33855625751902352        9.9752709183082767E-015  -1.6591203316912884E-002   39224.441238151674     
   6.0476204110633425E-002 -0.36489613855660608        9.1762244523424008E-015  -1.9704391482056605E-002   39224.441238151499     
   6.0387040279135051E-002 -0.39120249510024507        8.8684479765958091E-015  -2.3160850320538939E-002   39224.441238151288     
   6.0278279013037006E-002 -0.41739386339268592        8.5135488269491908E-015  -2.6969487089254729E-002   39224.441238151005     
   6.0146644040199926E-002 -0.44340032742482549        7.4119863719307945E-015  -3.1137677143326714E-002   39224.441238150663     
   5.9988582919495603E-002 -0.46916216308795811        6.6601845515890815E-015  -3.5671337583904172E-002   39224.441238150248     
   5.9800304370712765E-002 -0.49462842587304223        6.5036962198422068E-015  -4.0574988059898232E-002   39224.441238149731     
   5.9577819588365166E-002 -0.51975630953443286        5.8546183502780750E-015  -4.5851862114508313E-002   39224.441238149113     
   5.9316986336355848E-002 -0.54451113885260582        5.3335305174304935E-015  -5.1504083474006146E-002   39224.441238148385     
   5.9013553102777616E-002 -0.56886644685913978        4.6531154096662268E-015  -5.7532876969546010E-002   39224.441238147498     
   5.8663202300465844E-002 -0.59280375474516944        3.9517671634927121E-015  -6.3938775580242302E-002   39224.441238146450     
   5.8261590259939489E-002 -0.61631197790434200        3.6348803249277722E-015  -7.0721799464523727E-002   39224.441238145242     
   5.7804382787268460E-002 -0.63938657602864168        2.3068633594323372E-015  -7.7881600819676322E-002   39224.441238143816     
   5.7287283722194438E-002 -0.66202860325471846        1.5246855127009209E-015  -8.5417578506337133E-002   39224.441238142157     
   5.6706055497440566E-002 -0.68424380677545216        1.0536539757444624E-015  -9.3328973573703511E-002   39224.441238140258     
   5.6056536338899454E-002 -0.70604191181328346        1.6956591867140999E-016 -0.10161496403199122        39224.441238138075     
   5.5334657117241393E-002 -0.72743614719819405       -2.4309122173869632E-016 -0.11027477343932501        39224.441238135580     
   5.4536461829839733E-002 -0.74844300161990773       -6.7069469482038643E-016 -0.11930780200222735        39224.441238132742     
   5.3658124476344160E-002 -0.76908208806944600       -1.5565339177004020E-015 -0.12871377052982469        39224.441238129511     
   5.2695960593903024E-002 -0.78937597564455331       -2.2442329732280993E-015 -0.13849285742293382        39224.441238125873     
   5.1646433383033763E-002 -0.80934989943790470       -3.2130574164544819E-015 -0.14864580954318951        39224.441238121784     
   5.0506154145272597E-002 -0.82903129920277152       -3.9834783659617982E-015 -0.15917400944693272        39224.441238117193     
   4.9271875420421218E-002 -0.84844921950142194       -5.3293590093449059E-015 -0.17007949420434176        39224.441238112071     
   4.7940490680744907E-002 -0.86763368542310815       -5.8523052605633917E-015 -0.18136493979873647        39224.441238106352     
   4.6509037432839129E-002 -0.88661511549683070       -5.7025565453555774E-015 -0.19303362129219037        39224.441238100000     
   4.4974702517273202E-002 -0.90542385268039283       -6.5863078266583070E-015 -0.20508936771833985        39224.441238092972     
   4.3334833771575654E-002 -0.92408982306656995       -7.1967951783853625E-015 -0.21753651991126421        39224.441238085201     
   4.1586943877341187E-002 -0.94264229981602554       -7.7413619499339405E-015 -0.23037989279043636        39224.441238076659     
   3.9728713944372773E-002 -0.96110975424089062       -8.5747914311055527E-015 -0.24362474355680508        39224.441238067258     
   3.7757990357176696E-002 -0.97951975006764158       -1.0074028833365852E-014 -0.25727673947376672        39224.441238056956     
   3.5672775987902250E-002 -0.99789886184653298       -1.0131976221832004E-014 -0.27134192269599122        39224.441238045700     
   3.3471223009258755E-002  -1.0162726337945287       -1.0663607815279247E-014 -0.28582667825471120        39224.441238033418     
   3.1151627590777331E-002  -1.0346655280912636       -1.1060387451841331E-014 -0.30073769305967968        39224.441238020052     
   2.8712429581693732E-002  -1.0531009023113356       -1.1022483938637805E-014 -0.31608191722333157        39224.441238005529     
   2.6152225801009343E-002  -1.0716010190601573       -1.1325821171936673E-014 -0.33186653069503347        39224.441237989806     
   2.3469791336230950E-002  -1.0901870589137879       -1.3375507414363930E-014 -0.34809890828529166        39224.441237972780     
   2.0664107935645326E-002  -1.1088791298765557       -1.3117097104990657E-014 -0.36478658125657848        39224.441237954408     
   1.7734396372693473E-002  -1.1276962826430861       -1.3924280426975450E-014 -0.38193719857582309        39224.441237934610     
   1.4680149841779566E-002  -1.1466564912728394       -1.3986618806293925E-014 -0.39955847433059866        39224.441237913321     
   1.1501164680480014E-002  -1.1657765854735587       -1.5017408157049529E-014 -0.41765811417127185        39224.441237890445     
   8.1975574431474296E-003  -1.1850721375630755       -1.5061694976357528E-014 -0.43624371872313450        39224.441237865933     
   4.7697784906423069E-003  -1.2045573246594117       -1.4986640179301003E-014 -0.45532266872125771        39224.441237839696     
   1.2186302606417843E-003  -1.2242448163277722       -1.6441424427383772E-014 -0.47490200974217345        39224.441237811669     
  -2.4547157922328311E-003  -1.2441456691698818       -1.6479135208939467E-014 -0.49498833106191409        39224.441237781750     
  -6.2487105538848176E-003  -1.2642692016567594       -1.6429303524638873E-014 -0.51558762840635097        39224.441237749881     
  -1.0161418608571837E-002  -1.2846229131820905       -1.6018372686017823E-014 -0.53670517614417079        39224.441237715997     
  -1.4190518074510883E-002  -1.3052123911921072       -1.6872586465614399E-014 -0.55834538821964674        39224.441237679996     
  -1.8333309323288305E-002  -1.3260412000910655       -1.7224064034040580E-014 -0.58051166449346514        39224.441237641804     
  -2.2586671166910655E-002  -1.3471109906065131       -1.8379957796054415E-014 -0.60320632837405341        39224.441237601364     
  -2.6947021621746503E-002  -1.3684216127131705       -1.7736184221178796E-014 -0.62643057218138587        39224.441237558574     
  -3.1410283887082446E-002  -1.3899711958080516       -1.6553453334883325E-014 -0.65018439381353854        39224.441237513376     
  -3.5971851384830889E-002  -1.4117563072906520       -1.7991619260183353E-014 -0.67446657580811120        39224.441237465682     
  -4.0626556862568164E-002  -1.4337720746168365       -1.7893685196740981E-014 -0.69927465647288045        39224.441237415449     
  -4.5368647858092082E-002  -1.4560122231434498       -1.9188037401150479E-014 -0.72460486701845994        39224.441237362560     
  -5.0191733762584068E-002  -1.4784692347210964       -1.8940744343938411E-014 -0.75045213306168712        39224.441237306964     
  -5.5088806281377967E-002  -1.5011342379797235       -1.8152087983006118E-014 -0.77680994773822398        39224.441237248611     
  -6.0052270645721550E-002  -1.5239968923717022       -1.9574868521172461E-014 -0.80367023621164080        39224.441237187420     
  -6.5073873982941843E-002  -1.5470456806924524       -1.9008214279680498E-014 -0.83102343420620706        39224.441237123319     
  -7.0144652579660849E-002  -1.5702681625803834       -1.9844730807245461E-014 -0.85885856409037942        39224.441237056279     
  -7.5254930398900632E-002  -1.5936510329372986       -1.8591045534000862E-014 -0.88716321892173333        39224.441236986204     
  -8.0394404884045589E-002  -1.6171799147706061       -2.0424920596425760E-014 -0.91592340121356486        39224.441236913059     
  -8.5552184231545481E-002  -1.6408394070361005       -1.9623249942963392E-014 -0.94512349845279786        39224.441236836807     
  -9.0716764917840143E-002  -1.6646133896485225       -2.1835421834831796E-014 -0.97474641411644392        39224.441236757382     
  -9.5876165540291602E-002  -1.6884847659139481       -2.3183855392928053E-014  -1.0047733835914805        39224.441236674757     
 -0.10101804689302896       -1.7124353024154964       -2.1049756895704500E-014  -1.0351838365543671        39224.441236588886     
 -0.10612975747295755       -1.7364458002717988       -2.2255238789627240E-014  -1.0659554563044473        39224.441236499733     
 -0.11119844968503478       -1.7604960042295303       -2.3517229353032008E-014  -1.0970640881356584        39224.441236407292     
 -0.11621116828491945       -1.7845646297235476       -2.1938903425786722E-014  -1.1284837201227251        39224.441236311519     
 -0.12115486540101900       -1.8086296833873128       -2.2904484892157971E-014  -1.1601866567340871        39224.441236212428     
 -0.12601646175653458       -1.8326685839795296       -2.7333305509993943E-014  -1.1921435832043468        39224.441236109968     
 -0.13078302363679550       -1.8566578557375912       -2.3127900638544139E-014  -1.2243233573685117        39224.441236004161     
 -0.13544192056047621       -1.8805729301992109       -2.5168043325819080E-014  -1.2566928606056216        39224.441235895021     
 -0.13998087448451946       -1.9043883840139522       -2.4019573147809419E-014  -1.2892171370056005        39224.441235782528     
 -0.14438806028194340       -1.9280779748699359       -2.3931716490571669E-014  -1.3218594103232331        39224.441235666731     
 -0.14865232434891490       -1.9516141891155989       -2.5295662827360260E-014  -1.3545807675132817        39224.441235547638     
 -0.15276334193045837       -1.9749681132118333       -2.5192621097054150E-014  -1.3873400507430098        39224.441235425278     
 -0.15671165022478839       -1.9981098082184623       -2.2803604813408404E-014  -1.4200941052597624        39224.441235299710     
 -0.16048872293771249       -2.0210083892868411       -2.3025977824870521E-014  -1.4527978386220664        39224.441235170969     
 -0.16408711728091063       -2.0436318836626626       -2.2924620198721332E-014  -1.4854041273887582        39224.441235039121     
 -0.16750055981466383       -2.0659471470755335       -2.4026466192580856E-014  -1.5178637646392765        39224.441234904218     
 -0.17072397415557405       -2.0879199635801946       -2.4452797316603727E-014  -1.5501255449010003        39224.441234766346     
 -0.17375346540294034       -2.1095149933132262       -2.3149926637885987E-014  -1.5821362449849197        39224.441234625578     
 -0.17658621179901085       -2.1306963044335632       -1.9757174361706035E-014  -1.6138410503633693        39224.441234482016     
 -0.17922050203990386       -2.1514270263353801       -2.5502333389679195E-014  -1.6451833384765102        39224.441234335754     
 -0.18165590163972262       -2.1716686742229143       -2.7420047202240266E-014  -1.6761041981914513        39224.441234186903     
 -0.18389326511165599       -2.1913817434343379       -2.8786654743930600E-014  -1.7065429154629790        39224.441234035578     
 -0.18593454289826411       -2.2105256212985260       -2.6523139151551445E-014  -1.7364369544556624        39224.441233881902     
 -0.18778273532498452       -2.2290588689457174       -2.7364125894271218E-014  -1.7657222343289281        39224.441233726029     
 -0.18944184538242748       -2.2469391543832309       -2.7742024929855484E-014  -1.7943331449027173        39224.441233568075     
 -0.19091681475829597       -2.2641225465348782       -2.6380722288324615E-014  -1.8222020514120167        39224.441233408223     
 -0.19221334594974082       -2.2805653386703213       -3.0161060056155978E-014  -1.8492608308316481        39224.441233246616     
 -0.19333780781993426       -2.2962236008404879       -3.1762716549271194E-014  -1.8754406259864691        39224.441233083417     
 -0.19429716214354481       -2.3110529201403338       -3.0162075286862477E-014  -1.9006717421890258        39224.441232918834     
 -0.19509914618080626       -2.3250094415902822       -3.0767040803991744E-014  -1.9248846167303615        39224.441232753015     
 -0.19575208018391177       -2.3380498492660209       -3.0581405907455944E-014  -1.9480099437743821        39224.441232586178     
 -0.19626465107887553       -2.3501295754239813       -3.2337215423782781E-014  -1.9699773155625575        39224.441232418540     
 -0.19664589674902228       -2.3612060817305967       -3.3357907761718171E-014  -1.9907180899690573        39224.441232250298     
 -0.19690474751964493       -2.3712366057559358       -3.1144515853273937E-014  -2.0101636653242565        39224.441232081663     
 -0.19705023466117894       -2.3801778715435269       -3.3916436442109023E-014  -2.0282453665015741        39224.441231912868     
 -0.19709145307276832       -2.3879889148772335       -3.7301308762964073E-014  -2.0448969955211602        39224.441231744160     
 -0.19703713123546540       -2.3946293660266420       -2.9883268735275856E-014  -2.0600535469774321        39224.441231575773     
 -0.19689538108718679       -2.4000601024980845       -3.4070684050852861E-014  -2.0736519285583483        39224.441231407938     
 -0.19667392018496299       -2.4042437716701670       -3.3625506691682947E-014  -2.0856315838656165        39224.441231240926     
 -0.19637949688662415       -2.4071464892363039       -3.4152272278047360E-014  -2.0959361482289012        39224.441231074990     
 -0.19601705536569342       -2.4087368695675480       -3.7220834795912267E-014  -2.1045128007569520        39224.441230910408     
 -0.19558985396645140       -2.4089861337396208       -4.2297172276649946E-014  -2.1113125351656894        39224.441230747441     
 -0.19509935761346003       -2.4078730248588869       -4.0873403853325249E-014  -2.1162946507548845        39224.441230586352     
 -0.19454483277877033       -2.4053795863546164       -3.8235916513556331E-014  -2.1194232503696071        39224.441230427437     
 -0.19392356166988134       -2.4014922571508208       -3.8650000467883151E-014  -2.1206683567033107        39224.441230270982     
 -0.19323096312121402       -2.3962053971547626       -3.4659549537191279E-014  -2.1200091782571207        39224.441230117256     
 -0.19246043788685296       -2.3895170464812594       -3.7387104115911854E-014  -2.1174305063288390        39224.441229966556     
 -0.19160353392160978       -2.3814334798040413       -4.1473239859253346E-014  -2.1129268549561360        39224.441229819182     
 -0.19065080543586543       -2.3719612299458142       -3.7557391700146115E-014  -2.1064954800224331        39224.441229675424     
 -0.18959187117154297       -2.3611130785667100       -3.4747134778000552E-014  -2.0981417483282598        39224.441229535572     
 -0.18841611172251033       -2.3489058114866843       -3.7430414581023142E-014  -2.0878771936942435        39224.441229399934     
 -0.18711369633195868       -2.3353558671763643       -3.6592323782998839E-014  -2.0757156725754271        39224.441229268814     
 -0.18567583483178285       -2.3204789356738189       -3.4069773154716434E-014  -2.0616730193794481        39224.441229142503     
 -0.18409518791037371       -2.3042885153359798       -3.7376802859755944E-014  -2.0457657782234087        39224.441229021300     
 -0.18236616531130695       -2.2867965953684859       -3.3783147253067049E-014  -2.0280118303527566        39224.441228905504     
 -0.18048566446072284       -2.2680070865721333       -3.3957554581570107E-014  -2.0084246034856115        39224.441228795426     
 -0.17845209562342346       -2.2479370126374079       -3.9150519699154398E-014  -1.9870318892184056        39224.441228691372     
 -0.17626632980372658       -2.2265823464767323       -3.7721809250575973E-014  -1.9638456295924769        39224.441228593612     
 -0.17393213993376166       -2.2039364329296056       -3.9194484414159670E-014  -1.9388783648709982        39224.441228502466     
 -0.17145408638521287       -2.1800126138104403       -3.7486110938574758E-014  -1.9121631840020044        39224.441228418225     
 -0.16883859247630884       -2.1547966466456288       -4.0942719985895864E-014  -1.8837119158152191        39224.441228341158     
 -0.16609368476748759       -2.1282804681073237       -4.4818917764108587E-014  -1.8535449990402881        39224.441228271586     
 -0.16322796895404967       -2.1004545491884912       -4.9237051283449412E-014  -1.8216848469883811        39224.441228209791     
 -0.16025080002457831       -2.0712983813110313       -4.9127924252756540E-014  -1.7881477499890543        39224.441228156036     
 -0.15717087544251351       -2.0408182315086876       -5.2756940346291853E-014  -1.7529766362956813        39224.441228110620     
 -0.15399652785609813       -2.0090012852722410       -3.9568890284084147E-014  -1.7162014019515279        39224.441228073811     
 -0.15073705308081664       -1.9758095587863131       -4.4153841562192708E-014  -1.6778342615590240        39224.441228045893     
 -0.14740082694364293       -1.9412469217283679       -5.5933366365404828E-014  -1.6379270902083078        39224.441228027128     
 -0.14399426461873094       -1.9053330258611361       -4.6208509135678897E-014  -1.5965485633577448        39224.441228017778     
 -0.14052318422105947       -1.8680536895496580       -5.4330165462424629E-014  -1.5537424479607900        39224.441228018113     
 -0.13699367728826972       -1.8293740331630879       -5.3244777117884061E-014  -1.5095395401665943        39224.441228028387     
 -0.13341079658157023       -1.7892948550105672       -5.8558950513337405E-014  -1.4640046289593531        39224.441228048840     
 -0.12977762701807927       -1.7478438763821877       -5.5022679681167122E-014  -1.4172282831402718        39224.441228079741     
 -0.12609700312242372       -1.7050291490819909       -5.9930513494969998E-014  -1.3692884492779598        39224.441228121308     
 -0.12237268604464463       -1.6608343661104250       -5.6062742372260326E-014  -1.3202474778607467        39224.441228173797     
 -0.11860852809232686       -1.6152672580700660       -6.5814008988648888E-014  -1.2701912526595240        39224.441228237425     
 -0.11480709756740815       -1.5683574960227951       -5.4491051754251574E-014  -1.2192266101012841        39224.441228312440     
 -0.11097068910905422       -1.5201146037953421       -5.6890164025509433E-014  -1.1674480157148146        39224.441228399046     
 -0.10710239603251259       -1.4705381377051232       -5.5105347732919632E-014  -1.1149462077230385        39224.441228497468     
 -0.10320566429603656       -1.4196412602614714       -6.5422417085403117E-014  -1.0618263591776103        39224.441228607917     
  -9.9283996042455747E-002  -1.3674614951309074       -6.3071126615289193E-014  -1.0082153438796926        39224.441228730597     
  -9.5340399104368534E-002  -1.3140393488284410       -5.6826101622965506E-014 -0.95424486280442267        39224.441228865733     
  -9.1377101660822579E-002  -1.2593849031896589       -5.8207408390180271E-014 -0.90002729222013400        39224.441229013479     
  -8.7396620468098984E-002  -1.2034978511208223       -5.7428952612672874E-014 -0.84567146302987695        39224.441229174059     
  -8.3401760415829473E-002  -1.1464093637704451       -5.5270241345719644E-014 -0.79131221596829526        39224.441229347663     
  -7.9394850121972838E-002  -1.0881620830663223       -5.6687783663959395E-014 -0.73709487917913208        39224.441229534452     
  -7.5378124322712181E-002  -1.0287901741053176       -5.7101870706901206E-014 -0.68316117078095751        39224.441229734628     
  -7.1353417712104572E-002 -0.96833469268912964       -5.4353333024361971E-014 -0.62965963392110424        39224.441229948345     
  -6.7321269524174110E-002 -0.90683289558764812       -5.9227016913755116E-014 -0.57673824022235642        39224.441230175798     
  -6.3281794381544465E-002 -0.84430128446587105       -5.5566128874092485E-014 -0.52453399319240468        39224.441230417127     
  -5.9236010300511399E-002 -0.78076163297784262       -4.7842893140897094E-014 -0.47319015199622427        39224.441230672499     
  -5.5185307642411752E-002 -0.71625504059464262       -5.4393923644214476E-014 -0.42286408337634462        39224.441230942102     
  -5.1130832043869756E-002 -0.65082099091918266       -6.1276556422198780E-014 -0.37371361587937280        39224.441231226039     
  -4.7073666295247785E-002 -0.58449279999108583       -6.9400353154304316E-014 -0.32589448150543632        39224.441231524514     
  -4.3014110901583524E-002 -0.51730394842432048       -6.6075089117653393E-014 -0.27956411565319783        39224.441231837642     
  -3.8951392444996513E-002 -0.44927759699185543       -6.8681625613936157E-014 -0.23487603782098532        39224.441232165569     
  -3.4884860948668162E-002 -0.38042372426788162       -5.4254223589373538E-014 -0.19197921565096010        39224.441232508470     
  -3.0814921304841703E-002 -0.31075622888008780       -5.6446930089628028E-014 -0.15102752723572266        39224.441232866448     
  -2.6742320413096765E-002 -0.24029519636601648       -6.3254263055270906E-014 -0.11218043072609696        39224.441233239661     
  -2.2667663130722771E-002 -0.16905159331439634       -6.1075674870172269E-014  -7.5595477188769244E-002   39224.441233628240     
  -1.8591796091773749E-002  -9.7022904303813107E-002  -5.3144819778495953E-014  -4.1427300538434686E-002   39224.441234032332     
  -1.4516149603122863E-002  -2.4199101663420208E-002  -5.0242229024332565E-014  -9.8314174310019098E-003   39224.441234452068     
  -1.0443156521058761E-002   4.9436650340030752E-002  -5.1728086389004959E-014   1.9034655276234602E-002   39224.441234887578     
  -6.3769288828102177E-003  0.12390617412852833       -4.9136676779143513E-014   4.5009909001580972E-002   39224.441235339007     
  -2.3234894309400733E-003  0.19923101740011617       -5.2331027080672666E-014   6.7927367112779358E-002   39224.441235806480     
   1.7093174691859558E-003  0.27543383351468975       -4.8109068863559583E-014   8.7614400705688489E-002   39224.441236290135     
   5.7116488767767759E-003  0.35254435908402471       -4.2241065988168332E-014  0.10389420566943297        39224.441236790110     
   9.6711426155061675E-003  0.43059883209499006       -4.3126239074882770E-014  0.11658463378971717        39224.441237306542     
   1.3572546012916353E-002  0.50963681722704735       -4.1178794939244454E-014  0.12549640992250222        39224.441237839565     
   1.7397456273365974E-002  0.58970317571372277       -2.9086833433708091E-014  0.13043290721706269        39224.441238389336     
   2.1123466089424392E-002  0.67085047162027678       -4.3653773955145518E-014  0.13118967339126186        39224.441238955973     
   2.4723710871860760E-002  0.75313799825897831       -3.5983988174729412E-014  0.12755295766113406        39224.441239539643     
   2.8167116492244071E-002  0.83663127993803954       -3.0747702504572038E-014  0.11929839157366207        39224.441240140499     
   3.1418187270412679E-002  0.92140134995543121       -3.1880033725969417E-014  0.10618966277966013        39224.441240758679     
   3.4437405761706730E-002   1.0075248089331872       -2.9813721142393969E-014   8.7977318197244081E-002   39224.441241394350     
   3.7182192146043569E-002   1.0950828567351500       -2.3939657374848967E-014   6.4397442473162370E-002   39224.441242047680     
   3.9606907724186291E-002   1.1841578397903305       -2.9918228731717567E-014   3.5170375960147215E-002   39224.441242718836     
   4.1662888767139972E-002   1.2748311134798378       -2.3993061723803072E-014  -6.2275261606529050E-015   39224.441243407971     
