 force-1force-2force-3workmass
   3.1086244689504383E-015  -6.6613381477509392E-015  -2.1618456724884413E-014   0.0000000000000000       0.78539909798813146     
  -7.0610184366159956E-014  -1.4167726801948000E-003  -2.0322147305655739E-014  -2.1145332251913240E-007  0.78539909798813157     
   7.9936057773011271E-014  -5.4509954927057791E-003  -2.1224685911598359E-014  -3.2378913226677013E-006  0.78539909798813135     
   2.0872192862952943E-014  -1.2136517084912590E-002  -2.3944929402982414E-014  -1.6138533593668125E-005  0.78539909798813179     
   1.2256862191861728E-013  -2.1539629469486510E-002  -2.1682039234293987E-014  -5.0661208512240048E-005  0.78539909798813212     
  -3.6415315207705135E-014  -3.3712173282345326E-002  -2.1228096906113559E-014  -1.2326013356354741E-004  0.78539909798813112     
  -7.2386541205560206E-014  -4.8694229884596041E-002  -1.7443265885280576E-014  -2.5506037613554425E-004  0.78539909798813157     
   9.5035090907913400E-014  -6.6509574457390030E-002  -2.0442168323051311E-014  -4.7173578423264501E-004  0.78539909798812901     
   4.9293902293356950E-014  -8.7155521740791109E-002  -2.2094301713345900E-014  -8.0322528836311927E-004  0.78539909798812979     
  -4.1300296516055823E-014 -0.11060196135785416       -1.9263753656786734E-014  -1.2833422081254958E-003  0.78539909798812491     
   1.2079226507921703E-013 -0.13679244003570279       -2.3906151285502337E-014  -1.9492922705086208E-003  0.78539909798812624     
   5.1070259132757201E-014 -0.16564049399257685       -2.4674646606872720E-014  -2.8410243428372006E-003  0.78539909798811558     
   2.9309887850104133E-014 -0.19699511256659274       -2.0774397463875298E-014  -3.9997887655522646E-003  0.78539909798811913     
   1.1102230246251565E-014 -0.23061442246652852       -2.2653827748363938E-014  -5.4660806949074214E-003  0.78539909798810292     
   9.7255536957163713E-014 -0.26622014102932035       -1.9774123551443039E-014  -7.2789910960236459E-003  0.78539909798810770     
   6.7057470687359455E-014 -0.30352797945795018       -2.0800259495849431E-014  -9.4757641087027389E-003  0.78539909798808760     
   5.3734794391857577E-014 -0.34205624735159335       -2.2835576234186633E-014  -1.2084163106437062E-002  0.78539909798809138     
   3.7303493627405260E-014 -0.38082292594721823       -2.2067724579123932E-014  -1.5105436563428026E-002  0.78539909798807472     
   3.5083047578154947E-014 -0.41833511188751471       -2.1577149395829832E-014  -1.8501288658337084E-002  0.78539909798807628     
   1.9539925233402755E-014 -0.45303915479706625       -2.3063345158446135E-014  -2.2201523560196335E-002  0.78539909798807006     
   8.7041485130612273E-014 -0.48389304591646098       -2.1732784200931673E-014  -2.6130224479488900E-002  0.78539909798806828     
  -7.9491968563161208E-014 -0.51059253826274142       -2.1551171003560105E-014  -3.0229248283442089E-002  0.78539909798807517     
   1.6431300764452317E-014 -0.53334858158821774       -2.2783314685866359E-014  -3.4461785250740645E-002  0.78539909798806995     
  -9.3702823278363212E-014 -0.55249852159221868       -2.0978860633889912E-014  -3.8799070554183301E-002  0.78539909798806973     
   2.2648549702353193E-014 -0.56825910149953129       -2.0507016637985117E-014  -4.3205876005212307E-002  0.78539909798807006     
   5.7731597280508140E-015 -0.58069764041518912       -2.5281517806485070E-014  -4.7635353315308215E-002  0.78539909798806951     
   6.0396132539608516E-014 -0.58981569410023127       -2.0325959529471211E-014  -5.2032360902133867E-002  0.78539909798806962     
   2.6645352591003757E-015 -0.59563698856697833       -1.9792999943954446E-014  -5.6339962565326196E-002  0.78539909798807006     
  -2.9309887850104133E-014 -0.59826707333735429       -2.1516507433751471E-014  -6.0506338729046871E-002  0.78539909798807006     
   7.4162898044960457E-014 -0.59792272033784810       -1.8705654463241350E-014  -6.4490898250879392E-002  0.78539909798806984     
  -1.8918200339612667E-013 -0.59492501068279635       -2.1919678522411735E-014  -6.8267644975851249E-002  0.78539909798807028     
  -5.2846615972157451E-014 -0.58967788005449195       -2.1388397873280857E-014  -7.1826746116326223E-002  0.78539909798806995     
   5.2846615972157451E-014 -0.58269137952631800       -2.1517706764112384E-014  -7.5181172552003184E-002  0.78539909798806995     
  -1.9095836023552692E-014 -0.57467468007892286       -2.0720010084176568E-014  -7.8384046007394403E-002  0.78539909798806984     
   3.9523939676655573E-014 -0.56662236131888211       -1.9806833916737178E-014  -8.1549423485737293E-002  0.78539909798807039     
  -3.7303493627405260E-014 -0.55976281010664142       -1.8792060276027217E-014  -8.4856543494603975E-002  0.78539909798806984     
   3.9079850466805510E-014 -0.55531659851472881       -1.6490284317158151E-014  -8.8521908336035793E-002  0.78539909798807028     
   2.5313084961453569E-014 -0.55417161218355693       -2.0048758930081734E-014  -9.2746299557943279E-002  0.78539909798806995     
   9.3702823278363212E-014 -0.55667275335820943       -1.8266569871414492E-014  -9.7666007885686246E-002  0.78539909798806995     
  -8.8817841970012523E-014 -0.56265653785282854       -1.6075336103905811E-014 -0.10333792173445400       0.78539909798807050     
   6.7501559897209518E-014 -0.57169173865488698       -1.4542955304508774E-014 -0.10976481382173775       0.78539909798807006     
   2.1316282072803006E-014 -0.58336046140101816       -2.1577782497492088E-014 -0.11694000057210185       0.78539909798807017     
   1.7763568394002505E-015 -0.59742109266059629       -2.0970441731681617E-014 -0.12488132068321545       0.78539909798806962     
  -2.0872192862952943E-014 -0.61380285699110404       -2.2169501631235089E-014 -0.13363700457338812       0.78539909798807006     
  -4.7961634663806763E-014 -0.63248993981508272       -2.0029095646268039E-014 -0.14326656124739179       0.78539909798806973     
   2.8421709430404007E-014 -0.65339173780546567       -2.6101030868723563E-014 -0.15381249877776804       0.78539909798806984     
  -1.3589129821411916E-013 -0.67626668918994159       -2.2901133812541178E-014 -0.16527822630464395       0.78539909798806984     
  -3.7747582837255322E-014 -0.70071118036130420       -2.2952046584520792E-014 -0.17761819695372993       0.78539909798807017     
   1.3811174426336947E-013 -0.72618050693703795       -2.1549845117121465E-014 -0.19073566723005608       0.78539909798806984     
   3.5083047578154947E-014 -0.75199872392145117       -1.8935235282557833E-014 -0.20447841701733438       0.78539909798807028     
   2.3980817331903381E-014 -0.77734395403481527       -1.8151334431459542E-014 -0.21862798707229114       0.78539909798807006     
   1.2878587085651816E-013 -0.80124450529417990       -1.9594070444389295E-014 -0.23289113008669016       0.78539909798807017     
  -7.6383344094210770E-014 -0.82264525623975926       -2.0730645892374849E-014 -0.24691203778882542       0.78539909798807017     
  -7.9936057773011271E-014 -0.84057025930977325       -2.1720721521924379E-014 -0.26031809488872726       0.78539909798806962     
  -1.5987211554602254E-014 -0.85433203556315807       -2.1211975306273653E-014 -0.27278992761938703       0.78539909798807062     
  -7.7271522513910895E-014 -0.86368092870422775       -2.4299317996223039E-014 -0.28412403551467025       0.78539909798807006     
   2.6645352591003757E-014 -0.86880301085128009       -2.0051205465117556E-014 -0.29425315413919595       0.78539909798807050     
  -6.5281113847959205E-014 -0.87015932435054699       -2.3080397528393473E-014 -0.30321158490640010       0.78539909798807017     
   2.8421709430404007E-014 -0.86825299438051484       -2.1615865280071865E-014 -0.31106552728472980       0.78539909798807017     
  -5.3290705182007514E-015 -0.86344746657749649       -2.1718028476451151E-014 -0.31784861174477985       0.78539909798807028     
  -1.6431300764452317E-014 -0.85591774204453674       -2.1819200659032337E-014 -0.32353690649283329       0.78539909798807028     
   2.6201263381153694E-014 -0.84573227723940381       -1.8320517030040476E-014 -0.32807160202611874       0.78539909798807050     
  -4.5297099404706387E-014 -0.83299509479424749       -1.6580849748777837E-014 -0.33141043044427199       0.78539909798807050     
   1.2967404927621828E-013 -0.81796412000443297       -1.7401398793007961E-014 -0.33357783310857836       0.78539909798807050     
   1.0524914273446484E-013 -0.80109914905018398       -1.9363651808431116E-014 -0.33469281567997355       0.78539909798807062     
  -1.0214051826551440E-013 -0.78304567477378439       -2.0904907496413846E-014 -0.33497225756182081       0.78539909798807050     
   2.6201263381153694E-014 -0.76459065598256615       -1.7542427505247176E-014 -0.33472096819473030       0.78539909798807028     
  -9.5923269327613525E-014 -0.74661798897803333       -2.1210535101112610E-014 -0.33431892321410972       0.78539909798807050     
  -4.8405723873656825E-014 -0.73006048499932596       -1.7311711517507722E-014 -0.33420416858105351       0.78539909798807084     
   1.1102230246251565E-013 -0.71582380569690907       -2.2736096741414559E-014 -0.33483964889918161       0.78539909798807039     
  -3.5527136788005009E-015 -0.70466901912684055       -2.2153617167793530E-014 -0.33665562388784709       0.78539909798807028     
   1.5543122344752192E-014 -0.69707870347824752       -2.1069120316393488E-014 -0.33997695975462938       0.78539909798807062     
  -3.5527136788005009E-015 -0.69316582458721676       -1.9982769331670156E-014 -0.34496367692737451       0.78539909798807073     
   1.1768364061026659E-013 -0.69268267027441732       -2.2992697871396372E-014 -0.35159689172724762       0.78539909798807084     
  -1.4566126083082054E-013 -0.69514224914015932       -2.5677122051929683E-014 -0.35972360136954706       0.78539909798807062     
   1.1857181902996672E-013 -0.70000306086305386       -2.0831183858497731E-014 -0.36914223912699895       0.78539909798807039     
  -9.7699626167013776E-015 -0.70683084292204246       -2.0258585109483392E-014 -0.37968691023074519       0.78539909798807073     
  -5.4622972811557702E-014 -0.71536331038994883       -2.3532452557514598E-014 -0.39126814145861366       0.78539909798807028     
  -6.8389738316909643E-014 -0.72545811035651830       -1.8824225313228858E-014 -0.40385237362192461       0.78539909798807050     
   1.2789769243681803E-013 -0.73696538733770289       -1.8917738044606096E-014 -0.41739563915049849       0.78539909798807062     
   1.2834178164666810E-013 -0.74959779020906137       -1.8322045514410680E-014 -0.43176832716042046       0.78539909798807028     
   3.7747582837255322E-014 -0.76285826453627914       -2.3574039288731472E-014 -0.44670634182080593       0.78539909798807095     
   6.5281113847959205E-014 -0.77604476725705984       -2.2637363033427107E-014 -0.46180406383072725       0.78539909798807073     
   4.0412118096355698E-014 -0.78831186477658433       -2.5476170986419681E-014 -0.47654220829813054       0.78539909798807050     
   2.0872192862952943E-014 -0.79875534452458385       -2.4260775547834936E-014 -0.49033354085399083       0.78539909798807095     
  -5.3290705182007514E-015 -0.80649819882848961       -2.3718375234382283E-014 -0.50257439321371344       0.78539909798807062     
  -7.6827433304060833E-014 -0.81077570153992840       -2.2499404057675226E-014 -0.51270050107438436       0.78539909798807062     
   7.8603790143461083E-014 -0.81102278746832335       -1.8289635984692311E-014 -0.52024901778997790       0.78539909798807095     
  -1.1413092693146609E-013 -0.80695324269981228       -1.8733053462744824E-014 -0.52491985656325602       0.78539909798807095     
  -1.1368683772161603E-013 -0.79860158672837001       -2.4295246116145056E-014 -0.52661645377557087       0.78539909798807073     
  -6.4837024638109142E-014 -0.78629624571638290       -2.3733007172032588E-014 -0.52544246619997570       0.78539909798807084     
   1.1057821325266559E-013 -0.77055648309715119       -1.4455321824990052E-014 -0.52164497083611683       0.78539909798807050     
  -2.6645352591003757E-015 -0.75194445632735274       -2.1049906118813251E-014 -0.51552108814673403       0.78539909798807050     
   1.6964207816272392E-013 -0.73093263352175031       -2.5038025269838268E-014 -0.50732736687319546       0.78539909798807095     
   9.8143715376863838E-014 -0.70784456674008789       -2.3967361953262275E-014 -0.49723391004138051       0.78539909798807095     
  -1.7763568394002505E-014 -0.68289212497635443       -2.1165496798168369E-014 -0.48534423744803279       0.78539909798807117     
   8.2156503822261584E-014 -0.65628439482216150       -2.7076480609575452E-014 -0.47176872464912556       0.78539909798807128     
  -9.9475983006414026E-014 -0.62835030027925054       -2.4155453836993871E-014 -0.45671343109405083       0.78539909798807050     
  -1.7319479184152442E-014 -0.59961610587232128       -2.2000425339457734E-014 -0.44054155068103373       0.78539909798807139     
  -2.2204460492503131E-014 -0.57080715011172289       -1.9183498193260434E-014 -0.42378192652704971       0.78539909798807095     
   8.8817841970012523E-015 -0.54278050649215936       -2.5044140781033659E-014 -0.40708537986912097       0.78539909798807084     
  -3.7747582837255322E-014 -0.51641990466734944       -2.0980241671237314E-014 -0.39114895897774815       0.78539909798807095     
   8.3488771451811772E-014 -0.49252666566799430       -2.2791266788465196E-014 -0.37663218607632265       0.78539909798807139     
  -7.8603790143461083E-014 -0.47172749108251866       -2.1527771258158847E-014 -0.36408151832307034       0.78539909798807128     
   6.0840221749458578E-014 -0.45440677524101547       -2.1054184261339849E-014 -0.35387018503249035       0.78539909798807117     
   4.4853010194856324E-014 -0.44066788501740639       -2.5727565537098331E-014 -0.34615839455257857       0.78539909798807073     
   2.4868995751603507E-013 -0.43033238730452039       -2.3722512234469212E-014 -0.34088263661462115       0.78539909798807139     
   9.1926466438962962E-014 -0.42298739958403875       -1.7969627701752905E-014 -0.33778409596417847       0.78539909798807095     
  -8.7929663550312398E-014 -0.41808002980327252       -2.1792603397865219E-014 -0.33647749726615483       0.78539909798807106     
  -1.7363888105137448E-013 -0.41503641149406567       -2.1225836112791089E-014 -0.33654399903858812       0.78539909798807073     
  -1.4521717162097048E-013 -0.41336440571501587       -1.9346341592998396E-014 -0.33761537836773492       0.78539909798807117     
   5.6399329650957952E-014 -0.41269856604086508       -2.4446851834274689E-014 -0.33941434039865559       0.78539909798807106     
  -1.0746958878371515E-013 -0.41276837531787658       -2.3858294244241052E-014 -0.34173258899917336       0.78539909798807095     
  -2.9309887850104133E-014 -0.41330605332445947       -2.6453304604849511E-014 -0.34435720091722821       0.78539909798807128     
   2.7977620220553945E-014 -0.41393916701041711       -2.3397550068144509E-014 -0.34698119523315363       0.78539909798807139     
   8.2600593032111647E-014 -0.41411975644073484       -2.7367062708885947E-014 -0.34914177840670746       0.78539909798807117     
   4.7073456244106637E-014 -0.41312299339207259       -2.1069356743514506E-014 -0.35021592894226483       0.78539909798807117     
   6.1284310959308641E-014 -0.41011624056567264       -2.1376604213596487E-014 -0.34947655576469661       0.78539909798807117     
  -1.0302869668521453E-013 -0.40427164715515218       -2.1331698064440365E-014 -0.34618832252178944       0.78539909798807162     
   5.5067062021407764E-014 -0.39488466532650834       -1.4732016695794842E-014 -0.33971167605058428       0.78539909798807162     
   8.3488771451811772E-014 -0.38146770360056204       -2.1416179032241495E-014 -0.32958809591087457       0.78539909798807139     
  -2.2959412149248237E-013 -0.36380329297321268       -1.5813425253661196E-014 -0.31559180773593187       0.78539909798807139     
   8.1712414612411521E-014 -0.34195385937925904       -2.2997806481978233E-014 -0.29774401271555240       0.78539909798807139     
  -5.9507954119908391E-014 -0.31623099487193329       -2.5031785720429603E-014 -0.27629094116186925       0.78539909798807150     
  -3.4638958368304884E-014 -0.28712938400111421       -2.3263279683081584E-014 -0.25164938027886175       0.78539909798807162     
  -3.8191672047105385E-014 -0.25523539718497146       -2.1627884586215092E-014 -0.22432798580710456       0.78539909798807106     
  -1.0746958878371515E-013 -0.22112966409942514       -2.2744694963443523E-014 -0.19484132737195514       0.78539909798807184     
   3.0109248427834245E-013 -0.18531139207063552       -1.6564363633721952E-014 -0.16364158748822089       0.78539909798807117     
   2.8066438062523957E-013 -0.14817110310546111       -2.1986586570170256E-014 -0.13109230907711078       0.78539909798807139     
  -9.7699626167013776E-014 -0.11002319250608172       -2.1697089441172284E-014  -9.7495209150786355E-002  0.78539909798807139     
   8.1712414612411521E-014  -7.1184834545403142E-002  -2.0806674828912431E-014  -6.3158744450415583E-002  0.78539909798807150     
  -2.1138646388862981E-013  -3.2065549457339859E-002  -1.8308197964008700E-014  -2.8476829276780080E-002  0.78539909798807106     
  -1.6697754290362354E-013   6.7752649934971210E-003  -2.2042225917991683E-014   6.0206630795862637E-003  0.78539909798807095     
  -1.4210854715202004E-013   4.4632693516857280E-002  -2.1659456756406085E-014   3.9672762709891174E-002  0.78539909798807162     
   2.0472512574087887E-013   8.0726078233054555E-002  -2.0703762400820757E-014   7.1751114307265329E-002  0.78539909798807184     
  -8.7041485130612273E-014  0.11431133338410859       -2.0279789506550209E-014  0.10156204748260844       0.78539909798807117     
   9.2370555648813024E-014  0.14479880031639958       -1.7037541672476836E-014  0.12855353331130193       0.78539909798807117     
  -2.8865798640254070E-014  0.17184221217049744       -1.7247021999773425E-014  0.15239573119078376       0.78539909798807117     
   6.9722005946459831E-014  0.19537886118320902       -1.8442042645933815E-014  0.17301696900534536       0.78539909798807128     
  -8.8817841970012523E-015  0.21561818280613432       -1.8915252890120384E-014  0.19059262013238110       0.78539909798807139     
   1.3367085216486885E-013  0.23298825949654134       -1.7707458641349165E-014  0.20549564487595617       0.78539909798807128     
   2.2648549702353193E-013  0.24805549387375958       -1.9773568378692496E-014  0.21822291386141313       0.78539909798807117     
   1.7230661342182430E-013  0.26143475029677443       -2.3826590807351792E-014  0.22931330826680840       0.78539909798807150     
  -2.2870594307278225E-013  0.27370862770936011       -2.1993372474143757E-014  0.23927464537322685       0.78539909798807184     
   2.3092638912203256E-014  0.28537482312405249       -9.0811854154087510E-015  0.24853635795661910       0.78539909798807162     
  -1.4477308241112041E-013  0.29683629919125121       -1.5437442248664266E-014  0.25744055660796450       0.78539909798807139     
   1.3544720900426910E-013  0.30843742497753324       -1.2700837538182437E-014  0.26627341210825506       0.78539909798807139     
  -9.5923269327613525E-014  0.32053234492520666       -1.8578732788084665E-014  0.27532374179918229       0.78539909798807117     
   2.5357493882438575E-013  0.33355668399085880       -2.1815134520362899E-014  0.28494279863929872       0.78539909798807106     
   9.3258734068513149E-015  0.34806885227127804       -2.0188197840490523E-014  0.29557597953974923       0.78539909798807139     
   2.5801583092288638E-013  0.36473699418243033       -2.1051584009744093E-014  0.30774683884142151       0.78539909798807150     
   2.7045032879868813E-013  0.38426875311983144       -2.0551321802228621E-014  0.32199291011578879       0.78539909798807128     
  -3.1086244689504383E-014  0.40730392878751775       -2.7697949470016604E-014  0.33877259894543688       0.78539909798807162     
  -3.7125857943465235E-013  0.43430423985001720       -2.3315773779574216E-014  0.35837363526037969       0.78539909798807162     
   2.6645352591003757E-015  0.46547406896997012       -2.3633747535081433E-014  0.38085181417935887       0.78539909798807117     
  -1.0302869668521453E-013  0.50073308107869563       -1.2683525439499762E-014  0.40601628921090382       0.78539909798807150     
   2.5313084961453569E-014  0.53974335199930712       -1.9054939833300121E-014  0.43346140907042185       0.78539909798807150     
  -2.2160051571518125E-013  0.58197819414524199       -1.7026909476982981E-014  0.46263207136641959       0.78539909798807150     
  -1.3189449532546860E-013  0.62681168256101705       -1.8898641754626038E-014  0.49290339556878449       0.78539909798807139     
   1.4610535004067060E-013  0.67360676533029284       -2.9015676424345258E-014  0.52365566850518608       0.78539909798807128     
  -1.2967404927621828E-013  0.72178308912229516       -2.4712147554964831E-014  0.55432941244591749       0.78539909798807117     
   2.8199664825478976E-013  0.77085115747399824       -2.9356113449988235E-014  0.58445106094684762       0.78539909798807162     
  -1.0480505352461478E-013  0.82040695652368090       -1.6903762123019078E-014  0.61362666475971173       0.78539909798807150     
   1.5187850976872141E-013  0.87009122008873119       -1.8885850633526508E-014  0.64150933813640787       0.78539909798807117     
   2.6423307986078726E-013  0.91952891855761942       -2.4204216705979296E-014  0.66775454442519111       0.78539909798807128     
  -1.4654943925052066E-013  0.96827350445173765       -3.0743004617071668E-014  0.69198271166582881       0.78539909798807117     
   7.1498362785860081E-014   1.0157819335827996       -2.7689460489333521E-014  0.71376761752609186       0.78539909798807117     
  -9.6811447747313650E-014   1.0614376486268116       -2.6216161384815807E-014  0.73266025591818740       0.78539909798807162     
   1.1102230246251565E-013   1.1046215368751140       -3.3461533687759159E-014  0.74824411816231673       0.78539909798807106     
   1.0969003483296547E-013   1.1448120793901833       -2.5328571772093313E-014  0.76020473383751197       0.78539909798807117     
  -6.3504757008558954E-014   1.1816837836607679       -2.6131891287740056E-014  0.76838988032541389       0.78539909798807139     
   1.4210854715202004E-014   1.2151729447823714       -1.2460576083742045E-014  0.77283996770478769       0.78539909798807139     
   8.5709217501062085E-014   1.2454914480007311       -1.6626109833854979E-014  0.77377899895072111       0.78539909798807117     
   2.3669954885008337E-013   1.2730870512977428       -2.9456195029690558E-014  0.77157000275537335       0.78539909798807162     
  -1.3766765505351941E-014   1.2985647996713388       -1.4945503843508137E-014  0.76664928355956063       0.78539909798807162     
  -2.3758772726978350E-013   1.3225933741282567       -1.1390866283341237E-014  0.75945791405019847       0.78539909798807184     
  -1.3056222769591841E-013   1.3458208107608636       -1.9129156777110276E-014  0.75038661781430815       0.78539909798807173     
  -4.4408920985006262E-015   1.3688181405364861       -1.9111051977008699E-014  0.73974388580396311       0.78539909798807139     
  -5.0315307476012094E-013   1.3920603210075670       -2.1630810290727285E-014  0.72774964697825650       0.78539909798807139     
   1.2700951401711791E-013   1.4159438659967374       -2.7166884657465660E-014  0.71455005421382101       0.78539909798807139     
   6.3060667798708891E-014   1.4408312243851524       -1.6307159838564250E-014  0.70024397505118086       0.78539909798807184     
  -1.5987211554602254E-014   1.4671043933654548       -2.0776661028246704E-014  0.68490925019239812       0.78539909798807173     
   2.0872192862952943E-013   1.4952063289686506       -2.5557055655924309E-014  0.66861739495021966       0.78539909798807150     
   2.6600943670018751E-013   1.5256506768293518       -2.1089348710017810E-014  0.65142957283330816       0.78539909798807206     
   4.4408920985006262E-015   1.5589892766760856       -2.4097871131941534E-014  0.63337369141373867       0.78539909798807150     
  -1.9895196601282805E-013   1.5957410834595018       -3.5090591598830914E-014  0.61441018404075942       0.78539909798807206     
  -1.9984014443252818E-014   1.6363008247601480       -3.3340634524192000E-014  0.59439936500071866       0.78539909798807173     
  -2.6911806116913795E-013   1.6808548372709073       -2.7765161851125237E-014  0.57308367484412714       0.78539909798807206     
   3.6415315207705135E-014   1.7293308184040463       -1.9193429602304088E-014  0.55009321601104744       0.78539909798807250     
  -1.1013412404281553E-013   1.7813976006263799       -2.7903772519255033E-014  0.52497475545878436       0.78539909798807206     
   5.4178883601707639E-014   1.8365148001353719       -1.9797973157599948E-014  0.49723638213664267       0.78539909798807184     
  -2.2426505097428162E-013   1.8940168113105487       -1.8883407101074952E-014  0.46639548423057831       0.78539909798807117     
   1.4122036873231991E-013   1.9532066522671041       -2.4533406548545575E-014  0.43201806017503785       0.78539909798807162     
   9.0594198809412774E-014   2.0134349000145040       -1.7445037475664579E-014  0.39374179210085036       0.78539909798807150     
   2.7355895326763857E-013   2.0741461049478582       -1.7065658067698789E-014  0.35128153262616951       0.78539909798807206     
  -2.4424906541753444E-014   2.1348861986198870       -2.2264908643181685E-014  0.30442142888444768       0.78539909798807184     
  -3.2729374765949615E-013   2.1952758164412796       -2.6171895556060309E-014  0.25300114729321638       0.78539909798807228     
   2.2559731860383181E-013   2.2549634623530599       -3.0476003227612593E-014  0.19690397327352657       0.78539909798807195     
   2.7089441800853820E-014   2.3135775201247655       -2.7037215868487279E-014  0.13605223964844648       0.78539909798807239     
  -2.1760371282653068E-013   2.3706964331603597       -4.7409493272604069E-014   7.0411462087176635E-002  0.78539909798807228     
   1.1990408665951691E-014   2.4258515363882918       -2.7510431794753528E-014  -1.1850239412090616E-014  0.78539909798807206     
