 force-1force-2force-3workmass
  -7.9936057773011271E-015  -1.3322676295501878E-015  -2.1618456724884378E-014   0.0000000000000000       0.78539909798813157     
   1.0578782294601297E-010  -9.1508578492494053E-011  -1.7444712434477699E-014  -9.4900564179149180E-007  0.78539909798822161     
   5.4574567087684045E-011  -5.5560889222761034E-011  -1.8897798159970625E-014  -9.1654729682915555E-006  0.78539909798796148     
   4.3040238040248369E-011  -4.9596327045264843E-011  -2.5860982864674411E-014  -3.5372208158950254E-005  0.78539909798726859     
   3.5133673748077854E-011  -5.7010396403711638E-011  -2.3251986330625512E-014  -9.2411654072888631E-005  0.78539909798716634     
   4.6668002795513530E-011  -1.1706680069778486E-010  -2.2167303275336966E-014  -1.9435212608732579E-004  0.78539909798526675     
   2.8445690247735911E-011  -8.1913587024473600E-011  -2.4393425286693219E-014  -3.5595947971469948E-004  0.78539909798442487     
   5.3358206741904723E-011  -2.3421753425623137E-010  -2.3357572191147406E-014  -5.9243489626837546E-004  0.78539909798401497     
   2.9146463020879310E-011  -2.0002222100856670E-010  -1.9290038420682332E-014  -9.1918455340067183E-004  0.78539909797866858     
   1.0564438213123140E-011  -8.4392048904646799E-011  -2.3656129232601804E-014  -1.3516596338920325E-003  0.78539909797820828     
   1.6696866111942654E-011  -1.0342660061724018E-010  -2.3609531065699197E-014  -1.9052903271975950E-003  0.78539909797702356     
   1.5571988143392446E-011  -7.1023187331320514E-012  -2.1560116414632811E-014  -2.5953082694205412E-003  0.78539909797628837     
   3.3280933564583393E-011  -8.9704244032873248E-011  -2.2680940259751381E-014  -3.4367023806293464E-003  0.78539909797426821     
   2.5600854769436410E-011   3.0496938308033350E-011  -2.3159081615559553E-014  -4.4440736541944137E-003  0.78539909797316887     
   4.1437964171109343E-011  -6.5168759277867139E-011  -2.6304078521190098E-014  -5.6316451550379142E-003  0.78539909796638629     
   5.2493120961116801E-011  -1.0762946089926118E-010  -2.0808871300111456E-014  -7.0130432307363389E-003  0.78539909796434082     
   3.5221603411628166E-011  -1.1947065559070325E-010  -2.2019255485886848E-014  -8.6014044123382989E-003  0.78539909795488438     
   4.4110048946777169E-011  -1.4390399982744384E-010  -2.1666408272845957E-014  -1.0409157232553437E-002  0.78539909795197815     
   2.5921487178948155E-011  -1.4327783404155525E-010  -2.0761584084047147E-014  -1.2448148563812808E-002  0.78539909793938700     
   4.0205172524565569E-011  -1.6246515244233706E-010  -2.2410665518533081E-014  -1.4729390965484670E-002  0.78539909793539298     
   2.4263258069368021E-011  -1.5627232841097793E-010  -2.2838581653072053E-014  -1.7263283243841167E-002  0.78539909791925733     
   1.3235634810371266E-011  -1.2466960797041793E-010  -2.4356535286529107E-014  -2.0059248336894597E-002  0.78539909791868401     
   3.0632385517037619E-011  -1.5446799395135713E-010  -2.5609448445162501E-014  -2.3126202276669613E-002  0.78539909789875773     
   1.9945822771205712E-011  -1.3185808001026089E-010  -2.1317723424144499E-014  -2.6471853360211853E-002  0.78539909789806583     
   3.0052849098183287E-011  -1.4899592670758466E-010  -1.8402606887191073E-014  -3.0103485866708735E-002  0.78539909788640760     
   3.2022828833078165E-011  -1.3669065879184927E-010  -2.0112647455083871E-014  -3.4027193148191637E-002  0.78539909787701023     
   3.4438230045452656E-011  -1.4738033016215013E-010  -2.2857847702982048E-014  -3.8248448930272051E-002  0.78539909786218831     
   2.5587088003931058E-011  -1.0649614523572382E-010  -2.4034979178685050E-014  -4.2771689124265710E-002  0.78539909785894801     
   2.6990853996267106E-011  -1.0802247984997848E-010  -2.1464240338820345E-014  -4.7600695142937841E-002  0.78539909785801065     
   2.4663382447442928E-011  -8.5291773643803026E-011  -2.0823960432956602E-014  -5.2738281826259448E-002  0.78539909785771567     
   4.0491165975709009E-011  -1.2974554763900414E-010  -2.3160956006679952E-014  -5.8186523105495262E-002  0.78539909784372774     
   4.1076919643501242E-011  -1.5170442679846019E-010  -2.0938567919540358E-014  -6.3946519686162426E-002  0.78539909783088224     
   2.7517099709939430E-011  -1.0205836176169214E-010  -1.8970277616489598E-014  -7.0018440277864857E-002  0.78539909782526751     
   2.6854518608843136E-011  -1.0177592102422750E-010  -2.1031959013897142E-014  -7.6401964546797985E-002  0.78539909782407924     
   2.3053114972526600E-011  -7.1188388517384737E-011  -2.1392503346547607E-014  -8.3095765385800532E-002  0.78539909782121908     
   2.6286084420235056E-011  -9.3486551833166232E-011  -1.8909505615023363E-014  -9.0097818065641960E-002  0.78539909781441186     
   3.4675817772722439E-011  -9.4622976121172542E-011  -2.0005032703747815E-014  -9.7405333718125153E-002  0.78539909781741468     
   3.1762148466896178E-011  -9.3718366400707964E-011  -1.9857395395373910E-014 -0.10501442663031599       0.78539909781351946     
   2.6544544340367793E-011  -8.2420736902122371E-011  -2.8317526207101929E-014 -0.11292077244613535       0.78539909781224049     
   2.0812684908833035E-011  -4.9032777837965114E-011  -1.9441511333153886E-014 -0.12111936360324571       0.78539909780397732     
   2.3367086043890595E-011  -9.0572882527339971E-011  -2.0985947362262489E-014 -0.12960447210798062       0.78539909779591011     
   1.4558132477304753E-011  -3.6004976777803677E-011  -2.0571087400931368E-014 -0.13836945205935020       0.78539909779477757     
   1.4817480575857189E-011  -2.8379965044678102E-011  -2.0154601648135090E-014 -0.14740716048811467       0.78539909778128103     
   1.7439383270811959E-011  -8.2188034156160938E-011  -2.3397870364555285E-014 -0.15670987731128713       0.78539909777330841     
   8.1281648078856961E-012  -3.0083935342872792E-011  -2.2584080430021718E-014 -0.16626896220098225       0.78539909777242445     
   8.2049922411897569E-012  -2.7159163806800279E-011  -1.7768762939693633E-014 -0.17607537462209041       0.78539909775172168     
   1.0131451233519329E-011  -8.9019458471284452E-011  -1.5252564932857272E-014 -0.18611957065429235       0.78539909774486438     
   1.5503154315865686E-012  -3.7397196450683623E-011  -1.9732673393569086E-014 -0.19639108562208876       0.78539909774443828     
   1.1885603612427076E-011  -7.7562400946362686E-011  -2.1762705940895454E-014 -0.20687930367470697       0.78539909779487926     
   6.1559646269415680E-012  -7.8050010898778055E-011  -1.8974180811928156E-014 -0.21757271119727667       0.78539909781426887     
   6.6751049132562912E-012  -1.2915579716832326E-010  -1.8198766729387655E-014 -0.22845947304725348       0.78539909781115591     
   1.0658141036401503E-013  -7.1165295878472534E-011  -2.0843261441946122E-014 -0.23952715351398318       0.78539909781176676     
   1.2670309246232137E-011  -1.1464074134437396E-010  -1.5843572605648717E-014 -0.25076315543653227       0.78539909789783424     
   9.6620489387078123E-012  -1.1478196171310628E-010  -2.4570945804268473E-014 -0.26215397908316923       0.78539909793433449     
   1.0539569217371536E-011  -1.6895462806587602E-010  -2.3261265046046240E-014 -0.27368593769992100       0.78539909793850682     
   6.3651306447809475E-012  -1.0719070075992931E-010  -2.1028690911149140E-014 -0.28534480639280901       0.78539909794079144     
   1.9412915719385637E-011  -1.5301893085961638E-010  -1.9290611342000904E-014 -0.29711634957900701       0.78539909807755093     
   1.7240431304799131E-011  -1.5122925134392062E-010  -2.2190841136912456E-014 -0.30898540833461885       0.78539909813896314     
   1.6472601060968373E-011  -2.0568080572047620E-010  -2.0677115408227367E-014 -0.32093677543353760       0.78539909815514752     
   1.3277823285307022E-011  -1.3714540614273574E-010  -1.9033518329653196E-014 -0.33295476654456124       0.78539909815992437     
   2.4494628547699904E-011  -1.8148238467574629E-010  -1.9855526693156367E-014 -0.34502384191130098       0.78539909836607169     
  -1.6788703760539647E-010  -2.0263790645458357E-011  -1.5364942721184027E-014 -0.35712731571967871       0.78539909831287791     
  -1.1990675119477601E-010  -1.4021850347489817E-010  -1.8559089565539556E-014 -0.36924923235747731       0.78539909834710142     
  -1.0259704197324027E-010  -4.7174708583952452E-011  -1.5964334543436910E-014 -0.38137249298723508       0.78539909835539057     
  -2.8578472921481080E-010   9.6223473633472167E-011  -2.1310982892244023E-014 -0.39348036686241994       0.78539909836474475     
  -4.2190606563963229E-010   1.9019275043774542E-010  -2.8737980717611307E-014 -0.40555569941938718       0.78539909837521371     
  -3.6632474831321815E-010   2.4864643677346976E-010  -2.8986156011595702E-014 -0.41758109541590527       0.78539909833344912     
  -3.4759661815542131E-010   3.0574653919757111E-010  -3.0987557478847910E-014 -0.42953912434433333       0.78539909828811671     
  -3.3278357847166262E-010   3.3548719358122980E-010  -2.5310831585788668E-014 -0.44141213294474113       0.78539909823900356     
  -3.2361491264509823E-010   3.5158276290303547E-010  -2.6616940829962912E-014 -0.45318233748660375       0.78539909818588882     
  -3.1755398310906457E-010   3.6485037213651594E-010  -3.0252303969066365E-014 -0.46483184805559130       0.78539909812854813     
  -3.1121949461976328E-010   3.7955416587465152E-010  -2.5753170116468283E-014 -0.47634268693725268       0.78539909806674679     
  -2.5054980312688713E-010   3.1168045921958765E-010  -1.5673925464030538E-014 -0.48769688434184777       0.78539909807400610     
  -1.9968560138750036E-010   2.7016167081228559E-010  -2.0808209177120155E-014 -0.49887624446954204       0.78539909808184882     
  -1.5011458742719697E-010   2.2299051494201194E-010  -1.9495709574131170E-014 -0.50986265242759365       0.78539909809030761     
  -1.0177814147027675E-010   1.7344081726378135E-010  -1.7020239325103988E-014 -0.52063797962211300       0.78539909809941422     
  -5.3741011640795477E-011   1.2369749669005614E-010  -2.2957068446729446E-014 -0.53118410499238633       0.78539909810920316     
  -6.2128080458023760E-012   7.3995920502056833E-011  -2.1566480522288343E-014 -0.54148293616867704       0.78539909811970887     
   3.9880099222955323E-011   2.3571367080421624E-011  -1.8807435872910272E-014 -0.55151643009239049       0.78539909813096587     
   8.2719608940351463E-011  -2.8368418725222000E-011  -2.3982435793880373E-014 -0.56126661337013772       0.78539909814301123     
   1.5582735102270817E-010  -1.3203305115894182E-010  -1.2386329575642654E-014 -0.57071560244339858       0.78539909815594300     
   2.2812329802945897E-010  -2.1989698950619641E-010  -1.9443330737573300E-014 -0.57984562360685588       0.78539909816975273     
   2.8324631529130784E-010  -3.0963231978375916E-010  -2.1503011254918304E-014 -0.58863903396627693       0.78539909818448139     
   3.2461766608093967E-010  -3.9308822863404203E-010  -2.3483544410543436E-014 -0.59707834062523735       0.78539909820016673     
   3.5368064033036717E-010  -4.6557335764418895E-010  -1.4158891443331761E-014 -0.60514622150344821       0.78539909821684983     
   3.7205971636922186E-010  -5.2450221943445285E-010  -1.2984000765430968E-014 -0.61282554568460679       0.78539909823457110     
   3.3574609759057239E-010  -4.9413628744332527E-010  -2.2002064355431251E-014 -0.62009939434030747       0.78539909825336185     
   3.0429481157057126E-010  -4.6508930040545238E-010  -1.3621583424661196E-014 -0.62695108002041866       0.78539909827325360     
   2.7308377781309900E-010  -4.2276226963622321E-010  -1.6377339632566420E-014 -0.63336416876899770       0.78539909829428578     
   2.4103918860873819E-010  -3.7364689120522598E-010  -1.5919551747507547E-014 -0.63932250055767903       0.78539909831649912     
   2.0726842464569017E-010  -3.2002400729425062E-010  -1.6971687704294469E-014 -0.64481021017143814       0.78539909833993304     
   1.7070567182031482E-010  -2.6303936806471029E-010  -8.5622902520840945E-015 -0.64981174830372823       0.78539909836462729     
   1.3150014410712174E-010  -2.0227464148092622E-010  -1.8021807087330192E-014 -0.65431190280549179       0.78539909839062105     
   8.9917406853601278E-011  -1.3820944388953649E-010  -1.7326692044726352E-014 -0.65829582006890308       0.78539909841795352     
   4.6704862199931085E-011  -7.2423844699187612E-011  -1.2259086408437527E-014 -0.66174902654837875       0.78539909844666378     
   3.3284486278262193E-012  -6.5734084842006268E-012  -1.8223766230470239E-014 -0.66465745042507551       0.78539909847678946     
  -3.9411141017353657E-011   5.6880722354435420E-011  -2.0368491183653792E-014 -0.66700744344122376       0.78539909850836820     
  -7.9907636063580867E-011   1.1590106652192844E-010  -2.2339993643891442E-014 -0.66878580314789360       0.78539909854143619     
  -1.1672462996159538E-010   1.6835866034625724E-010  -2.5341863010736758E-014 -0.66997979477724745       0.78539909857602996     
  -1.4841106121821213E-010   2.1264234817408578E-010  -2.2196396309554962E-014 -0.67057717332520017       0.78539909861218371     
  -1.7370149762996334E-010   2.4716406699099025E-010  -1.6222268491471919E-014 -0.67056620619746954       0.78539909864993052     
  -1.9215895541435657E-010   2.7111912714872233E-010  -1.8191581319468063E-014 -0.66993569570375633       0.78539909868930291     
  -2.0323853711090578E-010   2.8389290918084953E-010  -2.4097553049309182E-014 -0.66867500191528439       0.78539909873033176     
  -2.0675638978673305E-010   2.8541169427853674E-010  -2.0207542440955074E-014 -0.66677406545953666       0.78539909877304570     
  -2.0311097248537635E-010   2.7617730324891454E-010  -2.0316931525418451E-014 -0.66422343067848488       0.78539909881747283     
  -1.9291246378116966E-010   2.5683721815994431E-010  -2.4474536033822673E-014 -0.66101426944157293       0.78539909886363835     
  -1.7688761566603262E-010   2.2864377058340324E-010  -3.0931765034145426E-014 -0.65713840419168656       0.78539909891156579     
  -1.5596157698638535E-010   1.9282708763057599E-010  -2.1409397134712371E-014 -0.65258833179478759       0.78539909896127669     
  -1.3096962403480461E-010   1.5115908524876431E-010  -1.9891019310122370E-014 -0.64735724743342771       0.78539909901279092     
  -1.0280340467794247E-010   1.0521805648977534E-010  -2.4211632410004619E-014 -0.64143906789064564       0.78539909906612482     
  -7.2759576141834259E-011   5.6819438043476111E-011  -2.6758578707506379E-014 -0.63482845517447117       0.78539909912129291     
  -4.1881942358656943E-011   7.6170181273482740E-012  -1.5212590744636069E-014 -0.62752084069880198       0.78539909917830697     
  -1.1309730929554007E-011  -4.0678571622265736E-011  -2.4733499703449796E-014 -0.61951244963300456       0.78539909923717555     
   1.8267276580274938E-011  -8.6279872135719415E-011  -2.5006222425923229E-014 -0.61080032537880846       0.78539909929790475     
   4.5539350068679596E-011  -1.2787104708422703E-010  -2.8485112925693307E-014 -0.60138235406283702       0.78539909936049856     
   6.9825922821564745E-011  -1.6419399173628335E-010  -2.8425997632231121E-014 -0.59125728862405302       0.78539909942495545     
   8.5506490776765531E-011  -1.7414647501823310E-010  -2.0510988951031230E-014 -0.58042476102782103       0.78539909937332009     
   1.0703571362569164E-010  -2.2992496795382067E-010  -2.2410413586851425E-014 -0.56888538602157457       0.78539909955114895     
   9.2721164079989649E-011  -1.4369083700671581E-010  -2.1459893491199311E-014 -0.55664057786062093       0.78539909949563413     
   1.2364731460934308E-010  -2.1502799540940032E-010  -1.2309067917103925E-014 -0.54369289895347128       0.78539909968307420     
   1.0909140257808758E-010  -1.1459277970971016E-010  -1.6465504116584264E-014 -0.53004571648811682       0.78539909962488397     
   1.3124257236540871E-010  -1.7713963629262253E-010  -1.6603885204510878E-014 -0.51570360419609917       0.78539909982177525     
   1.0901235469873427E-010  -6.4841909619417493E-011  -2.2529861523196394E-014 -0.50067198872451479       0.78539909976098654     
   1.1924150555842061E-010  -1.2070300314803717E-010  -2.5022937754254068E-014 -0.48495754933840729       0.78539909996709623     
   8.9676710501862544E-011   6.9722005946459831E-013  -2.2260817262697597E-014 -0.46856786109456267       0.78539909990380630     
   8.8995033564742698E-011  -5.0504045390198371E-011  -2.6471102477975054E-014 -0.45151180629822629       0.78539910011882541     
   5.3958171264412158E-011   7.6928241554696797E-011  -2.4592036483543821E-014 -0.43379921386678832       0.78539910005315527     
   4.4469761206755720E-011   2.6672442032804611E-011  -2.1742854401968474E-014 -0.41544127010380005       0.78539910027669702     
   6.7834626804597065E-012   1.5510570605670182E-010  -2.2667088413999801E-014 -0.39645015565139519       0.78539910020879011     
  -7.9847239931041258E-012   1.0080913881438391E-010  -1.9005764496875595E-014 -0.37683945820295955       0.78539910044038785     
  -4.4298786860963446E-011   2.2437696145516384E-010  -1.8976066484046279E-014 -0.35662380459146359       0.78539910037041016     
  -5.9761084969522926E-011   1.6124346302603954E-010  -2.2884510896572606E-014 -0.33581929061141741       0.78539910060951879     
  -9.0730090107626893E-011   2.7528157531264696E-010  -2.1657349866899302E-014 -0.31444311023251525       0.78539910053765816     
  -1.0349410217713739E-010   2.0023271929403563E-010  -2.6071383234756924E-014 -0.29251395153816762       0.78539910078365405     
  -1.2577316965689533E-010   3.0173019638368714E-010  -1.5229137169442466E-014 -0.27005163548351013       0.78539910071011909     
  -1.3361223238916864E-010   2.1375345937713064E-010  -1.6119239434560024E-014 -0.24707752854790438       0.78539910096230381     
  -1.4577761220380125E-010   3.0240254744740014E-010  -1.6919533835250364E-014 -0.22361418725182913       0.78539910088732445     
  -1.4709566897863624E-010   2.0258905664150006E-010  -2.2956879686788872E-014 -0.19968577279115240       0.78539910114492550     
  -1.4896439637368530E-010   2.7964297544258443E-010  -2.3969729638973688E-014 -0.17531767740966106       0.78539910106874977     
  -1.4367884659804986E-010   1.7042633970731913E-010  -2.9778814459965179E-014 -0.15053692609500841       0.78539910133092539     
  -1.3604228854546818E-010   2.3824053840826309E-010  -2.3940572113085298E-014 -0.12537182251946333       0.78539910125382029     
  -1.2506884417007313E-010   1.2330936272064719E-010  -3.5415047885433299E-014  -9.9852335157270197E-002  0.78539910151966441     
  -1.0967049490773206E-010   1.8516654876066241E-010  -2.4190375324452474E-014  -7.4009763045730981E-002  0.78539910144191083     
  -9.4679819540033350E-011   6.8738792435851792E-011  -2.3514842019830671E-014  -4.7877118233706432E-002  0.78539910171046046     
  -7.4001249572575034E-011   1.2819967309951608E-010  -2.4455764129521699E-014  -2.1488791433858311E-002  0.78539910163235338     
  -5.7116089635655953E-011   1.4525269875775848E-011  -1.6293260700612076E-014   5.1190746226943903E-003  0.78539910190259310     
  -3.4329872278249240E-011   7.5143447020309395E-011  -1.7873717461895488E-014   3.1908899885607050E-002  0.78539910182443862     
  -1.8038903704109543E-011  -3.2182700948624188E-011  -1.4276024853614073E-014   5.8841310974680774E-002  0.78539910209531150     
   3.9737102497383603E-012   3.2468250310557778E-011  -1.4804529890936215E-014   8.5875450684079535E-002  0.78539910201742369     
   1.7760903858743404E-011  -6.5485838973700083E-011  -1.3629870184637842E-014  0.11296865535496359       0.78539910228783927     
   3.6175507034386101E-011   4.7197801222864655E-012  -7.6082193625030530E-015  0.14007674692089245       0.78539910221053699     
   4.5794479319738457E-011  -8.2184925531691988E-011  -2.4759291939838275E-014  0.16715372470695020       0.78539910247938205     
   5.8383520240568032E-011  -5.5178084323870280E-012  -2.3883641402348163E-014  0.19415203507958539       0.78539910240298583     
   6.2819971446970158E-011  -8.1167961241135345E-011  -2.2720996961563968E-014  0.22102226611882886       0.78539910266913449     
   6.8506089689890359E-011   1.0440537323574972E-012  -7.9833283076324105E-015  0.24771340691133875       0.78539910259396328     
   6.8071770442656998E-011  -6.4556360257483902E-011  -1.5343358703639535E-014  0.27417258213516760       0.78539910285629011     
   6.6076033533590817E-011   2.1749269052406817E-011  -1.9143045568708079E-014  0.30034526377806059       0.78539910278265790     
   6.1775473625402810E-011  -3.5640601581121700E-011  -2.3333855345042863E-014  0.32617502423714811       0.78539910304004912     
   5.2699178354487231E-011   5.2298387842597549E-011  -1.9662371256407667E-014  0.35160376396868609       0.78539910296826088     
   4.5702108764089644E-011   4.1255887595070817E-013  -2.1120362889600848E-014  0.37657150778129400       0.78539910321962725     
   3.0355273850091180E-011   8.7146734273346738E-011  -2.3921364977374217E-014  0.40101652467691407       0.78539910314997463     
   2.3134383297929162E-011   3.7545966335983394E-011  -2.4151325586543224E-014  0.42487511053036653       0.78539910339426433     
   2.9061197892588098E-012   1.2059397924701898E-010  -2.6181199403991422E-014  0.44808174678138846       0.78539910332702401     
  -2.5082158572331537E-012   7.0772054883150304E-011  -1.7405461975546979E-014  0.47056899006465158       0.78539910356323650     
  -2.5965007921513461E-011   1.4732270958717208E-010  -1.6332627014909135E-014  0.49226761880138847       0.78539910349866471     
  -2.7512214728631079E-011   9.5001895239477108E-011  -1.8848412598155067E-014  0.51310649701822508       0.78539910372586108     
  -5.2708948317103932E-011   1.6400761304602440E-010  -2.2511282266895136E-014  0.53301265430992784       0.78539910366419108     
  -4.8661519258530461E-011   1.0784022286269845E-010  -2.4361925597203618E-014  0.55191117299719161       0.78539910388150957     
  -7.3777428610810603E-011   1.5453704982348881E-010  -2.0651659044076218E-014  0.56972521615654181       0.78539910395552159     
  -7.3531403188553668E-011   1.2144396599467200E-010  -1.7496212262487078E-014  0.58637599047956590       0.78539910402862634     
  -7.0508043847894442E-011   1.1511835928956771E-010  -2.2012990542671752E-014  0.60178271173085940       0.78539910409942926     
  -6.4888538986451749E-011   1.0645140324783142E-010  -1.9168249905520441E-014  0.61586262726460494       0.78539910416787917     
  -5.7555737953407515E-011   9.5775831709943304E-011  -1.7034778066419137E-014  0.62853099236291288       0.78539910423393167     
  -4.8840487210100036E-011   8.2707951598592899E-011  -2.1415764440870351E-014  0.63970105587646842       0.78539910429754856     
  -3.8478553676668525E-011   6.7257976965606758E-011  -1.9055745166230523E-014  0.64928405201427175       0.78539910435869731     
  -2.6216362414288596E-011   5.0295767550778692E-011  -2.5782665359900886E-014  0.65718918661098358       0.78539910441735239     
  -1.2375434010891695E-011   3.1277425094344835E-011  -3.0728218753408490E-014  0.66332361960740260       0.78539910447349537     
   2.3443469387984806E-012   1.0793588245405772E-011  -2.7956750221331742E-014  0.66759245202601991       0.78539910452711470     
   1.7358114945409397E-011  -1.1238787678280460E-011  -2.2254088064337248E-014  0.66989871082060137       0.78539910457820494     
   3.2184033216253738E-011  -3.4061864440104728E-011  -2.0383750781916920E-014  0.67014333255368985       0.78539910462676754     
   4.5941028758988978E-011  -5.6747495591480401E-011  -1.7255686854270719E-014  0.66822514390222965       0.78539910467281182     
   5.8282045856117293E-011  -7.8453465945926837E-011  -2.3421556476220476E-014  0.66404083696606819       0.78539910471635310     
   6.8901773175866765E-011  -9.7956309730307112E-011  -1.6667925316041633E-014  0.65748494843152416       0.78539910475741337     
   7.7520212471426930E-011  -1.1471845695609773E-010  -1.1042373831299883E-014  0.64844983707921633       0.78539910479602126     
   8.3844042819691822E-011  -1.2829870499331264E-010  -1.4061308695806444E-014  0.63682565816449788       0.78539910483221242     
   8.7897245037993343E-011  -1.3777157192862433E-010  -1.7542056964687556E-014  0.62250033473537236       0.78539910486602804     
   8.9745544329389304E-011  -1.4333734199567516E-010  -1.9828392284155755E-014  0.60535952707435903       0.78539910489751530     
   8.9174445605522124E-011  -1.4476020382403476E-010  -1.7703809825655715E-014  0.58528659935259564       0.78539910492672760     
   8.6546325661629453E-011  -1.4267387271615917E-010  -1.6825472268078615E-014  0.56216258346799308       0.78539910495372356     
   8.1923801076300151E-011  -1.3702550205607622E-010  -2.3284559143766482E-014  0.53586613988502207       0.78539910497856757     
   7.5230044416230157E-011  -1.2805490001710496E-010  -1.8759432608441697E-014  0.50627351513088181       0.78539910500132692     
   6.7141847637230967E-011  -1.1652545595097763E-010  -2.2363392311941628E-014  0.47325849557360233       0.78539910502207566     
   5.7711169176855037E-011  -1.0293943475403466E-010  -1.5838757042740826E-014  0.43669235721258637       0.78539910504089050     
   4.7263970515132314E-011  -8.7654328240205359E-011  -1.8522399134228567E-014  0.39644381119736966       0.78539910505785160     
   3.6545877435401053E-011  -7.1108896548821576E-011  -2.5110805774267376E-014  0.35237894475469078       0.78539910507304267     
   2.5452528973346489E-011  -5.4065196763986023E-011  -2.6888608470318118E-014  0.30436115718054008       0.78539910508654953     
   1.4551915228366852E-011  -3.7125857943465235E-011  -2.4332497821301637E-014  0.25225109053709904       0.78539910509846089     
   4.3289816176184104E-012  -2.0933477173912252E-011  -1.4595319352325124E-014  0.19590655468029478       0.78539910510886668     
  -2.4023449896048987E-011   7.4806383310033198E-011  -2.3366142647473418E-014  0.13518242784442536       0.78539910495560639     
  -3.7191139057313194E-011   1.2627499046402590E-010  -2.3434938021051228E-014   6.9930645564867014E-002  0.78539910481606778     
  -4.6490811200783355E-011   1.6501289223924687E-010  -2.1503658934750879E-014  -1.1776268827141657E-014  0.78539910468970597     
