 force-1force-2force-3workmass
  -3.9968028886505635E-015   1.0658141036401503E-014  -2.1490512560269842E-014   0.0000000000000000       0.78539817820995317     
   8.8817841970012523E-015  -4.6185277824406512E-014  -1.3442120596694658E-014  -8.8903058168913283E-008  0.78539817820995461     
   8.8817841970012523E-015   4.2632564145606011E-014  -1.9367601359289362E-014  -9.3428007440339926E-007  0.78539817820995361     
   9.7699626167013776E-015  -6.0396132539608516E-014  -1.6644891588242895E-014  -3.7632780947138002E-006  0.78539817820995639     
  -3.0642155479654321E-014  -7.1054273576010019E-015  -1.4997965608354510E-014  -1.0121514542355738E-005  0.78539817820995628     
   1.3322676295501878E-014  -2.1316282072803006E-014  -1.8560150349739059E-014  -2.1773759640822166E-005  0.78539817820995605     
  -3.1086244689504383E-014  -2.4868995751603507E-014  -2.4652336021538257E-014  -4.0644098753482828E-005  0.78539817820995628     
   3.5527136788005009E-014   0.0000000000000000       -1.7424076875303603E-014  -6.8775322014441985E-005  0.78539817820995583     
  -7.1054273576010019E-015   2.1316282072803006E-014  -1.5747813266596037E-014  -1.0829856330101735E-004  0.78539817820995628     
   7.2830630415410269E-014  -3.9079850466805510E-014  -2.5840691051548481E-014  -1.6140923952733275E-004  0.78539817820995617     
   2.4424906541753444E-014   6.7501559897209518E-014  -2.0014295620573007E-014  -2.3034712571312193E-004  0.78539817820995639     
   2.3092638912203256E-014   1.0658141036401503E-013  -2.3300167354880473E-014  -3.1737936008563645E-004  0.78539817820995617     
  -1.8207657603852567E-014   8.5265128291212022E-014  -2.8554093965899913E-014  -4.2478565697079781E-004  0.78539817820995639     
   1.1546319456101628E-014   1.0658141036401503E-014  -2.1796819689687995E-014  -5.5484526499542913E-004  0.78539817820995617     
   1.0658141036401503E-014  -3.9079850466805510E-014  -1.4480331558650438E-014  -7.0982535369530815E-004  0.78539817820995594     
   4.3964831775156199E-014  -2.8421709430404007E-014  -2.1327320540943022E-014  -8.9197059777946651E-004  0.78539817820995617     
   6.0840221749458578E-014   4.9737991503207013E-014  -1.5554976135605351E-014  -1.1034937838527055E-003  0.78539817820995617     
   1.3766765505351941E-014   4.2632564145606011E-014  -2.4991434499631078E-014  -1.3465673030428388E-003  0.78539817820995617     
   1.6431300764452317E-014   8.1712414612411521E-014  -2.0833222481364911E-014  -1.6233154208595134E-003  0.78539817820995661     
  -3.9968028886505635E-015  -5.3290705182007514E-014  -2.0656791623440031E-014  -1.9358072386348672E-003  0.78539817820995728     
  -3.1086244689504383E-015  -1.5631940186722204E-013  -2.3197477142636475E-014  -2.2860502814032943E-003  0.78539817820995683     
   4.8849813083506888E-014   5.6843418860808015E-014  -2.0596810093977954E-014  -2.6759846559471067E-003  0.78539817820995683     
   9.3258734068513149E-015   3.9079850466805510E-014  -1.3648636859835052E-014  -3.1074777186055869E-003  0.78539817820995705     
  -6.9277916736609768E-014  -1.4210854715202004E-014  -1.9732611146527759E-014  -3.5823191945889405E-003  0.78539817820995728     
   1.8651746813702630E-014  -5.6843418860808015E-014  -2.4473563304189957E-014  -4.1022167111728208E-003  0.78539817820995761     
   6.1284310959308641E-014  -1.0302869668521453E-013  -2.2264803316642426E-014  -4.6687917263389172E-003  0.78539817820995739     
  -1.0214051826551440E-014   7.1054273576010019E-015  -1.8756540068009874E-014  -5.2835758325395022E-003  0.78539817820995728     
  -4.4408920985006262E-016  -3.1974423109204508E-014  -2.6218801348551068E-014  -5.9480074041948303E-003  0.78539817820995761     
   7.6383344094210770E-014  -2.8421709430404007E-014  -1.9711860624073086E-014  -6.6634285570398412E-003  0.78539817820995816     
   5.9063864910058328E-014   3.1974423109204508E-014  -1.9641206300789788E-014  -7.4310823985629330E-003  0.78539817820995805     
   3.9079850466805510E-014   4.6185277824406512E-014  -2.2888615811116793E-014  -8.2521105585659695E-003  0.78539817820995816     
  -1.2878587085651816E-014   1.1368683772161603E-013  -2.4839942500624111E-014  -9.1275509895134867E-003  0.78539817820995872     
  -2.6645352591003757E-014  -6.7501559897209518E-014  -2.4277217767988499E-014  -1.0058336022678520E-002  0.78539817820995883     
   2.2648549702353193E-014   3.5527136788005009E-014  -2.2178817565363722E-014  -1.1045290664697080E-002  0.78539817820995905     
   4.9293902293356950E-014   7.1054273576010019E-015  -2.1885319069505934E-014  -1.2089131120133111E-002  0.78539817820995972     
   1.7763568394002505E-015   1.1368683772161603E-013  -2.1827789845120481E-014  -1.3190463524471721E-002  0.78539817820996016     
   1.5099033134902129E-014  -5.3290705182007514E-014  -1.4899970932753556E-014  -1.4349782868853786E-002  0.78539817820996038     
  -1.0214051826551440E-014  -1.3855583347321954E-013  -1.7776792652857162E-014  -1.5567472103141137E-002  0.78539817820996094     
   6.2172489379008766E-015   0.0000000000000000       -2.0654273842661036E-014  -1.6843801417820787E-002  0.78539817820996105     
   4.4408920985006262E-015  -3.1974423109204508E-014  -2.0903623644642508E-014  -1.8178927713301443E-002  0.78539817820996194     
   5.5511151231257827E-015   6.7501559897209518E-014  -2.7338223998068018E-014  -1.9572894254914010E-002  0.78539817820996216     
   9.3258734068513149E-015  -3.5527136788005009E-014  -1.8916697629801330E-014  -2.1025630496944364E-002  0.78539817820996261     
   6.5725203057809267E-014   1.7763568394002505E-014  -1.9949360956601285E-014  -2.2536952057053122E-002  0.78539817820996316     
   1.5987211554602254E-014  -1.4210854715202004E-014  -2.4663978300345877E-014  -2.4106560836356455E-002  0.78539817820996372     
  -2.0428103653102880E-014   3.5527136788005009E-014  -1.9112423235941196E-014  -2.5734045289076038E-002  0.78539817820996438     
   3.2640556923979602E-014   7.1054273576010019E-015  -2.3083404849497699E-014  -2.7418880841605108E-002  0.78539817820996494     
   3.0642155479654321E-014  -4.9737991503207013E-014  -2.3702971202230136E-014  -2.9160430450002186E-002  0.78539817820996571     
   2.1094237467877974E-014  -3.5527136788005009E-014  -2.3754902163211520E-014  -3.0957945281683909E-002  0.78539817820996616     
   4.8849813083506888E-015  -3.1974423109204508E-014  -2.4040438653607631E-014  -3.2810565512445163E-002  0.78539817820996749     
   4.2188474935755949E-014  -3.5527136788005009E-015  -2.2564315068651892E-014  -3.4717321236611337E-002  0.78539817820996793     
   2.2204460492503131E-016  -4.2632564145606011E-014  -2.2654129632555795E-014  -3.6677133493079397E-002  0.78539817820996904     
   2.7089441800853820E-014   4.6185277824406512E-014  -1.5812522178814646E-014  -3.8688815416520403E-002  0.78539817820996993     
  -3.0198066269804258E-014  -3.5527136788005009E-015  -1.8371182693280559E-014  -4.0751073517435718E-002  0.78539817820997104     
  -4.3520742565306136E-014  -5.6843418860808015E-014  -2.1436754573049358E-014  -4.2862509087498377E-002  0.78539817820997193     
   6.2394533983933798E-014  -3.5527136788005009E-014  -1.8845640375554288E-014  -4.5021619718059368E-002  0.78539817820997326     
  -2.1538326677728037E-014  -1.0658141036401503E-013  -1.4307422967076472E-014  -4.7226800912091305E-002  0.78539817820997437     
   2.2648549702353193E-014  -6.0396132539608516E-014  -1.1101074263382421E-014  -4.9476347777751568E-002  0.78539817820997582     
   7.9936057773011271E-015   3.1974423109204508E-014  -1.2585769450729992E-014  -5.1768456812381673E-002  0.78539817820997715     
   5.5067062021407764E-014  -5.6843418860808015E-014  -1.6726849431226173E-014  -5.4101227786054321E-002  0.78539817820997870     
  -4.6185277824406512E-014  -4.6185277824406512E-014  -1.1946120785274668E-014  -5.6472665729893776E-002  0.78539817820998015     
   2.8643754035329039E-014   6.3948846218409017E-014  -2.4374773656174375E-014  -5.8880683016275415E-002  0.78539817820998192     
  -1.4210854715202004E-014  -2.4868995751603507E-014  -1.9572671295977429E-014  -6.1323101528015164E-002  0.78539817820998370     
  -3.2862601528904634E-014  -8.1712414612411521E-014  -2.5770270043598249E-014  -6.3797654913243046E-002  0.78539817820998525     
   9.7699626167013776E-015  -8.8817841970012523E-014  -2.7620798481739803E-014  -6.6301990933310684E-002  0.78539817820998736     
   4.7517545453956700E-014   4.9737991503207013E-014  -2.0656933288257247E-014  -6.8833673905750847E-002  0.78539817820998925     
  -6.5725203057809267E-014   1.7763568394002505E-014  -2.0800511348780523E-014  -7.1390187236596972E-002  0.78539817820999125     
   8.4376949871511897E-015  -3.5527136788005009E-015  -2.1303294034453937E-014  -7.3968936032343724E-002  0.78539817820999369     
   6.3060667798708891E-014   3.5527136788005009E-014  -2.6102298212256175E-014  -7.6567249780298594E-002  0.78539817820999613     
  -1.8651746813702630E-014  -1.2434497875801753E-013  -1.3780044847822535E-014  -7.9182385089676871E-002  0.78539817820999891     
  -4.1300296516055823E-014  -1.4210854715202004E-014  -2.1043313876302458E-014  -8.1811528498903288E-002  0.78539817821000102     
   4.9293902293356950E-014  -3.5527136788005009E-014  -1.7342071512082176E-014  -8.4451799357327911E-002  0.78539817821000379     
   6.1728400169158704E-014   5.3290705182007514E-014  -2.9098479385808543E-014  -8.7100252787626384E-002  0.78539817821000679     
  -4.8849813083506888E-015  -3.5527136788005009E-015  -2.6829778043243831E-014  -8.9753882726900991E-002  0.78539817821001012     
  -2.3980817331903381E-014   3.1974423109204508E-014  -2.5498569035480904E-014  -9.2409625037883428E-002  0.78539817821001290     
  -1.5987211554602254E-014  -1.0658141036401503E-014  -2.3977205478742686E-014  -9.5064360690283692E-002  0.78539817821001612     
  -5.3290705182007514E-015   3.5527136788005009E-015  -2.4164953258182322E-014  -9.7714919013456428E-002  0.78539817821001945     
   1.0658141036401503E-014  -3.9079850466805510E-014  -1.9389596502838224E-014 -0.10035808102413218       0.78539817821002345     
  -4.2632564145606011E-014  -6.9277916736609768E-014  -2.2601804577669815E-014 -0.10299058282474456       0.78539817821002744     
   2.5757174171303632E-014  -2.3092638912203256E-014  -2.5424199159070260E-014 -0.10560911905738748       0.78539817821003144     
   4.6185277824406512E-014   7.8159700933611020E-014  -1.7881195517796287E-014 -0.10821034640293058       0.78539817821003577     
   8.8817841970012523E-016  -1.1723955140041653E-013  -1.9135040075261809E-014 -0.11079088712803668       0.78539817821004021     
   3.9968028886505635E-014   4.7961634663806763E-014  -2.3117112967817027E-014 -0.11334733269431084       0.78539817821004454     
   5.6843418860808015E-014  -5.1514348342607263E-014  -2.4809634648437663E-014 -0.11587624744172716       0.78539817821004965     
   1.6875389974302379E-014   2.1316282072803006E-014  -7.4932648464508837E-015 -0.11837417234597909       0.78539817821005498     
  -1.5099033134902129E-014   4.6185277824406512E-014  -1.2760992561815210E-014 -0.12083762883559122       0.78539817821006019     
   3.1974423109204508E-014   1.4210854715202004E-013  -1.8353308278208739E-014 -0.12326312265637154       0.78539817821006574     
   3.5527136788005009E-015   1.5631940186722204E-013  -2.1432335089529761E-014 -0.12564714777742525       0.78539817821007130     
  -1.2434497875801753E-014   6.0396132539608516E-014  -1.4004928107538058E-014 -0.12798619034100367       0.78539817821007740     
   5.3290705182007514E-014   7.8159700933611020E-014  -2.0463646925517169E-014 -0.13027673266551346       0.78539817821008373     
   8.8817841970012523E-014   9.9475983006414026E-014  -1.7385734128885812E-014 -0.13251525730415054       0.78539817821009028     
  -2.6645352591003757E-014   0.0000000000000000       -2.2977784986255713E-014 -0.13469825115342016       0.78539817821009739     
   4.2632564145606011E-014  -1.2256862191861728E-013  -2.1689798267818667E-014 -0.13682220961101557       0.78539817821010449     
   3.1974423109204508E-014   5.3290705182007514E-015  -3.3141483519921886E-014 -0.13888364079233859       0.78539817821011226     
   4.2632564145606011E-014   2.8421709430404007E-014  -2.8844866345201545E-014 -0.14087906982125309       0.78539817821011926     
   3.5527136788005009E-014   0.0000000000000000       -2.6671172005820101E-014 -0.14280504320088805       0.78539817821012770     
   2.1316282072803006E-014   1.2434497875801753E-014  -2.5581595760883679E-014 -0.14465813324762941       0.78539817821013580     
  -3.0198066269804258E-014   9.2370555648813024E-014  -2.0825102266899951E-014 -0.14643494255871473       0.78539817821014468     
  -9.2370555648813024E-014   6.7501559897209518E-014  -2.3822608192861185E-014 -0.14813210848652217       0.78539817821015334     
   1.9539925233402755E-014   1.3855583347321954E-013  -2.0854710853637835E-014 -0.14974630761929628       0.78539817821016311     
   1.0658141036401503E-013   1.3322676295501878E-013  -2.1649604214359569E-014 -0.15127426029016167       0.78539817821017288     
   1.7763568394002505E-014   6.0396132539608516E-014  -1.5804483230458466E-014 -0.15271273514362743       0.78539817821018276     
   5.5067062021407764E-014  -2.4868995751603507E-014  -1.6330784118341832E-014 -0.15405855377424038       0.78539817821019309     
   4.7961634663806763E-014  -7.8159700933611020E-014  -1.6810232905710210E-014 -0.15530859543633110       0.78539817821020430     
  -1.0658141036401503E-014  -1.0302869668521453E-013  -2.3251657960062317E-014 -0.15645980181231209       0.78539817821021529     
  -8.8817841970012523E-014  -1.6164847238542279E-013  -2.4121554549090202E-014 -0.15750918183099327       0.78539817821022717     
  -1.1368683772161603E-013  -8.8817841970012523E-014  -1.9941597003321787E-014 -0.15845381653285351       0.78539817821023872     
  -4.9737991503207013E-014  -3.5527136788005009E-014  -2.4462752715112433E-014 -0.15929086397835301       0.78539817821025104     
   2.4868995751603507E-014   1.7763568394002505E-014  -2.2178379481621262E-014 -0.16001756419272417       0.78539817821026370     
  -3.3750779948604759E-014   2.6645352591003757E-014  -2.1418028637392783E-014 -0.16063124413925767       0.78539817821027669     
  -3.3750779948604759E-014   3.5527136788005009E-014  -2.9535524099461076E-014 -0.16112932272018687       0.78539817821029045     
   2.3092638912203256E-014  -1.9539925233402755E-014  -3.0075471292230403E-014 -0.16150931581648073       0.78539817821030400     
  -2.1316282072803006E-014  -5.3290705182007514E-014  -2.5535818358702633E-014 -0.16176884138391845       0.78539817821031810     
  -6.9277916736609768E-014  -9.3258734068513149E-014  -2.2342874254878932E-014 -0.16190562461547653       0.78539817821033253     
   1.9539925233402755E-014  -7.4606987254810520E-014  -2.4381190197720438E-014 -0.16191750316413517       0.78539817821034741     
   1.7941204077942530E-013  -2.4868995751603507E-014  -2.6123498376329542E-014 -0.16180243240911180       0.78539817821036251     
   3.5527136788005009E-014  -8.7929663550312398E-014  -2.1565649235924594E-014 -0.16155849075009049       0.78539817821037849     
   1.0480505352461478E-013  -4.9737991503207013E-014  -2.2771088331618293E-014 -0.16118388492583330       0.78539817821039470     
  -2.3092638912203256E-014  -1.3322676295501878E-014  -2.2198025454264550E-014 -0.16067695536557758       0.78539817821041114     
   6.0396132539608516E-014   2.2204460492503131E-014  -2.0983140523100500E-014 -0.16003618158400701       0.78539817821042734     
   8.8817841970012523E-015   6.4837024638109142E-014  -2.3791248551131046E-014 -0.15926018762776181       0.78539817821044466     
  -1.4566126083082054E-013   3.5527136788005009E-014  -1.1678550001136303E-014 -0.15834774757532288       0.78539817821046265     
   3.5527136788005009E-014   1.3322676295501878E-013  -2.0845209895152382E-014 -0.15729779109387676       0.78539817821048041     
   3.5527136788005009E-014   5.5511151231257827E-014  -2.7016232569696421E-014 -0.15610940905703746       0.78539817821049862     
   1.4566126083082054E-013   5.7731597280508140E-015  -2.4905121758268475E-014 -0.15478185922421953       0.78539817821051749     
   1.1013412404281553E-013   4.3520742565306136E-014  -2.9656272845672117E-014 -0.15331457197383924       0.78539817821053581     
   0.0000000000000000       -1.9095836023552692E-014  -3.1251122326509989E-014 -0.15170715607348284       0.78539817821055513     
   4.9737991503207013E-014   2.1760371282653068E-014  -2.4682811211988717E-014 -0.14995940447239237       0.78539817821057456     
  -3.1974423109204508E-014   3.1086244689504383E-015  -2.0638600764135512E-014 -0.14807130011300088       0.78539817821059432     
  -1.0658141036401503E-014  -2.1316282072803006E-014  -2.4860147040475383E-014 -0.14604302177175182       0.78539817821061464     
  -1.7763568394002505E-014  -3.4416913763379853E-014  -2.5300339655920039E-014 -0.14387494994987265       0.78539817821063485     
  -4.9737991503207013E-014   5.2624571367232420E-014  -2.2150584806406725E-014 -0.14156767282507804       0.78539817821065538     
  -1.4210854715202004E-014   9.4368957093138306E-014  -1.5481269740439486E-014 -0.13912199226788810       0.78539817821067626     
  -8.8817841970012523E-014   3.7303493627405260E-014  -1.9121111740017895E-014 -0.13653892991426397       0.78539817821069713     
  -1.4210854715202004E-014   2.5979218776228663E-014  -2.0972073577176055E-014 -0.13381973328685112       0.78539817821071833     
  -3.5527136788005009E-014  -7.9936057773011271E-015  -2.1259925639442159E-014 -0.13096588196103270       0.78539817821073976     
   8.5265128291212022E-014  -6.2616578588858829E-014  -1.6214145967889217E-014 -0.12797909377451969       0.78539817821076119     
  -4.6185277824406512E-014  -1.1723955140041653E-013  -2.4853613833093903E-014 -0.12486133107865741       0.78539817821078295     
   1.0658141036401503E-013  -6.5281113847959205E-014  -3.0126788751736042E-014 -0.12161480702753620       0.78539817821080504     
   3.5527136788005009E-014  -1.1546319456101628E-013  -2.5752616026032385E-014 -0.11824199190424985       0.78539817821082680     
   2.8421709430404007E-014  -1.3944401189291966E-013  -2.6865837987730447E-014 -0.11474561949043298       0.78539817821084879     
  -1.1723955140041653E-013  -4.4408920985006262E-014  -2.4137693997815143E-014 -0.11112869348909303       0.78539817821087055     
  -1.7763568394002505E-014  -5.9507954119908391E-014  -2.3253300973414066E-014 -0.10739449400936479       0.78539817821089242     
  -4.4408920985006262E-014  -1.5987211554602254E-014  -2.3985735357846181E-014 -0.10354658411272173       0.78539817821091451     
  -8.7041485130612273E-014  -5.8619775700208265E-014  -2.1713672712042834E-014  -9.9588816409608399E-002  0.78539817821093683     
  -2.6645352591003757E-014   4.6185277824406512E-014  -2.1659848561504157E-014  -9.5525339693162500E-002  0.78539817821095848     
   6.2172489379008766E-014   6.2172489379008766E-015  -2.3319892518286208E-014  -9.1360605600816047E-002  0.78539817821098068     
   9.0594198809412774E-014  -2.7533531010703882E-014  -1.5974402679235354E-014  -8.7099375303208340E-002  0.78539817821100222     
  -4.4408920985006262E-014  -3.5527136788005009E-015  -2.0355438230465580E-014  -8.2746726225082612E-002  0.78539817821102420     
   2.6645352591003757E-014  -8.7041485130612273E-014  -2.3834643085958956E-014  -7.8308058807704584E-002  0.78539817821104563     
  -1.1191048088221578E-013  -3.5527136788005009E-015  -2.2981895342400437E-014  -7.3789103320869701E-002  0.78539817821106728     
   8.8817841970012523E-014  -6.3948846218409017E-014  -2.6798947517281825E-014  -6.9195926725983639E-002  0.78539817821108848     
  -1.2434497875801753E-014   6.9277916736609768E-014  -3.4503902710722064E-014  -6.4534939595935870E-002  0.78539817821111002     
  -3.9079850466805510E-014   4.9737991503207013E-014  -2.8516069884600525E-014  -5.9812903086649861E-002  0.78539817821113089     
  -3.3750779948604759E-014  -1.0658141036401503E-014  -2.8329240113090660E-014  -5.5036935949781984E-002  0.78539817821115165     
  -4.0856207306205761E-014   1.3500311979441904E-013  -2.1299196184503365E-014  -5.0214521575260268E-002  0.78539817821117242     
   1.7763568394002505E-014   6.7501559897209518E-014  -2.6611611231027528E-014  -4.5353515055318497E-002  0.78539817821119284     
   4.2632564145606011E-014   2.3092638912203256E-014  -1.5937047015333286E-014  -4.0462150259735583E-002  0.78539817821121272     
   9.0594198809412774E-014   1.2434497875801753E-014  -1.9702732087493006E-014  -3.5549046933350287E-002  0.78539817821123270     
   9.2370555648813024E-014   2.4868995751603507E-014  -2.7585018359352922E-014  -3.0623217821418400E-002  0.78539817821125224     
   1.3855583347321954E-013  -1.0835776720341528E-013  -2.4047302445534499E-014  -2.5694075830308329E-002  0.78539817821127134     
   3.5527136788005009E-015  -1.7763568394002505E-015  -2.4138976435161266E-014  -2.0771441232821701E-002  0.78539817821129043     
   8.7041485130612273E-014  -5.3290705182007514E-014  -1.5736372982444823E-014  -1.5865548895779281E-002  0.78539817821130864     
   8.7041485130612273E-014  -6.3948846218409017E-014  -2.2537688380847913E-014  -1.0987055529852182E-002  0.78539817821132696     
  -2.6645352591003757E-014   3.0198066269804258E-014  -1.7217351658811308E-014  -6.1470469367210859E-003  0.78539817821134505     
  -1.2967404927621828E-013   1.3677947663381929E-013  -2.4142561895861271E-014  -1.3570452568568399E-003  0.78539817821136260     
   4.4408920985006262E-014  -6.3948846218409017E-014  -2.4116640561230684E-014   3.3709837515351702E-003  0.78539817821137947     
  -1.4210854715202004E-014   3.3750779948604759E-014  -2.1625115726520592E-014   8.0246234584838844E-003  0.78539817821139601     
   7.8159700933611020E-014  -9.5923269327613525E-014  -1.9571977596149812E-014   1.2590999122845805E-002  0.78539817821141256     
  -3.1974423109204508E-014   1.5987211554602254E-014  -2.7754214087455739E-014   1.7056770632199680E-002  0.78539817821142865     
   8.5265128291212022E-014  -1.2434497875801753E-013  -3.0794130929735302E-014   2.1408125261491853E-002  0.78539817821144420     
   3.0198066269804258E-014  -1.1901590823981678E-013  -2.0599637159144797E-014   2.5630770425483829E-002  0.78539817821145919     
  -7.1054273576010019E-015  -1.5631940186722204E-013  -3.4704452908019455E-014   2.9709926472821994E-002  0.78539817821147428     
  -8.1712414612411521E-014  -2.4868995751603507E-014  -2.4679896173211409E-014   3.3630319456040891E-002  0.78539817821148861     
  -6.6613381477509392E-014  -9.7699626167013776E-014  -2.1223210411285633E-014   3.7376173982569497E-002  0.78539817821150226     
  -1.0125233984581428E-013   2.3092638912203256E-014  -2.0314003395326393E-014   4.0931206110195614E-002  0.78539817821151592     
  -7.1942451995710144E-014  -3.5527136788005009E-014  -2.1755729134664027E-014   4.4278616251626081E-002  0.78539817821152902     
  -1.0924594562311540E-013   1.9539925233402755E-014  -2.2676663988283209E-014   4.7401082179188321E-002  0.78539817821154168     
  -8.1712414612411521E-014   1.2434497875801753E-014  -1.6493271948852687E-014   5.0280751994338832E-002  0.78539817821155422     
  -3.5527136788005009E-015  -3.1974423109204508E-014  -1.4554430142867726E-014   5.2899237337462629E-002  0.78539817821156632     
  -5.2402526762307389E-014   5.8619775700208265E-014  -1.7190577992782053E-014   5.5237606622357022E-002  0.78539817821157798     
  -1.2434497875801753E-014  -1.5631940186722204E-013  -2.2459382681350615E-014   5.7276378277888611E-002  0.78539817821158953     
   5.4178883601707639E-014  -1.9539925233402755E-014  -2.0388028969457799E-014   5.8995514121480574E-002  0.78539817821160018     
   0.0000000000000000       -8.1712414612411521E-014  -1.9096038540148519E-014   6.0374412862330147E-002  0.78539817821161018     
  -7.5495165674510645E-014  -1.0658141036401503E-014  -1.7112340706365149E-014   6.1391903532217379E-002  0.78539817821162072     
  -3.9079850466805510E-014  -1.0658141036401503E-014  -2.8113890109434997E-014   6.2026239485793153E-002  0.78539817821163027     
  -5.3290705182007514E-014   6.0396132539608516E-014  -1.9424232414598725E-014   6.2255091756002398E-002  0.78539817821163971     
   1.0658141036401503E-014   1.0658141036401503E-014  -2.3729159911502996E-014   6.2055543371054220E-002  0.78539817821164881     
  -2.6645352591003757E-015  -5.3290705182007514E-014  -1.8529646429806417E-014   6.1404083648892965E-002  0.78539817821165792     
  -1.6875389974302379E-014   4.9737991503207013E-014  -2.1135124333867770E-014   6.0276602084277660E-002  0.78539817821166602     
   4.5297099404706387E-014   1.7763568394002505E-014  -1.7380041054499468E-014   5.8648383344065788E-002  0.78539817821167401     
   9.3702823278363212E-014   7.1054273576010019E-015  -2.2416760546817232E-014   5.6494101333644936E-002  0.78539817821168179     
   5.5511151231257827E-014   6.0396132539608516E-014  -2.0841395782736414E-014   5.3787814533955244E-002  0.78539817821168922     
   8.8373752760162461E-014   1.0302869668521453E-013  -2.1988002457365706E-014   5.0502960688332911E-002  0.78539817821169633     
   6.6169292267659330E-014  -4.9737991503207013E-014  -1.9990021129164637E-014   4.6612352378156481E-002  0.78539817821170321     
  -2.6645352591003757E-015   3.5527136788005009E-015  -2.4974696251324250E-014   4.2088172453683910E-002  0.78539817821170987     
   8.8373752760162461E-014   2.4868995751603507E-014  -2.3898444511763576E-014   3.6901969934889138E-002  0.78539817821171554     
   4.9293902293356950E-014  -2.8421709430404007E-014  -3.0342656882717349E-014   3.1024655977334031E-002  0.78539817821172186     
  -6.5281113847959205E-014   4.2632564145606011E-014  -2.3705607947704173E-014   2.4426500496456206E-002  0.78539817821172742     
  -5.8619775700208265E-014   9.9475983006414026E-014  -2.8013069581121071E-014   1.7077128921224160E-002  0.78539817821173263     
  -4.3964831775156199E-014  -3.5527136788005009E-015  -3.1494664420072490E-014   8.9455193742343612E-003  0.78539817821173741     
   7.6827433304060833E-014   3.9079850466805510E-014  -2.8128042033089776E-014  -1.5246343423961529E-015  0.78539817821174251     
