 force-1force-2force-3workmass
  -3.9968028886505635E-015   1.0658141036401503E-014  -2.1490512560269842E-014   0.0000000000000000       0.78539817820995317     
   1.5987211554602254E-014  -4.2632564145606011E-014  -1.3338738219397294E-014   8.2076607521842142E-018  0.78539817820995284     
   4.8849813083506888E-015   4.2632564145606011E-014  -1.8681889626493407E-014   1.3102896138138959E-017  0.78539817820995295     
   1.7319479184152442E-014  -6.7501559897209518E-014  -1.6629977124044924E-014   3.9883536825015824E-017  0.78539817820995328     
  -3.3306690738754696E-014  -3.9079850466805510E-014  -1.3376379598703956E-014   3.4692372022147255E-017  0.78539817820995295     
   2.2204460492503131E-014  -4.9737991503207013E-014  -1.5691533757299050E-014   6.1261453157116271E-017  0.78539817820995272     
  -2.9309887850104133E-014  -4.2632564145606011E-014  -1.8964369254821489E-014   2.9883779716952639E-016  0.78539817820995306     
   3.7747582837255322E-014   3.5527136788005009E-015  -1.2964821510778527E-014   4.7129041181089306E-016  0.78539817820995261     
  -3.1086244689504383E-015  -2.8421709430404007E-014  -1.1685679550772524E-014   6.1598604762811919E-017  0.78539817820995284     
   7.1942451995710144E-014  -6.3948846218409017E-014  -2.5763759513019752E-014   6.6424417970573275E-016  0.78539817820995306     
   2.1760371282653068E-014   5.3290705182007514E-014  -1.6584681629665600E-014   2.2798633777038469E-016  0.78539817820995306     
   1.3322676295501878E-015   1.1368683772161603E-013  -2.3346269223369514E-014   3.3314313042663250E-016  0.78539817820995284     
   1.5987211554602254E-014   7.8159700933611020E-014  -2.5928509498501931E-014   8.7174706185524757E-016  0.78539817820995284     
   2.1760371282653068E-014   2.8421709430404007E-014  -2.3718232561201841E-014   1.7827058244872318E-016  0.78539817820995261     
  -2.7533531010703882E-014  -6.7501559897209518E-014  -1.6952345672911479E-014   4.1870733963756154E-016  0.78539817820995284     
   2.5757174171303632E-014  -5.6843418860808015E-014  -2.1818444595832294E-014   6.6449553662943289E-016  0.78539817820995295     
   3.7747582837255322E-014   4.2632564145606011E-014  -1.6463876604727050E-014  -4.0331924493549775E-016  0.78539817820995272     
  -2.6201263381153694E-014   2.8421709430404007E-014  -2.4090848602191115E-014   1.4867730013599668E-015  0.78539817820995284     
  -1.3322676295501878E-015   7.8159700933611020E-014  -2.1446316600725739E-014   2.9747834223165113E-015  0.78539817820995284     
  -2.6201263381153694E-014  -4.2632564145606011E-014  -2.0320507851770485E-014   1.3110405562396184E-015  0.78539817820995339     
  -2.7533531010703882E-014  -1.2789769243681803E-013  -2.2210382208443688E-014   2.5322584138999186E-015  0.78539817820995272     
   2.2648549702353193E-014   4.2632564145606011E-014  -2.2147258051730252E-014   1.5943744295364834E-015  0.78539817820995272     
  -1.9539925233402755E-014   1.0658141036401503E-013  -1.7368403367648965E-014   4.2737123669399038E-015  0.78539817820995284     
  -6.1284310959308641E-014   2.1316282072803006E-014  -1.9247908056088658E-014   2.1091660585202912E-015  0.78539817820995284     
   8.8817841970012523E-016  -2.4868995751603507E-014  -2.1042103735229317E-014   2.6286190467112309E-015  0.78539817820995284     
   9.3258734068513149E-014  -1.1368683772161603E-013  -2.0636578725572313E-014   2.9805353889692019E-015  0.78539817820995261     
   2.6645352591003757E-015   3.1974423109204508E-014  -1.9806241147672472E-014   5.7644013974500372E-015  0.78539817820995239     
   2.0872192862952943E-014  -3.9079850466805510E-014  -2.6137295687135938E-014   1.6281859838409733E-015  0.78539817820995239     
   5.1958437552457326E-014  -7.4606987254810520E-014  -2.2328176808514767E-014  -2.4670180722508820E-015  0.78539817820995284     
   7.9936057773011271E-014  -2.1316282072803006E-014  -2.0395514926775744E-014   5.9987701109003950E-015  0.78539817820995239     
   2.1760371282653068E-014   1.4210854715202004E-014  -2.1995285255261459E-014   3.0607683606091984E-015  0.78539817820995250     
  -2.7977620220553945E-014   9.2370555648813024E-014  -2.5303916922900946E-014  -1.9472247691346386E-016  0.78539817820995239     
   3.5527136788005009E-015  -7.1054273576010019E-014  -2.8589892200331393E-014   7.0619887022691636E-016  0.78539817820995239     
   3.9079850466805510E-014   0.0000000000000000       -2.2289599835025621E-014   2.8635868941102961E-015  0.78539817820995206     
   5.5955240441107890E-014   1.0658141036401503E-014  -2.3479909605992776E-014   4.2072451927789495E-015  0.78539817820995261     
   1.5987211554602254E-014   1.0658141036401503E-013  -2.4303617199975703E-014   4.1941757821140035E-015  0.78539817820995228     
   2.0428103653102880E-014  -9.2370555648813024E-014  -1.5290298004416577E-014   5.7003655453373926E-015  0.78539817820995217     
   2.6645352591003757E-015  -1.2434497875801753E-013  -1.6301835420509950E-014   3.6052731518211490E-015  0.78539817820995217     
   7.1498362785860081E-014  -1.0658141036401503E-014  -1.8229165628815335E-014   2.0251662362380845E-015  0.78539817820995195     
   3.1308289294429414E-014  -6.0396132539608516E-014  -1.8733425801134386E-014   1.9902885462128678E-015  0.78539817820995217     
   4.4408920985006262E-016   4.2632564145606011E-014  -2.5318363908690086E-014   1.1640430613423314E-014  0.78539817820995217     
   5.7731597280508140E-015  -6.0396132539608516E-014  -1.4425101376010613E-014  -2.7059751300892919E-015  0.78539817820995228     
   4.3964831775156199E-014   7.1054273576010019E-015  -1.6420558179272549E-014   1.6567388896023900E-015  0.78539817820995195     
  -3.1086244689504383E-015   2.4868995751603507E-014  -2.1259900658248007E-014   2.1368079877915615E-015  0.78539817820995206     
  -1.4210854715202004E-014   8.1712414612411521E-014  -1.4967503396854212E-014   6.3416796941634503E-015  0.78539817820995173     
  -2.0428103653102880E-014   1.4210854715202004E-014  -2.2281093077273532E-014   8.3535544316682856E-015  0.78539817820995173     
  -5.7731597280508140E-015  -1.7763568394002505E-014  -1.8653780586960251E-014   1.0285106148170100E-014  0.78539817820995161     
  -3.9301895071730542E-014   2.4868995751603507E-014  -2.1009209825230517E-014   7.1487433453567210E-015  0.78539817820995173     
  -4.0634162701280729E-014   2.8421709430404007E-014  -2.2079273737395352E-014   1.1860163116187361E-014  0.78539817820995184     
   6.2172489379008766E-015   2.4868995751603507E-014  -1.9737564256919734E-014   7.1068034188720981E-015  0.78539817820995150     
  -1.1102230246251565E-015   7.1054273576010019E-015  -2.2154944933564642E-014   8.5888430005654851E-015  0.78539817820995195     
  -8.4376949871511897E-015   4.2632564145606011E-014  -1.5978029174559690E-014   8.2092759299024778E-015  0.78539817820995173     
  -4.1744385725905886E-014   7.1054273576010019E-015  -2.0166121743187173E-014   9.7529256524262945E-015  0.78539817820995184     
  -2.1538326677728037E-014  -2.8421709430404007E-014  -1.9933147830872565E-014   9.8655247762032954E-015  0.78539817820995173     
   3.3084646133829665E-014  -3.5527136788005009E-015  -1.5814620558811709E-014  -1.2823266116478274E-015  0.78539817820995173     
  -7.3718808835110394E-014  -5.6843418860808015E-014  -1.2021652749977189E-014   1.0520019271367790E-014  0.78539817820995150     
   2.9531932455029164E-014  -6.7501559897209518E-014  -7.5170914152910500E-015   4.7342634917206475E-015  0.78539817820995161     
   3.9968028886505635E-015   8.1712414612411521E-014  -1.1250936587661483E-014   4.3217884068895899E-015  0.78539817820995161     
   5.9952043329758453E-014  -5.6843418860808015E-014  -1.2318104139210750E-014   1.4724234145048114E-014  0.78539817820995128     
  -4.7961634663806763E-014  -7.1054273576010019E-014  -1.0477297981038867E-014   8.5323793806373745E-015  0.78539817820995150     
   6.2172489379008766E-014   2.1316282072803006E-014  -2.4701329699857142E-014   1.8777931621343373E-014  0.78539817820995173     
  -7.7715611723760958E-015  -2.8421709430404007E-014  -1.5174037980896457E-014   2.1742559066509927E-015  0.78539817820995173     
  -4.6629367034256575E-015  -7.1054273576010019E-014  -2.4309495280861836E-014   1.4013084483049782E-014  0.78539817820995117     
   5.4622972811557702E-014  -7.4606987254810520E-014  -2.2553371183564725E-014   2.1267535548372925E-014  0.78539817820995128     
   9.5923269327613525E-014  -1.0658141036401503E-014  -1.5059461752459793E-014   9.0505931484595428E-015  0.78539817820995139     
   9.7699626167013776E-015   3.1974423109204508E-014  -1.5781568574894330E-014   7.5182247914080489E-015  0.78539817820995106     
   9.0594198809412774E-014   3.5527136788005009E-014  -1.7279217209708731E-014   1.0238821237142361E-014  0.78539817820995128     
   7.0610184366159956E-014   1.4210854715202004E-014  -2.4728597665564501E-014  -8.6489096405708643E-015  0.78539817820995128     
  -2.7533531010703882E-014  -1.1368683772161603E-013  -1.2214020324223957E-014   1.3767769130206597E-014  0.78539817820995128     
  -3.1086244689504383E-014  -1.7763568394002505E-014  -1.3242269012614082E-014   1.6297348356974064E-014  0.78539817820995117     
   4.0856207306205761E-014   1.0658141036401503E-014  -1.4657084284840241E-014   1.3373299835016907E-014  0.78539817820995117     
   9.4591001698063337E-014   3.9079850466805510E-014  -2.5676970814422410E-014   1.0040123348402941E-014  0.78539817820995117     
  -1.1546319456101628E-014  -7.1054273576010019E-015  -1.9841102272028145E-014   6.5333126746500857E-015  0.78539817820995106     
   1.3322676295501878E-014   3.5527136788005009E-015  -1.9322735467319865E-014   8.0241015872191849E-015  0.78539817820995084     
   1.1546319456101628E-014   2.4868995751603507E-014  -2.2498141816009546E-014   1.8157079102667531E-014  0.78539817820995073     
  -8.8817841970012523E-015   6.5725203057809267E-014  -2.2259877809412371E-014   2.5440317002910862E-014  0.78539817820995061     
  -3.2862601528904634E-014  -2.1316282072803006E-014  -1.4061077120417789E-014   1.4793622667188158E-014  0.78539817820995050     
  -8.9706020389712648E-014  -5.8619775700208265E-014  -2.0965836467996616E-014   1.5555515326816861E-014  0.78539817820995084     
   2.6645352591003757E-014   2.4868995751603507E-014  -2.3942620818665621E-014   1.7083140663323200E-014  0.78539817820995061     
   5.8619775700208265E-014   1.2789769243681803E-013  -1.7232137044958855E-014   1.5619498435412107E-014  0.78539817820995084     
  -4.2632564145606011E-014  -3.1974423109204508E-014  -1.4831765163728326E-014   2.0405573410503973E-015  0.78539817820995084     
  -3.9079850466805510E-014   7.4606987254810520E-014  -2.0420143571052035E-014   2.2214582248363967E-014  0.78539817820995050     
  -3.1086244689504383E-014   5.3290705182007514E-015  -2.4619057191035106E-014   1.3122252090750227E-014  0.78539817820995061     
  -2.6645352591003757E-014   2.6645352591003757E-014  -6.8798031046450273E-015   3.7382234614201575E-014  0.78539817820995084     
  -8.8817841970012523E-015   7.6383344094210770E-014  -1.3481516930383629E-014   6.7560541064492991E-015  0.78539817820995050     
   7.2830630415410269E-014   1.4033219031261979E-013  -1.6178291322120482E-014   2.5000559033170857E-014  0.78539817820995050     
   2.3980817331903381E-014   1.1901590823981678E-013  -2.0299040269168074E-014   2.5746793468206398E-014  0.78539817820995028     
  -1.7763568394002505E-014   1.7763568394002505E-014  -1.3417836645065886E-014  -2.6521261999533206E-015  0.78539817820995073     
  -1.7763568394002505E-014  -1.7763568394002505E-015  -1.9281477586037591E-014   6.3823052091480305E-015  0.78539817820995039     
   4.7961634663806763E-014   7.4606987254810520E-014  -1.7048734474881764E-014   1.2068628571975489E-014  0.78539817820995039     
  -3.7303493627405260E-014   1.2434497875801753E-014  -1.6880620228762855E-014   3.1380549900152805E-014  0.78539817820995061     
   1.5987211554602254E-014  -1.2967404927621828E-013  -2.1976191987194073E-014   6.0034811154199407E-015  0.78539817820995084     
   3.9079850466805510E-014  -1.7763568394002505E-014  -2.6062712251813125E-014   6.3864143512636183E-015  0.78539817820995106     
   3.1974423109204508E-014  -3.0198066269804258E-014  -2.8069939196496604E-014   2.2124678747060101E-014  0.78539817820995106     
   7.8159700933611020E-014  -4.2632564145606011E-014  -2.6630287891419905E-014  -9.6442627949799414E-015  0.78539817820995128     
   7.6383344094210770E-014  -1.5987211554602254E-014  -2.2573381854702741E-014   1.9491523315724586E-014  0.78539817820995128     
   1.7763568394002505E-014   3.0198066269804258E-014  -1.6691414636991629E-014   2.2271731194047022E-014  0.78539817820995173     
  -2.8421709430404007E-014  -5.3290705182007514E-014  -1.8269636626320928E-014   2.9185335182308520E-014  0.78539817820995150     
   9.0594198809412774E-014   5.6843418860808015E-014  -2.0467343778677492E-014   2.2108307992396007E-014  0.78539817820995173     
   1.6342482922482304E-013   7.9936057773011271E-014  -1.6213623419532072E-014   7.8384065177966777E-015  0.78539817820995173     
   1.7763568394002505E-014   2.3092638912203256E-014  -1.7410790265113092E-014   3.3031256204561238E-015  0.78539817820995161     
   6.7501559897209518E-014  -1.0658141036401503E-014  -9.2918966191735010E-015  -2.3057510483882040E-015  0.78539817820995161     
  -3.5527136788005009E-015  -6.9277916736609768E-014  -1.6225912717528084E-014   3.3939063084184210E-014  0.78539817820995217     
   1.7763568394002505E-015  -4.7961634663806763E-014  -2.2254614744065207E-014   1.5222035249330789E-015  0.78539817820995206     
  -1.1191048088221578E-013  -9.5923269327613525E-014  -1.7788151612052268E-014  -4.9483838354175964E-015  0.78539817820995228     
  -6.2172489379008766E-014  -4.0856207306205761E-014  -1.7420625374005046E-014   1.0664256839273805E-014  0.78539817820995228     
  -1.7763568394002505E-015  -1.7763568394002505E-014  -2.5123930438227004E-014   2.1578642157147226E-014  0.78539817820995261     
   6.3948846218409017E-014   2.6645352591003757E-014  -1.4144837208415630E-014  -1.2953692709608912E-014  0.78539817820995284     
  -1.0658141036401503E-014   3.3750779948604759E-014  -1.4637090866085908E-014   2.5883450471737568E-014  0.78539817820995317     
   0.0000000000000000        6.0396132539608516E-014  -2.2970795822826660E-014   1.0776962050618728E-015  0.78539817820995395     
   1.7763568394002505E-015   3.9079850466805510E-014  -1.9473585890325065E-014  -1.3866556356074657E-014  0.78539817820995383     
  -6.5725203057809267E-014  -2.1316282072803006E-014  -2.1211442739549372E-014  -1.7561789171454541E-014  0.78539817820995350     
  -1.2789769243681803E-013  -4.5297099404706387E-014  -1.5964597060173241E-014   9.2473162890702805E-015  0.78539817820995361     
  -6.2172489379008766E-014  -7.9936057773011271E-015  -1.6058098602729022E-014   2.3031961726879029E-014  0.78539817820995350     
   7.9936057773011271E-014   4.7073456244106637E-014  -2.3654800915281503E-014   7.0375894880895849E-015  0.78539817820995361     
   1.7763568394002505E-015  -2.0428103653102880E-014  -1.6319235807070641E-014   1.3616233827520781E-015  0.78539817820995395     
   4.7961634663806763E-014   1.7763568394002505E-015  -1.6706300317352030E-014   5.0922790696640227E-015  0.78539817820995395     
  -7.2830630415410269E-014  -1.0658141036401503E-014  -1.5016456155829554E-014  -3.5252555639505910E-015  0.78539817820995395     
   5.8619775700208265E-014   3.1086244689504383E-014  -1.7773257094703998E-014   2.0170236238128342E-014  0.78539817820995395     
   1.7763568394002505E-015   2.9309887850104133E-014  -2.2219472375103609E-014   5.3472079089688546E-015  0.78539817820995428     
  -1.4566126083082054E-013  -7.1054273576010019E-015  -9.0006240765733057E-015   6.6568234489071840E-015  0.78539817820995528     
   4.2632564145606011E-014   6.9277916736609768E-014  -1.4850798835692481E-014   4.9154090677741131E-015  0.78539817820995572     
   2.8421709430404007E-014   1.4654943925052066E-014  -1.8930115233279558E-014   2.2088791718016558E-014  0.78539817820995561     
   5.3290705182007514E-014  -3.5083047578154947E-014  -1.5363210533149229E-014   1.8809393310210375E-014  0.78539817820995572     
   8.5265128291212022E-014   8.8817841970012523E-015  -2.5370027124351481E-014   3.5610924903335600E-014  0.78539817820995550     
  -2.8421709430404007E-014  -6.3060667798708891E-014  -2.6295467561137822E-014   1.3266519883835825E-014  0.78539817820995572     
   4.6185277824406512E-014  -2.9309887850104133E-014  -2.2245645313856782E-014   2.6034140928541669E-014  0.78539817820995605     
  -7.1054273576010019E-015  -4.8627768478581856E-014  -1.5368499129892528E-014   2.0297097520691476E-014  0.78539817820995617     
   2.1316282072803006E-014  -6.0840221749458578E-014  -1.9418162568884672E-014   2.6143731050491610E-014  0.78539817820995672     
   9.9475983006414026E-014  -7.1720407390785113E-014  -1.9326473310436458E-014  -2.6210811387998051E-015  0.78539817820995683     
   3.9079850466805510E-014  -4.2188474935755949E-015  -1.5206779393676246E-014   2.3820053721062516E-014  0.78539817820995739     
   6.0396132539608516E-014   5.1070259132757201E-014  -1.4507519061215778E-014  -7.1674930085967911E-016  0.78539817820995783     
   0.0000000000000000        5.1070259132757201E-015  -1.7106125810576724E-014   1.7516501449816291E-014  0.78539817820995839     
   3.5527136788005009E-014   7.7715611723760958E-015  -1.9499845043615572E-014   2.9722358239858033E-014  0.78539817820995850     
   2.1316282072803006E-014  -3.4194869158454821E-014  -1.9834721623130473E-014  -4.0100265883520854E-015  0.78539817820995828     
   1.1723955140041653E-013  -7.2386541205560206E-014  -1.4933010856374682E-014  -7.1647115310690203E-015  0.78539817820995816     
  -3.9079850466805510E-014  -8.5265128291212022E-014  -1.7602671596177338E-014  -9.3270518414391825E-015  0.78539817820995861     
   7.4606987254810520E-014  -3.3750779948604759E-014  -1.9429929488437542E-014   1.2920204395153931E-014  0.78539817820995905     
  -6.0396132539608516E-014  -6.2616578588858829E-014  -1.7959623559070881E-014   2.0334680326239035E-014  0.78539817820995927     
   6.3948846218409017E-014  -9.3258734068513149E-014  -2.4768968363559259E-014   8.5906876398012579E-015  0.78539817820995939     
  -4.6185277824406512E-014   1.6875389974302379E-014  -1.9416986856201878E-014   4.0380271761886415E-014  0.78539817820995972     
   7.8159700933611020E-014  -3.6415315207705135E-014  -1.8133383763132999E-014   9.5369118112435117E-015  0.78539817820996038     
   1.7763568394002505E-014  -7.9936057773011271E-015  -1.8011705830989491E-014   5.9146198431590467E-014  0.78539817820996094     
  -9.0594198809412774E-014  -5.1514348342607263E-014  -1.6050494348893673E-014   8.7076244556970951E-015  0.78539817820996172     
  -6.7501559897209518E-014   4.4408920985006262E-014  -1.3053596439859382E-014   3.8384611435292456E-015  0.78539817820996138     
  -1.7763568394002505E-015   6.3060667798708891E-014  -1.5949435109397175E-014   1.3226098379714441E-014  0.78539817820996172     
   2.8421709430404007E-014  -8.8817841970012523E-015  -1.0798128109342500E-014   3.3200261538623116E-014  0.78539817820996161     
  -5.5067062021407764E-014   5.7731597280508140E-014  -1.5460908801802385E-014   1.1021098062284094E-014  0.78539817820996194     
  -5.5067062021407764E-014  -3.4638958368304884E-014  -1.8636294818053276E-014   1.0419418485093932E-014  0.78539817820996216     
  -1.2612133559741778E-013   3.9079850466805510E-014  -2.0377387526631891E-014   2.7749716476974519E-014  0.78539817820996238     
   2.6645352591003757E-014  -6.3948846218409017E-014  -1.6823322324291097E-014   1.0887509769785320E-014  0.78539817820996283     
  -3.1974423109204508E-014   3.7303493627405260E-014  -2.3536486623003848E-014   9.8071368016437803E-015  0.78539817820996349     
  -6.3948846218409017E-014  -7.1054273576010019E-015  -2.3426539784526044E-014   3.2396964052339328E-015  0.78539817820996438     
  -1.9539925233402755E-014  -5.1514348342607263E-014  -1.9303171900082872E-014   5.5085276035570370E-015  0.78539817820996427     
  -6.3948846218409017E-014   8.8817841970012523E-014  -1.4285891241856237E-014   1.3828920127894417E-014  0.78539817820996538     
   3.5527136788005009E-014   1.5987211554602254E-014  -2.2271290637370926E-014   9.0291198342339643E-015  0.78539817820996494     
   1.9539925233402755E-014  -1.7763568394002505E-015  -1.0407052314586518E-014   4.2382028429447224E-014  0.78539817820996505     
   3.7303493627405260E-014  -5.3290705182007514E-014  -1.5398435476259367E-014   2.0009904713352250E-014  0.78539817820996538     
   4.9737991503207013E-014  -1.0658141036401503E-014  -2.1278703513522252E-014   2.0988936436222798E-014  0.78539817820996571     
   5.3290705182007514E-014  -1.4033219031261979E-013  -1.6431568184988700E-014   3.4472853500047531E-014  0.78539817820996594     
   7.1054273576010019E-015  -7.6383344094210770E-014  -1.5525370713147530E-014   2.1362355384412609E-014  0.78539817820996638     
   5.3290705182007514E-014  -8.1712414612411521E-014  -1.6552920180560919E-014   1.7938171047511292E-014  0.78539817820996638     
   9.9475983006414026E-014  -6.9277916736609768E-014  -1.7309020308294829E-014   1.6065817780441895E-014  0.78539817820996705     
  -3.0198066269804258E-014  -8.8817841970012523E-015  -1.4183144472990194E-014  -1.7619563991767556E-015  0.78539817820996771     
  -8.8817841970012523E-014   7.9936057773011271E-014  -1.9857373271795266E-014   8.1713655608323478E-015  0.78539817820996860     
   4.0856207306205761E-014  -8.3488771451811772E-014  -1.8590130916695261E-014   2.0121031419242959E-015  0.78539817820996938     
  -3.7303493627405260E-014   6.5725203057809267E-014  -1.5742015322309808E-014   7.2407306072678358E-015  0.78539817820997015     
   3.7303493627405260E-014  -5.3290705182007514E-014  -1.3769618840462367E-014   2.1397416212225445E-014  0.78539817820997015     
  -4.6185277824406512E-014   3.3750779948604759E-014  -2.1728991648482010E-014   2.6092726293210758E-015  0.78539817820997027     
   6.3948846218409017E-014  -8.7041485130612273E-014  -2.7176548207376061E-014   1.6266376378882028E-014  0.78539817820997060     
   1.2434497875801753E-014  -2.6645352591003757E-014  -1.9179724499573825E-014   6.4809498125348741E-015  0.78539817820997038     
  -1.9539925233402755E-014  -4.7961634663806763E-014  -2.9519447710538492E-014   1.5059248761684480E-014  0.78539817820997093     
  -7.2830630415410269E-014   8.8817841970012523E-015  -1.8287721496725928E-014   1.3058667097566358E-014  0.78539817820997115     
  -7.4606987254810520E-014  -7.6383344094210770E-014  -1.8887510011603253E-014   1.1464591606140168E-014  0.78539817820997171     
  -7.0166095156309893E-014   7.4606987254810520E-014  -2.0432820154219472E-014   4.5445343584036703E-015  0.78539817820997215     
  -2.1316282072803006E-014   5.8619775700208265E-014  -2.2512365266465154E-014   2.8188323712751009E-014  0.78539817820997282     
  -2.7533531010703882E-014   7.4606987254810520E-014  -2.2329907286680786E-014   1.5320670710717503E-014  0.78539817820997337     
  -8.1712414612411521E-014   3.9079850466805510E-014  -1.2386703957261373E-014   3.4640660993864371E-014  0.78539817820997371     
  -2.4868995751603507E-014   4.0856207306205761E-014  -1.5151715991412540E-014   1.6720914114022110E-016  0.78539817820997415     
  -5.3290705182007514E-014   7.6383344094210770E-014  -1.2292490531284613E-014   1.4454032226369491E-014  0.78539817820997493     
  -3.1974423109204508E-014  -9.0594198809412774E-014  -1.8517792872242212E-014   6.2063428890878875E-015  0.78539817820997515     
   3.2862601528904634E-014  -3.5527136788005009E-015  -1.4238397738640918E-014   2.4915307933121681E-014  0.78539817820997504     
  -7.9936057773011271E-015  -5.1514348342607263E-014  -1.0989446409259587E-014   2.7069489019956403E-014  0.78539817820997482     
  -3.5527136788005009E-014  -2.4868995751603507E-014  -1.7329339768886637E-014   2.2226766678343877E-014  0.78539817820997537     
  -8.8817841970012523E-016  -5.6843418860808015E-014  -2.2694867006201349E-014   2.3143329787528869E-014  0.78539817820997548     
  -4.1744385725905886E-014  -8.8817841970012523E-015  -1.1456237815964719E-014   8.7895400558052704E-015  0.78539817820997548     
   7.1054273576010019E-015  -3.1974423109204508E-014  -1.6812566388397300E-014   1.0324254174651234E-014  0.78539817820997593     
  -1.7763568394002505E-014  -9.9475983006414026E-014  -1.5747957592840378E-014   1.3006564054535911E-014  0.78539817820997637     
   7.9936057773011271E-015   2.1316282072803006E-014  -1.3026349505464465E-014   1.3884521388872883E-014  0.78539817820997648     
   5.4178883601707639E-014  -3.9079850466805510E-014  -1.2231367104235283E-014   5.8487009552446474E-015  0.78539817820997693     
   6.9277916736609768E-014  -3.5527136788005009E-015  -1.5100176030018025E-014   5.3712547624054592E-015  0.78539817820997726     
   3.2862601528904634E-014   7.1054273576010019E-015  -1.0216473162298407E-014   1.0653006761080972E-014  0.78539817820997726     
   5.9063864910058328E-014   6.0396132539608516E-014  -2.0297598544538395E-014   1.0429588627711880E-014  0.78539817820997748     
   5.3290705182007514E-014  -1.0658141036401503E-013  -7.5441976362998592E-015   1.1358577572921111E-014  0.78539817820997770     
  -5.3290705182007514E-015  -8.5265128291212022E-014  -2.0564668040383319E-014   4.5771731261095151E-015  0.78539817820997759     
   6.8389738316909643E-014  -5.6843418860808015E-014  -1.8381807175629142E-014   2.0606218326895388E-015  0.78539817820997759     
   3.3750779948604759E-014  -4.2632564145606011E-014  -2.2394840435475260E-014   3.0781567840003879E-015  0.78539817820997793     
  -3.7747582837255322E-014   0.0000000000000000       -1.5397730347308501E-014  -6.2062570657906127E-016  0.78539817820997770     
  -4.1300296516055823E-014   7.8159700933611020E-014  -2.0904152145268176E-014   3.2718635439194117E-015  0.78539817820997759     
  -4.0412118096355698E-014  -1.4210854715202004E-014  -2.6556675103875745E-014   5.5983952800821627E-016  0.78539817820997759     
   4.7517545453956700E-014   4.6185277824406512E-014  -2.3077394118816930E-014  -2.4872711607670446E-028  0.78539817820997793     
