 force-1force-2force-3workmass
   2.2204460492503131E-015  -8.8817841970012523E-015  -1.9398089615056813E-014   0.0000000000000000       0.78539816362971659     
  -2.2648549702353193E-014  -6.5725203057809267E-014  -3.2731741182186062E-014  -8.1635534512218359E-007  0.78539816361307946     
  -2.1760371282653068E-014  -4.0856207306205761E-014  -2.7139658783185382E-014  -8.5791095206312898E-006  0.78539816365336379     
  -3.3306690738754696E-014  -4.4408920985006262E-014  -2.4327322923186816E-014  -3.3961188066772844E-005  0.78539816362457859     
  -2.4424906541753444E-014  -6.9277916736609768E-014  -2.8371552488130021E-014  -8.9812860734097020E-005  0.78539816356921377     
  -1.6431300764452317E-014  -7.1054273576010019E-014  -2.7161212670595583E-014  -1.9025234668744754E-004  0.78539816356928760     
  -1.5987211554602254E-014  -7.1054273576010019E-015  -2.6356062141313870E-014  -3.5015856596252515E-004  0.78539816356939895     
  -1.5099033134902129E-014  -6.0396132539608516E-014  -2.8674196685009747E-014  -5.8482695281061132E-004  0.78539816356955405     
  -1.3322676295501878E-015  -9.5923269327613525E-014  -2.6471671745039523E-014  -9.0971945163991841E-004  0.78539816356976055     
   9.1038288019262836E-014  -8.7041485130612273E-014  -2.3807890670234675E-014  -1.3402729844435135E-003  0.78539816357002412     
   4.4408920985006262E-014   1.4566126083082054E-013  -2.7439552432696612E-014  -1.8917482161469202E-003  0.78539816357035130     
  -6.8833827526759706E-014  -6.5725203057809267E-014  -2.4986361696439689E-014  -2.5791075166248759E-003  0.78539816357074799     
   2.8776980798284058E-013  -1.3677947663381929E-013  -3.1162514399918178E-014  -3.4169150408549084E-003  0.78539816357121950     
   2.0650148258027912E-013  -1.8829382497642655E-013  -3.0432841386625528E-014  -4.4192541179735173E-003  0.78539816357177172     
  -1.0347278589506459E-013   4.2632564145606011E-014  -2.5538657884807914E-014  -5.5996585440560125E-003  0.78539816357241032     
   1.0302869668521453E-013  -9.4146912488213275E-014  -2.1646070597688769E-014  -6.9710552799312209E-003  0.78539816357314007     
  -4.4408920985006262E-014  -6.2172489379008766E-014  -2.3384952264083827E-014  -8.5457166668557426E-003  0.78539816357396608     
   1.4388490399142029E-013  -1.8118839761882555E-013  -2.4780714022326714E-014  -1.0335220699570942E-002  0.78539816357489411     
   3.9168668308775523E-013  -1.7941204077942530E-013  -2.7114454704615079E-014  -1.2350418202955883E-002  0.78539816357592829     
  -1.5232259897857148E-013  -4.6362913508346537E-013  -3.0717671268814814E-014  -1.4601405984403053E-002  0.78539816357707382     
  -4.3964831775156199E-014  -7.1054273576010019E-014  -3.4415455297231364E-014  -1.7097505204827147E-002  0.78539816357833392     
  -3.4416913763379853E-013  -4.4408920985006262E-014  -2.9850777316221974E-014  -1.9847244340363841E-002  0.78539816357971526     
  -5.8175686490358203E-014   3.3573144264664734E-013  -2.7875783846893431E-014  -2.2858346209637892E-002  0.78539816358122150     
   2.7533531010703882E-014  -4.1389114358025836E-013  -3.1890824461451021E-014  -2.6137718621034367E-002  0.78539816358285730     
   1.3322676295501878E-014  -3.2507330161024584E-013  -2.5851830320729703E-014  -2.9691448257217101E-002  0.78539816358462700     
  -2.0872192862952943E-013  -4.5652370772586437E-013  -2.3961878436044367E-014  -3.3524797465528042E-002  0.78539816358653491     
   3.0819791163594346E-013  -4.9205084451386938E-013  -2.6770146217229323E-014  -3.7642203665440299E-002  0.78539816358858605     
   4.7872816821836750E-013  -5.2402526762307389E-013  -2.6656849523796462E-014  -4.2047281111562390E-002  0.78539816359078451     
  -3.2507330161024584E-013   7.7449158197850920E-013  -2.9978075246770309E-014  -4.6742824788830850E-002  0.78539816359313419     
   3.6770586575585185E-013  -8.5265128291212022E-014  -2.5654720691218213E-014  -5.1730816227144920E-002  0.78539816359564030     
   5.9641180882863409E-013  -8.2778228716051672E-013  -2.3332080942965619E-014  -5.7012431050843998E-002  0.78539816359830672     
  -5.4400928206632670E-013   6.4304117586289067E-013  -2.4598230579523229E-014  -6.2588048089964293E-002  0.78539816360113857     
  -7.8737016906416102E-013   3.6415315207705135E-013  -2.6369584934205723E-014  -6.8457259900179368E-002  0.78539816360414050     
  -1.0436096431476471E-013  -5.4889426337467739E-013  -2.6672154322724011E-014  -7.4618884540611566E-002  0.78539816360731596     
   5.8797411384148290E-013  -6.8745009684789693E-013  -2.8232843769266764E-014  -8.1070978490031934E-002  0.78539816361067150     
   1.0818013151947525E-012  -1.9539925233402755E-014  -2.7259082362094766E-014  -8.7810850562691473E-002  0.78539816361421000     
  -3.1663560662309465E-013   7.9047879353311146E-013  -2.3140196016667362E-014  -9.4835076737262616E-002  0.78539816361793757     
  -6.3415939166588942E-013  -1.4122036873231991E-012  -2.3525090528050943E-014 -0.10213951577482833       0.78539816362185921     
   1.8216539388049569E-012  -2.8421709430404007E-013  -2.3831156719791994E-014 -0.10971932555285846       0.78539816362597992     
  -4.0767389464235748E-013  -2.7533531010703882E-013  -2.4715655855829826E-014 -0.11756898002354739       0.78539816363030490     
   9.4813046302988369E-013   6.6613381477509392E-013  -2.1780102572489921E-014 -0.12568228672546619       0.78539816363484105     
  -2.0472512574087887E-013   4.3165471197426086E-013  -2.0225523944828072E-014 -0.13405240477492975       0.78539816363959292     
  -3.0597746558669314E-013  -1.1599610161283636E-012  -2.0927520782240842E-014 -0.14267186328256290       0.78539816364456749     
   2.5535129566378600E-013  -4.6185277824406512E-014  -1.6293520386888901E-014 -0.15153258012417908       0.78539816364977133     
   6.3726801613483985E-013   1.0658141036401503E-013  -1.7035773496039672E-014 -0.16062588102717940       0.78539816365521120     
   3.3129055054814671E-013  -5.8086868648388190E-013  -1.1739953317782283E-014 -0.16994251891746212       0.78539816366089499     
   1.9628743075372768E-013  -1.6537882174816332E-012  -1.6069878513175682E-014 -0.17947269346716108       0.78539816366682991     
  -1.8793855360854650E-012   9.7521990483073751E-013  -2.2294126414099921E-014 -0.18920607083018515       0.78539816367302451     
   2.1627144519698049E-013   6.8034466949029593E-013  -1.8957531921648796E-014 -0.19913180349487564       0.78539816367948811     
   1.1111112030448567E-012  -1.1652900866465643E-012  -1.9995207049415602E-014 -0.20923855025472771       0.78539816368623028     
  -1.4632739464559563E-012  -2.2470914018413168E-012  -1.9383867676943987E-014 -0.21951449623770852       0.78539816369326099     
  -1.1972645097557688E-012   1.3535839116229909E-012  -1.7491805377380543E-014 -0.22994737298486784       0.78539816370059168     
   1.4352963262354024E-012   1.0391687510491465E-012  -1.5968212389787855E-014 -0.24052447855645448       0.78539816370823434     
  -8.7929663550312398E-014   6.3948846218409017E-013  -1.1678923269369278E-014 -0.25123269764625267       0.78539816371620097     
   1.2954082251326327E-012   1.2079226507921703E-013  -5.7667561526760431E-015 -0.26205852168448007       0.78539816372450644     
   8.4687812318406941E-013   1.5436540934388177E-012  -4.7787286043268860E-015 -0.27298806891510019       0.78539816373316529     
   4.5692338801472943E-012   6.0573768223548541E-013  -9.4058901412485675E-015 -0.28400710447186328       0.78539816374219340     
  -1.4885870314174099E-012   1.2185807918285718E-012   4.3811085673885195E-016 -0.29510106038207928       0.78539816375160787     
   3.8200553831302386E-012  -2.8776980798284058E-013  -2.2786493716367027E-015 -0.30625505553306859       0.78539816376142735     
  -3.7503333771837788E-012   2.0534685063466895E-012   1.0612720491305110E-014 -0.31745391560388309       0.78539816377167226     
   1.3060663661690342E-012  -1.6182610806936282E-012   6.5566404592208270E-015 -0.32868219292357298       0.78539816378236338     
  -7.7982065249670995E-013  -3.5171865420124959E-013   7.8296421143999091E-015 -0.33992418624829129       0.78539816379352367     
  -1.9335644196871726E-012  -3.3644198538240744E-012   8.8024109310709599E-016 -0.35116396051243848       0.78539816380517757     
   1.6919798895287386E-012  -1.8935963908006670E-012   6.9103545312443539E-016 -0.36238536646050201       0.78539816381735184     
  -1.9788615190918790E-012  -2.0179413695586845E-012  -2.6937671509107862E-015 -0.37357206023951378       0.78539816383007299     
   1.1191048088221578E-012   1.5436540934388177E-012   4.2100680785093059E-015 -0.38470752290430416       0.78539816384337191     
   1.1191048088221578E-013   1.4388490399142029E-012   1.0690279682497587E-014 -0.39577507984892912       0.78539816385728001     
   6.6080474425689317E-013   7.4606987254810520E-014   6.4327078652264551E-015 -0.40675792018386714       0.78539816387183048     
  -1.6031620475587260E-012  -2.6041391265607672E-012   1.0775575145901255E-014 -0.41763911603457482       0.78539816388705863     
   4.3698378249246161E-013  -2.8403945862010005E-012   1.3835925947412827E-014 -0.42840164182648666       0.78539816390300110     
  -3.1015190415928373E-012  -1.7550405573274475E-012   1.3361040785378928E-014 -0.43902839344587236       0.78539816391969852     
  -2.2204460492503131E-013  -7.0166095156309893E-013   2.2346541969491721E-014 -0.44950220746772157       0.78539816393719086     
  -1.0889067425523535E-012  -8.2600593032111647E-013   1.3687024490565096E-014 -0.45980588024235791       0.78539816395552187     
  -7.8159700933611020E-014   1.0480505352461478E-012   1.5514371899316329E-014 -0.46992218703416466       0.78539816397473627     
  -6.2341243278751790E-012  -5.2047255394427339E-013   2.1625070801246112E-014 -0.47983390113006563       0.78539816399488149     
  -1.7763568394002505E-015   3.4283687000424834E-012   2.7229836410514982E-014 -0.48952381289730357       0.78539816401600526     
   1.1173284519827575E-012   1.0853540288735530E-012   2.4740557538166082E-014 -0.49897474887103987       0.78539816403815876     
   1.7141843500212417E-013   1.4210854715202004E-013   1.8546729888085839E-014 -0.50816959088223412       0.78539816406139396     
   6.1728400169158704E-013  -6.8212102632969618E-013   2.2678833351957954E-014 -0.51709129507609730       0.78539816408576402     
   1.0000889005823410E-012  -7.1054273576010019E-014   9.7284306020144542E-015 -0.52572291109107949       0.78539816411132446     
   1.1874945471390674E-012  -7.4074080202990444E-013  -3.9425955264330359E-015 -0.53404760115671113       0.78539816413813091     
  -8.1090689718621434E-013  -1.5933920849420247E-012  -1.1393098249513347E-014 -0.54204865925751922       0.78539816416624009     
  -1.5898393712632242E-013  -1.6555645743210334E-012   2.6056685973118333E-015 -0.54970953037548553       0.78539816419571062     
  -5.4711790653527714E-013  -2.2382096176443156E-013  -6.3365964753192539E-016 -0.55701382972299118       0.78539816422660025     
  -1.2310152897043736E-012  -7.0343730840249918E-013   1.9029727017765158E-014 -0.56394536204063850       0.78539816425896780     
  -2.8066438062523957E-013   2.2239987629291136E-012   3.4063588297799018E-014 -0.57048814106407020       0.78539816429287268     
   2.6378899065093719E-012  -7.6560979778150795E-013   4.2794163798430307E-014 -0.57662640890298689       0.78539816432837306     
   3.6575187323251157E-012  -2.6876278980125790E-012   4.3113750108685127E-014 -0.58234465565566085       0.78539816436552667     
   6.0378368971214513E-012   9.2175156396478997E-012   3.7627491357786176E-014 -0.58762763907382931       0.78539816440439081     
  -3.9079850466805510E-014  -2.2239987629291136E-012   2.0832168210913798E-014 -0.59246040426501367       0.78539816444502109     
   4.2259529209331959E-012   3.9328540424321545E-012   3.8868027447602377E-014 -0.59682830357659644       0.78539816448747257     
  -1.7532642004880472E-012   2.1831425556229078E-012   3.8093879864353796E-014 -0.60071701666175326       0.78539816453179701     
   3.6379788070917130E-012  -2.6805224706549780E-012  -1.7149423910369046E-015 -0.60411257040219168       0.78539816457804479     
   5.2402526762307389E-013  -1.9468870959826745E-012  -2.8554149524693550E-015 -0.60700135932225863       0.78539816462626244     
  -2.0179413695586845E-012   2.7053914664065815E-012   6.1624555327079626E-015 -0.60937016580223169       0.78539816467649470     
   1.4690471061840071E-012  -1.1777245845223661E-012   1.0739767231587781E-014 -0.61120618060700016       0.78539816472878254     
   3.1636915309718461E-012   4.7144510517682647E-012   5.0691651085844628E-015 -0.61249702355061664       0.78539816478316216     
  -2.4709123636057484E-012   2.4353852268177434E-012  -2.0269813747871725E-014 -0.61323076414667899       0.78539816483966629     
  -2.3074875343809254E-012   2.3625545964023331E-012  -1.5454289104704433E-014 -0.61339594257287744       0.78539816489832270     
   3.4816594052244909E-012  -2.3803181647963356E-012  -1.1611864378719429E-014 -0.61298159072862268       0.78539816495915427     
  -2.4780177909633494E-012  -4.9205084451386938E-012  -1.2647491106306125E-014 -0.61197725336480413       0.78539816502217785     
   1.7958967646336532E-012  -6.8300920474939630E-013   7.1979535693094827E-015 -0.61037300947294604       0.78539816508740556     
   4.3520742565306136E-013   1.8065549056700547E-012   1.6685436634283457E-014 -0.60815949369476119       0.78539816515484251     
  -2.7426949600339867E-012   7.3248074272669328E-012   6.2357734769906449E-015 -0.60532791802336372       0.78539816522448747     
  -5.5422333389287814E-013   2.0907719999740948E-012   8.4663922174772484E-015 -0.60187009355642762       0.78539816529633288     
  -2.6165736244365689E-012   2.4531487952117459E-012   1.1485310583997127E-014 -0.59777845238554816       0.78539816537036522     
   1.7887913372760522E-012  -5.8406612879480235E-012  -2.3535781527729634E-015 -0.59304606970245355       0.78539816544656149     
  -6.7501559897209518E-013  -3.5704772471945034E-012  -1.2535996426886905E-014 -0.58766668591723570       0.78539816552489294     
  -6.7128524960935465E-012   5.1239013032500225E-012  -2.6806437682055594E-015 -0.58163472909624669       0.78539816560532438     
  -3.5385028240852989E-012   1.4930279235159105E-012  -9.3060351461737305E-015 -0.57494533727611796       0.78539816568781085     
   2.1778134851047071E-012   5.7625015870144125E-012  -5.0405739496229906E-015 -0.56759438108488802       0.78539816577230126     
  -1.6271428648906294E-012   8.8489215954723477E-012  -9.2618389569362047E-015 -0.55957848644597330       0.78539816585873645     
   9.3329788342089159E-012  -1.9699797348948778E-012   1.7177681642968379E-014 -0.55089505733015942       0.78539816594705003     
  -8.7041485130612273E-013   1.9007018181582680E-013   3.6322645635613441E-014 -0.54154229852294333       0.78539816603716794     
  -3.5331737535670982E-012   2.8892443992845074E-012   3.7833921257313808E-014 -0.53151923866820472       0.78539816612900915     
  -5.3947957212585607E-012   3.7614356074300304E-012   3.2536179903238093E-014 -0.52082575331067960       0.78539816622248448     
   5.2011728257639334E-012  -6.6524563635539380E-013   4.4269167402918465E-014 -0.50946258789418652       0.78539816631749981     
   2.1476154188349028E-012   2.0969892489119957E-012   3.0350186524047698E-014 -0.49743138089263494       0.78539816641395255     
   5.1034731995969196E-012   4.1266989825317069E-012   4.9993590959464276E-014 -0.48473468704490580       0.78539816651173477     
   5.1603166184577276E-012  -1.2465584120491258E-012   6.3296149839074652E-014 -0.47137600045516281       0.78539816661073247     
  -4.1033842990145786E-012   3.8369307731045410E-012   2.7732080729276960E-014 -0.45735977793112276       0.78539816671082574     
   7.9367623584403191E-012   6.3788974102862994E-012   5.1886999998064483E-015 -0.44269146198080223       0.78539816681189012     
   2.7853275241795927E-012  -2.8612667790639534E-012  -1.8005888554885277E-014 -0.42737750411005382       0.78539816691379682     
  -2.3252511027749279E-012   1.5476508963274682E-012  -3.3243279519110589E-014 -0.41142538794928285       0.78539816701641152     
   3.1938895972416503E-012   3.9803715878861112E-012  -2.8326405173807755E-014 -0.39484365228737189       0.78539816711959831     
  -2.0552448631860898E-012   2.5384139235029579E-012  -3.1934587626595420E-014 -0.37764191407576186       0.78539816722321754     
  -3.6237679523765109E-013   1.9233503678606212E-012  -1.0369180139077813E-015 -0.35983089137181984       0.78539816732712597     
  -7.9882767067829263E-012   2.6112445539183682E-013  -1.4254065061153308E-014 -0.34142242602765244       0.78539816743118052     
   2.6822988274943782E-012   1.7577050925865478E-012  -4.5564206721373451E-015 -0.32242950647638902       0.78539816753523584     
  -2.2151169787321123E-012   6.6116001562477322E-012  -9.7349699954544838E-015 -0.30286629019230032       0.78539816763914705     
   9.6456176379433600E-013   9.7566399404058757E-013  -1.6870015308196374E-014 -0.28274812601745752       0.78539816774276772     
   5.3042015224491479E-012   2.1223023338734492E-012  -1.2351211135716333E-014 -0.26209157632620678       0.78539816784595318     
   6.9100281052669743E-013   4.9769077747896517E-012  -1.1719864883417054E-014 -0.24091443894070946       0.78539816794856021     
  -3.2436275887448573E-012   1.4481749133210542E-012  -1.3565986505689640E-014 -0.21923576892808957       0.78539816805044749     
   3.0908609005564358E-013   4.0056846728475648E-012  -3.5354132846316658E-014 -0.19707589995162736       0.78539816815147612     
   6.6027183720507310E-012   6.6613381477509392E-014  -3.3566922984542953E-014 -0.17445646549025845       0.78539816825151032     
   7.3754335971898399E-012  -7.5486283890313643E-012  -4.5337331588019443E-014 -0.15140041977244628       0.78539816835041820     
  -4.0643044485477731E-012  -2.3465673848477309E-012  -7.4919364530364968E-014 -0.12793205833148152       0.78539816844807153     
   8.6366469531640178E-012   5.6523674629715970E-012  -7.5867027279332145E-014 -0.10407703821847764       0.78539816854434819     
  -4.1122660832115798E-012   7.6667561188514810E-012  -8.0878007667000100E-014  -7.9862397948853400E-002  0.78539816863913048     
   4.5297099404706387E-013  -8.0362383414467331E-012  -7.5509760106949461E-014  -5.5316576994047087E-002  0.78539816873230628     
  -4.3698378249246161E-013   1.6608936448392342E-013  -5.8085486450733753E-014  -3.0469434900091186E-002  0.78539816882376967     
   9.9831254374294076E-013  -2.0445867221496883E-012  -5.1872430914057866E-014  -5.3522700285502751E-003  0.78539816891342262     
   4.1975312115027918E-012   1.5365486660812167E-013  -3.5455414332139326E-014   2.0002161246316232E-002  0.78539816890487701     
  -4.3502978996912134E-012   2.7231550348005840E-012  -3.1334231285437043E-014   4.5559629387149608E-002  0.78539816889646652     
  -6.1781690874340711E-012  -2.8457236567192012E-012  -2.6962305092520814E-014   7.1284411902912764E-002  0.78539816888820235     
   4.8725468104748870E-012   7.4606987254810520E-014  -2.8439308722551051E-014   9.7139276869364188E-002  0.78539816888009373     
  -2.4691360067663481E-013  -4.2703618419182021E-012  -2.3693785771104260E-014  0.12308546662397436       0.78539816887214953     
   2.4886759319997509E-012  -1.5578649481540197E-012  -4.5364057752391819E-014  0.14908268193958085       0.78539816886437841     
   4.6327386371558532E-012  -2.1938006966593093E-012  -4.4969319477288173E-014  0.17508906655593651       0.78539816885678781     
  -4.5119463720766362E-013   7.6383344094210770E-013  -5.8195458343042884E-014  0.20106119230097089       0.78539816884938518     
   3.0944136142352363E-012  -2.1547208461925038E-012  -5.7953800252590907E-014  0.22695404460923752       0.78539816884217606     
  -3.8191672047105385E-012  -7.3843153813868412E-012  -3.9730073377411647E-014  0.25272100873996239       0.78539816883516567     
   1.9930723738070810E-012  -3.5775826745521044E-012  -2.5989241475698120E-014  0.27831385643606199       0.78539816882835733     
  -3.5740299608733039E-012   2.8741453661496053E-012  -2.2033172349836097E-014  0.30368273297445003       0.78539816882175628     
   4.4906300900038332E-012  -4.3254289039396099E-012  -3.7388850104826011E-015  0.32877614500700636       0.78539816881536395     
   1.3855583347321954E-013  -3.6521896618069150E-012  -2.0481402187184341E-018  0.35354094863560781       0.78539816880918201     
   3.9293013287533540E-012   2.2648549702353193E-012   8.7090546369200280E-015  0.37792233816274318       0.78539816880321134     
  -1.3127277043167851E-012   7.3310246762048337E-012   8.0016978639206018E-015  0.40186383529491376       0.78539816879745061     
  -1.6928680679484387E-012  -4.4000358911944204E-012   5.1624867321456336E-015  0.42530727876350238       0.78539816879189894     
  -3.5713654256142036E-012  -1.8793855360854650E-012  -1.1931276244744001E-014  0.44819281448485226       0.78539816878655466     
  -4.5723425046162447E-012   9.5923269327613525E-013  -1.1001373963640845E-014  0.47045888603223629       0.78539816878141366     
   1.1546319456101628E-013   3.7978509226377355E-012  -2.3685900457134691E-014  0.49204222553857280       0.78539816877647239     
  -1.1315393066979595E-012   3.9097614035199513E-012  -3.8053749148981784E-014  0.51287784499203448       0.78539816877172519     
  -2.8013147357341950E-012  -4.4497738826976274E-012  -6.2588244588404068E-014  0.53289902772635456       0.78539816876716717     
  -1.8172130467064562E-012  -1.1457501614131615E-012  -7.2760188959113259E-014  0.55203732028366537       0.78539816876279134     
  -2.1440627051561023E-012  -2.6467716907063732E-012  -7.3775219176476160E-014  0.57022252447755051       0.78539816875859092     
  -1.3855583347321954E-013   6.0929039591428591E-013  -7.6065599838909221E-014  0.58738268946952865       0.78539816875455715     
  -1.8349766151004587E-012  -1.7799095530790510E-012  -7.4928671226069507E-014  0.60344410420367256       0.78539816875068247     
  -9.0061291757592699E-013   7.0166095156309893E-013  -7.8564365506302451E-014  0.61833128960914419       0.78539816874695734     
   2.5570656703166605E-012   1.4530598946294049E-012  -7.9085955305062707E-014  0.63196699087871799       0.78539816874337209     
   2.5384139235029579E-012  -2.4122925879055401E-012  -7.9899752833664544E-014  0.64427216950565891       0.78539816873991741     
   3.3537617127876729E-012   8.1179507560591446E-013  -8.6100428352133440E-014  0.65516599524572350       0.78539816873658319     
  -8.4865448002346966E-013   7.3718808835110394E-013  -8.7863650332414806E-014  0.66456583751913012       0.78539816873335888     
  -1.7390533457728452E-012   3.9790393202565610E-012  -1.0427411477937604E-013  0.67238725652578346       0.78539816873023482     
  -4.3991477127747203E-012   1.9397816686250735E-012  -1.0118021645221227E-013  0.67854399371680219       0.78539816872719981     
  -1.8030021919912542E-012  -3.5580427493187017E-012  -1.1233448084856675E-013  0.68294796152139359       0.78539816872424439     
   2.8559377085457527E-012  -2.6503244043851737E-012  -1.1254179073961485E-013  0.68550923240108641       0.78539816872135781     
  -5.4711790653527714E-013   2.5472957076999592E-012  -1.1188638509485495E-013  0.68613602665713147       0.78539816871853052     
   8.7707618945387367E-013  -2.8705926524708048E-012  -1.2225625103253735E-013  0.68473469932898245       0.78539816871575296     
  -3.0953017926549364E-013   4.8672177399566863E-013  -1.2221255323369302E-013  0.68120972561714765       0.78539816871301604     
  -3.8300473903518650E-012  -2.1920243398199091E-012  -1.2159143824467860E-013  0.67546368489093356       0.78539816871031076     
  -1.5396572905501671E-012  -2.4407142973359441E-012  -1.1938137124001054E-013  0.66739724293637093       0.78539816870762935     
   2.0783375020982930E-013  -4.1566750041965861E-013  -1.1723000225127154E-013  0.65690913235662429       0.78539816870496382     
  -2.9332092310596636E-012   3.3093527918026666E-012  -1.1940107778531901E-013  0.64389613081133379       0.78539816870230750     
   1.7954526754238032E-012  -3.1636915309718461E-012  -1.0791853231669852E-013  0.62825303692912182       0.78539816869965451     
  -1.5987211554602254E-014  -1.1208811656615580E-012  -1.0995624784419772E-013  0.60987264360694871       0.78539816869699852     
  -3.5971225997855072E-014  -4.3343106881366111E-013  -1.0393615214765570E-013  0.58864570846919562       0.78539816869433532     
   2.3230306567256775E-012   6.1817218011128716E-013  -1.0020411859093186E-013  0.56446092117036939       0.78539816869165990     
  -1.8927082123809669E-012   1.0889067425523535E-012  -9.8980524417130820E-014  0.53720486731985506       0.78539816868896928     
  -4.1833203567875898E-013   5.3290705182007514E-014  -8.8581265710398432E-014  0.50676198864030486       0.78539816868626111     
   4.2721381987576024E-013  -4.2277292777725961E-013  -8.5097691574520939E-014  0.47301453913759767       0.78539816868353229     
   8.1978868138321559E-013  -2.5544011350575602E-012  -8.3161148774176131E-014  0.43584253681184448       0.78539816870616463     
   1.2363443602225743E-012   8.3488771451811772E-014  -7.7028393165170592E-014  0.39512371093066806       0.78539816872910684     
  -1.5720758028692217E-013  -7.5495165674510645E-013  -7.5697396768346745E-014  0.35073344379603189       0.78539816875240720     
   7.8603790143461083E-014  -5.1869619710487314E-013  -7.0168835178482084E-014  0.30254470732764577       0.78539816877611746     
   7.6916251146030845E-013   4.4053649617126212E-013  -6.2112753440127312E-014  0.25042799376188057       0.78539816880029256     
   6.4703797875154123E-013  -2.7355895326763857E-013  -5.3887775290425416E-014  0.19425124005519195       0.78539816882498981     
   5.4711790653527714E-013   5.8264504332328215E-013  -4.7586351303078217E-014  0.13387974559550625       0.78539816885027014     
  -5.3290705182007514E-015  -7.6383344094210770E-014  -4.1413403879700980E-014   6.9176082780555953E-002  0.78539816887620018     
  -3.1530333899354446E-014   2.6645352591003757E-014  -2.9426936211936049E-014  -1.1635988031430570E-014  0.78539816890285041     
