 force-1force-2force-3workmass
   1.7763568394002505E-015   2.4868995751603507E-014  -2.1490512560269861E-014   0.0000000000000000       0.78539817820995306     
  -1.8152146452621309E-011  -1.2623468100692037E-003  -1.8168060587242540E-014  -1.8840526140465400E-007  0.78539817821016233     
  -1.1092460283634864E-011  -5.1092293013503820E-003  -1.6644205321972189E-014  -3.0348822050007412E-006  0.78539817821015867     
  -6.6240346541235340E-012  -1.1624545388499996E-002  -2.0164777731007242E-014  -1.5457739230360923E-005  0.78539817821005731     
  -1.3305356816317726E-011  -2.0882490940234533E-002  -2.1011613832989541E-014  -4.9115618691440710E-005  0.78539817820948454     
  -1.4169110329476098E-011  -3.2944966961316879E-002  -1.9488793414147110E-014  -1.2045503545229236E-004  0.78539817820800484     
   1.3862244685469705E-011  -4.7858475343527829E-002  -1.9375950637509470E-014  -2.5068269384945219E-004  0.78539817820761681     
  -3.9102499016507863E-011  -6.5650544241904640E-002  -1.8506583153733612E-014  -4.6564289767175859E-004  0.78539817820643421     
  -1.9442225607235741E-011  -8.6325723441273539E-002  -1.8911584099126441E-014  -7.9557786723477575E-004  0.78539817820455049     
  -1.0773160141752669E-011 -0.10986027179597713       -1.6329554374744798E-014  -1.2747361987165695E-003  0.78539817820243185     
  -8.5278450967507524E-012 -0.13619636670564361       -1.9559534764144839E-014  -1.9407982255554290E-003  0.78539817819769153     
  -2.4666935161121728E-011 -0.16523528054796444       -1.9722037254548062E-014  -2.8340742231385829E-003  0.78539817819579538     
  -4.8970605348586105E-011 -0.19682774567354855       -1.8313616141900759E-014  -3.9963905481557593E-003  0.78539817819462021     
   1.1566303470544881E-011 -0.23076374288323365       -2.3429996747408197E-014  -5.4696199247541433E-003  0.78539817818938207     
  -3.6282088444750116E-013 -0.26676080904072563       -2.0928016652125546E-014  -7.2937740407914009E-003  0.78539817817926361     
   2.5984991935956714E-011 -0.30443818299003311       -2.0562160508322383E-014  -9.5041795252200911E-003  0.78539817817969948     
   3.2714275732814713E-011 -0.34324734583600147       -2.4217577179876206E-014  -1.2126242233694406E-002  0.78539817817889535     
   4.3884007538963488E-011 -0.38232490966444743       -1.9910548762037574E-014  -1.5165013123067728E-002  0.78539817816983137     
   8.5697671181605983E-011 -0.42034098819748777       -2.0204711912237475E-014  -1.8590000544022045E-002  0.78539817816183910     
   1.2977618979448380E-010 -0.45562836475889057       -2.3162865148982119E-014  -2.2328409736282695E-002  0.78539817816199742     
   4.8273385289121507E-011 -0.48679447992847003       -2.0465529674557614E-014  -2.6286901916137473E-002  0.78539817816107038     
   6.9773964384012288E-011 -0.51338922179089153       -1.9735641059117175E-014  -3.0394823834213547E-002  0.78539817815409163     
   8.4618978490880181E-011 -0.53585793031257012       -1.8591138895741325E-014  -3.4623924309216125E-002  0.78539817814715618     
   9.9815711251949324E-011 -0.55479384095055195       -2.0606180269874692E-014  -3.8960258782291923E-002  0.78539817814700275     
   1.4956968996671094E-010 -0.57038555100848498       -1.5265484040934642E-014  -4.3367554214276849E-002  0.78539817814616675     
   1.3058265579957151E-010 -0.58253605951754928       -1.9338113223604506E-014  -4.7786161132298277E-002  0.78539817814411916     
   1.4061463105008443E-010 -0.59119726983740151       -2.0171536007162423E-014  -5.2154240750515779E-002  0.78539817814210200     
   1.3401191267803370E-010 -0.59645823219950600       -2.0526009577538247E-014  -5.6417642152728043E-002  0.78539817814224133     
   1.3027490197714542E-010 -0.59847900233573270       -1.9379301670497825E-014  -6.0527772380226663E-002  0.78539817814173263     
   9.0237151084693323E-011 -0.59748030772004412       -2.2276356389326763E-014  -6.4443180400144184E-002  0.78539817814079615     
   5.1141313406333211E-011 -0.59377957983074658       -1.9335475867509583E-014  -6.8136206785578413E-002  0.78539817814050483     
   2.1849633213832931E-011 -0.58781612509111625       -1.6968396966131488E-014  -7.1599971794942263E-002  0.78539817814185120     
   5.0518256244913573E-011 -0.58016713511144857       -2.3785841162322343E-014  -7.4855484440620401E-002  0.78539817814321600     
   3.4128699866187162E-011 -0.57158094873421916       -2.1077518869590487E-014  -7.7962069559738278E-002  0.78539817814312962     
   2.8266722296166336E-011 -0.56301566046187546       -2.0799933769319883E-014  -8.1030339884994973E-002  0.78539817814545321     
   2.3735680088066147E-011 -0.55563712063529280       -2.0872599804626047E-014  -8.4231114756306624E-002  0.78539817814629076     
  -3.4972025275692431E-012 -0.55070512248219217       -2.2175817482511205E-014  -8.7786802164642186E-002  0.78539817814691526     
  -1.7190693313295924E-012 -0.54929398213697311       -1.8563861707748858E-014  -9.1929978173939553E-002  0.78539817814629143     
   7.4951600481654168E-011 -0.55194520794461610       -2.0351874282698914E-014  -9.6836578953051866E-002  0.78539817814919111     
   7.5769168716988133E-011 -0.55849632430826546       -2.0052091779491288E-014 -0.10257385379470119       0.78539817815077773     
   3.2519320569690535E-011 -0.56829526938380326       -1.7954777847015176E-014 -0.10911269172168980       0.78539817815020052     
  -1.7692958209636345E-011 -0.58068957000121557       -2.0189707322190836E-014 -0.11640459568526662       0.78539817814998591     
  -6.1781690874340711E-011 -0.59539894938585292       -1.8313177710482278E-014 -0.12445862398592089       0.78539817814891344     
  -9.1839869043042199E-011 -0.61248924618596234       -2.1287636478024174E-014 -0.13335100555729484       0.78539817814665258     
  -7.8375528289598151E-011 -0.63206074708992865       -2.2078557696637988E-014 -0.14316934394483116       0.78539817814682222     
   3.3009150968155154E-012 -0.65400068240956344       -1.8434316557596697E-014 -0.15395584814347529       0.78539817814222701     
  -1.7938983631893279E-011 -0.67796234066127070       -1.7710211190077121E-014 -0.16569264013293150       0.78539817813780899     
   2.6769253480551924E-011 -0.70345856284778918       -2.3088813025688418E-014 -0.17831461102170731       0.78539817813309931     
   6.5214500466481695E-011 -0.72990336358446939       -2.1408457394076166E-014 -0.19171349786564207       0.78539817812854773     
   7.1393557732335466E-011 -0.75658751321133977       -1.8937973671541150E-014 -0.20572616962671475       0.78539817812540702     
   5.9581672928743501E-011 -0.78265799917344303       -2.4530443293951289E-014 -0.22012256226753113       0.78539817812097090     
   6.6109784313539421E-011 -0.80713476968422171       -1.9713446670234217E-014 -0.23460320464226214       0.78539817812078294     
   6.5414784700124073E-011 -0.82896987416147105       -2.1051030628400643E-014 -0.24881033391031693       0.78539817811770352     
   1.0096190550257234E-010 -0.84715608406621890       -1.6951628615993028E-014 -0.26235767377565633       0.78539817811139834     
   9.0586205203635473E-011 -0.86090153176166240       -1.6893380112661522E-014 -0.27488758089456233       0.78539817810757917     
   9.1372243105070083E-011 -0.86982716382065384       -1.6622128419018797E-014 -0.28614595479812266       0.78539817810948720     
   6.6949112920156040E-011 -0.87407744959197586       -1.9281834956160373E-014 -0.29603954324740656       0.78539817810888146     
   5.4483528799664782E-011 -0.87423734518345597       -1.8615634187893602E-014 -0.30463259267523846       0.78539817810713486     
   9.3935526024324645E-011 -0.87104047584622535       -1.8854525908370422E-014 -0.31206418711952555       0.78539817810632595     
   1.4930234826238120E-010 -0.86502853368932620       -1.4988576794304543E-014 -0.31843062745045092       0.78539817810938672     
   2.0508394982243772E-010 -0.85638295103595219       -1.8556601698164565E-014 -0.32371275549159151       0.78539817810901313     
   2.0202151063131168E-010 -0.84504879472805960       -2.1971466976667676E-014 -0.32780646942033620       0.78539817810821411     
   1.4761258881890171E-010 -0.83102605620646841       -1.7211838298696020E-014 -0.33062704056597259       0.78539817810851775     
   7.6347372868212915E-011 -0.81459824434116257       -1.8872294352880047E-014 -0.33220517936642846       0.78539817810865409     
   1.7707613153561397E-011 -0.79635903755770698       -2.1363888325118474E-014 -0.33271243501930758       0.78539817810771007     
  -1.7959411735546382E-011 -0.77709447155924849       -1.7932987145521163E-014 -0.33242644441170643       0.78539817810830825     
  -1.4150458582662395E-011 -0.75766682048686640       -1.9473808931063203E-014 -0.33168986533910161       0.78539817810897827     
   4.6851411639181606E-012 -0.73897469330124288       -2.0782696579503316E-014 -0.33089642547337128       0.78539817810772194     
   5.0430770670573111E-012 -0.72194581732607865       -2.4123537153640295E-014 -0.33048946847225924       0.78539817810859014     
   2.9576341376014170E-012 -0.70749217752963389       -2.0761959690750923E-014 -0.33094237777172886       0.78539817810956336     
   6.7092997824147460E-012 -0.69640953628180213       -2.3347849011851839E-014 -0.33270965595863533       0.78539817811788248     
  -1.3724132941206335E-011 -0.68924424849159749       -2.0266051989361582E-014 -0.33615596483051480       0.78539817811715029     
  -2.5587976182350758E-011 -0.68617898550039591       -1.7548235917306602E-014 -0.34148657864006893       0.78539817811799373     
  -3.5518255003808008E-011 -0.68698110389557954       -1.8136820607013961E-014 -0.34870284932832085       0.78539817811889889     
  -3.3399505383613359E-011 -0.69106975052399200       -2.2353272204525435E-014 -0.35761615664065260       0.78539817811848378     
  -6.3151706086728154E-011 -0.69771057485435861       -2.1118429700347545E-014 -0.36793331095835313       0.78539817811852375     
  -6.3621108381539671E-011 -0.70626555786653000       -1.9241870906002568E-014 -0.37938325718804755       0.78539817811450074     
  -1.2614087552265119E-010 -0.71637219611622704       -2.4605126710277588E-014 -0.39181995175881923       0.78539817811164603     
  -1.2649481462290169E-010 -0.72793188468149239       -2.3403744397750261E-014 -0.40522948915580237       0.78539817810946910     
  -9.7536645426998803E-011 -0.74090782987051362       -2.2394544980966404E-014 -0.41962852328463285       0.78539817810762325     
  -3.8240965949398742E-011 -0.75506999775383576       -1.8348931215367454E-014 -0.43492031870620806       0.78539817810459378     
   3.6632918920531665E-011 -0.76984892009219230       -1.9211365351842044E-014 -0.45079985475169515       0.78539817810447521     
   6.8788530427354999E-011 -0.78437809141927239       -2.3107493333922839E-014 -0.46676300837323481       0.78539817810225188     
   1.0123324400979072E-010 -0.79765548172475320       -1.6593541137004832E-014 -0.48219051584356087       0.78539817809740720     
   6.3229865787661765E-011 -0.80870353265079231       -2.0869326757181184E-014 -0.49644045499540645       0.78539817809432666     
   5.4066529031615573E-011 -0.81665188835230040       -1.9125974551642680E-014 -0.50890172830103708       0.78539817809623480     
   4.8235193617074401E-011 -0.82076457261787361       -2.1024766997568985E-014 -0.51901704361149292       0.78539817809602253     
   5.5266902165840293E-011 -0.82047967331738114       -2.0897418524659299E-014 -0.52631535236200477       0.78539817809508861     
   8.0351281184221079E-011 -0.81548038678412027       -2.5193616359519047E-014 -0.53046672968151931       0.78539817809388046     
   9.1664009715941575E-011 -0.80577082438955472       -2.0781380298309353E-014 -0.53134401577414181       0.78539817809911849     
   1.2203393850995781E-010 -0.79169474310797838       -2.1951310667209322E-014 -0.52905001208190505       0.78539817809908197     
   1.4450485252837098E-010 -0.77386995987726515       -2.1213100399083049E-014 -0.52388810101054339       0.78539817809835544     
   1.5583578871769532E-010 -0.75303395849070398       -1.8035164524282048E-014 -0.51626803339788729       0.78539817809866608     
   1.6865486784922723E-010 -0.72985567285530450       -1.9393086092062434E-014 -0.50657986759067697       0.78539817809885293     
   1.8475843077681020E-010 -0.70479417516335552       -2.1180707670143356E-014 -0.49509112587359816       0.78539817809825896     
   1.7866907953134614E-010 -0.67808160163999531       -2.0937048601619091E-014 -0.48192530831557967       0.78539817809877488     
   1.5465007052739566E-010 -0.64985235244914641       -2.1104745047944347E-014 -0.46714506385336740       0.78539817809952217     
   1.1121770171484968E-010 -0.62035675649615207       -2.2131602032649632E-014 -0.45090336176463452       0.78539817809853796     
   4.3991033038537353E-011 -0.59013318541316018       -2.0596325373390243E-014 -0.43357439212216597       0.78539817809940782     
  -4.5328185649395891E-012 -0.56003389996524078       -1.8210825359250653E-014 -0.41578358820711792       0.78539817810066059     
  -9.9800168129604572E-012 -0.53109637851299851       -1.9331975135102132E-014 -0.39832228388474888       0.78539817811170876     
  -6.4557248435903603E-012 -0.50434010994742451       -2.1000611079962888E-014 -0.38199942952184074       0.78539817811070822     
   8.7991836039691407E-012 -0.48060407130030569       -2.0659076627250253E-014 -0.36751504969890725       0.78539817811239032     
   1.5652812379585157E-011 -0.46047123016499469       -2.1761067641399613E-014 -0.35539388267968874       0.78539817811812218     
   1.2802203741557605E-011 -0.44426298378905926       -2.3065822867906593E-014 -0.34597068715169144       0.78539817811706136     
   2.1220802892685242E-011 -0.43204661521591348       -1.9904109507788175E-014 -0.33938611770882332       0.78539817812285440     
  -2.0956125723614605E-011 -0.42362703558907100       -2.4399837184581310E-014 -0.33557107271745501       0.78539817812732204     
  -6.5022653927826468E-011 -0.41855276139529352       -2.1200539870206309E-014 -0.33424273692372530       0.78539817812791091     
  -8.5374818326044988E-011 -0.41617046836359961       -2.0879254370970323E-014 -0.33494065166652121       0.78539817812718371     
  -9.1200824670067959E-011 -0.41574016553998661       -1.9595413582247009E-014 -0.33711465788777595       0.78539817812634316     
  -9.7592600667439910E-011 -0.41658124971515420       -1.9889935045409194E-014 -0.34024273570485164       0.78539817812503288     
  -8.7811091731282431E-011 -0.41818186673002700       -1.7838693758626759E-014 -0.34392395356370820       0.78539817812219015     
  -6.7212013732387277E-011 -0.42021670362999330       -2.3211088006421031E-014 -0.34789908980208395       0.78539817812069401     
  -3.9313885480396493E-011 -0.42245327762455531       -2.2129752820807503E-014 -0.35197846010470712       0.78539817812022394     
   1.6164847238542279E-012 -0.42458661247933094       -1.5944951843333992E-014 -0.35590633121790560       0.78539817811980128     
   5.6300741846371238E-011 -0.42608601439274096       -1.9044629189782273E-014 -0.35923045569692391       0.78539817811952883     
   1.0547429596385882E-010 -0.42614475006181607       -2.1010734826119570E-014 -0.36125483668039848       0.78539817812152990     
   1.3801537690483201E-010 -0.42377031266594756       -1.8969789593802942E-014 -0.36111174017774061       0.78539817812210599     
   1.4596279740430873E-010 -0.41797624503686137       -2.6182293344766754E-014 -0.35792392600743561       0.78539817812264168     
   1.4707923767787179E-010 -0.40798046852054526       -1.9081558514885158E-014 -0.35097774344421140       0.78539817812783119     
   1.3176260083014313E-010 -0.39332497669315813       -2.1566286231247973E-014 -0.33983277986289551       0.78539817812751778     
   1.4981926810264667E-010 -0.37389449895109195       -2.0255547096920770E-014 -0.32434571952921232       0.78539817812978363     
   1.7060575174809856E-010 -0.34986303481159098       -2.1190817680695132E-014 -0.30463064249294725       0.78539817813080937     
   1.8755130781755724E-010 -0.32162970997704221       -1.9699383259324036E-014 -0.28100779719951063       0.78539817813085266     
   2.3969981555183040E-010 -0.28976521942643885       -1.8824240572288025E-014 -0.25395951079235246       0.78539817813001234     
   2.7256286116994488E-010 -0.25495624957810392       -1.5841936472416535E-014 -0.22408264123075661       0.78539817812851576     
   2.7827296023019699E-010 -0.21792998749057801       -2.1345785446668396E-014 -0.19202203471771995       0.78539817812798662     
   2.6498581107148311E-010 -0.17935859684087063       -1.8393735632467944E-014 -0.15838489576243830       0.78539817812642654     
   2.6517188445041029E-010 -0.13977975006181964       -2.1374432516238773E-014 -0.12366817695070331       0.78539817812626356     
   2.5544721893311362E-010  -9.9583040608418827E-002  -2.1690535687059281E-014  -8.8243843419215651E-002  0.78539817812662149     
   2.2512391950613164E-010  -5.9078655904830413E-002  -2.1308385763799104E-014  -5.2417537451557195E-002  0.78539817813161694     
   2.2948354327922971E-010  -1.8625547028808143E-002  -2.2330078258693974E-014  -1.6541008400048796E-002  0.78539817813121582     
   1.7257750783983283E-010   2.1242989709033822E-002  -2.7493732323225269E-014   1.8877030487200130E-002  0.78539817813347990     
   1.7152412823406848E-010   5.9773408344707235E-002  -1.6933724710506272E-014   5.3130923965531096E-002  0.78539817813543200     
   1.3833556522513391E-010   9.6059548496914005E-002  -1.8582213454308189E-014   8.5379840014123687E-002  0.78539817813493729     
   1.1963630086597732E-010  0.12921024062897857       -1.7107551453821990E-014  0.11479926097882220       0.78539817813527235     
   1.7606760494004448E-010  0.15854541069498396       -1.6591380911388178E-014  0.14075788397829569       0.78539817813836388     
   2.2327162341184703E-010  0.18373620188240380       -2.0403709620952825E-014  0.16294374053042482       0.78539817813884394     
   2.4751267702072255E-010  0.20483886298362108       -1.7264125077954439E-014  0.18139423575969182       0.78539817813531043     
   2.4802560005809937E-010  0.22223115587323150       -1.4018905954653566E-014  0.19643806344016745       0.78539817813420887     
   2.8954305619777188E-010  0.23650186920946936       -1.6135720199654023E-014  0.20859464864274990       0.78539817812940704     
   2.4344881666138463E-010  0.24834669260091502       -1.6769917618031091E-014  0.21847909135524191       0.78539817812243762     
   2.3514434843718846E-010  0.25849397412430619       -2.2781928863911833E-014  0.22673385349954778       0.78539817811657830     
   2.6356250515391366E-010  0.26765143586530371       -1.7703173785733463E-014  0.23397948006340208       0.78539817810567569     
   3.1202285200038204E-010  0.27645866580564871       -1.0528570594913481E-014  0.24077116955413480       0.78539817810803125     
   3.5199310133293693E-010  0.28545214155401410       -1.6077933525279624E-014  0.24756729014214329       0.78539817810359447     
   4.5009818094854381E-010  0.29505934820367585       -2.1132413875946219E-014  0.25472414518553421       0.78539817810249590     
   5.1557069724594839E-010  0.30565071441860781       -1.5988106189798896E-014  0.26254104994290017       0.78539817810339441     
   5.7395155295125733E-010  0.31762998385264396       -1.9332863481747583E-014  0.27133731948602247       0.78539817810270440     
   6.3748828438292549E-010  0.33152785259596484       -2.0303629801531705E-014  0.28152955697222914       0.78539817810292956     
   7.2855144139793993E-010  0.34803660672267966       -1.6686665748565048E-014  0.29365588692226829       0.78539817810459189     
   8.0205131425259424E-010  0.36795231325508482       -1.9785564037900640E-014  0.30832076552395016       0.78539817810317447     
   8.3883655577210448E-010  0.39203158142237982       -1.6926239716964011E-014  0.32606991565857157       0.78539817810305745     
   9.0651575135325402E-010  0.42081418064682907       -2.4991451356561276E-014  0.34724208020534597       0.78539817810324741     
   9.8052543862081620E-010  0.45448534470634883       -2.0116819829204002E-014  0.37186081800942006       0.78539817809985535     
   1.0407257278188808E-009  0.49283451771437825       -1.5413423829967172E-014  0.39961178847296175       0.78539817808743773     
   1.0963021601639866E-009  0.53531848636650992       -2.0552459076756428E-014  0.42990785257910424       0.78539817808865009     
   1.2643321944949548E-009  0.58119220419836282       -2.4400494763070661E-014  0.46200726418145521       0.78539817808722445     
   1.3626486605744503E-009  0.62964559181532209       -2.4012439178908579E-014  0.49513188545344988       0.78539817807764811     
   1.4639138790073503E-009  0.67990314283542119       -1.9531589365078539E-014  0.52855041413618586       0.78539817805406043     
   1.6105512479214212E-009  0.73127245925435602       -1.9497500865149357E-014  0.56161724870734986       0.78539817805524037     
   1.7424128806453609E-009  0.78315802550118185       -2.5815992201185916E-014  0.59378199598621428       0.78539817804193279     
   1.8653709688010167E-009  0.83505394523937326       -1.7472119639441578E-014  0.62458193855756505       0.78539817803151124     
   1.9957768770950679E-009  0.88652542055534767       -2.2368870057603483E-014  0.65362610568989687       0.78539817802207978     
   2.1209012324163723E-009  0.93716806149859622       -1.3303485207127241E-014  0.68056394891578620       0.78539817801558631     
   2.2000130606159018E-009  0.98654800448981561       -1.6977507606619939E-014  0.70504269733367053       0.78539817801019463     
   2.2901880392112162E-009   1.0341463156634223       -1.5703706096266309E-014  0.72667186479774060       0.78539817800184419     
   2.3829556106136351E-009   1.0793414861813098       -1.2285985645242149E-014  0.74501842902572690       0.78539817800164413     
   2.5190471930613967E-009   1.1214635349366429       -2.0771916024811602E-014  0.75965248344123992       0.78539817799205003     
   2.6481754566987092E-009   1.1599135921216330       -1.5400153096189414E-014  0.77023279143161894       0.78539817798779521     
   2.7746183128840585E-009   1.1943183749330242       -2.7173691732284502E-014  0.77660552330019605       0.78539817798776812     
   2.9060540640557520E-009   1.2246507879057926       -2.0753388002086899E-014  0.77886779773907477       0.78539817797827527     
   3.0152311758513406E-009   1.2512660172537302       -2.0344440564618828E-014  0.77736653094311592       0.78539817797407174     
   3.1114897325323909E-009   1.2748419394098214       -2.0429724988974583E-014  0.77263357419307610       0.78539817797413425     
   3.1822886548127371E-009   1.2962416556889789       -2.2072303782272263E-014  0.76527774116896907       0.78539817797243816     
   3.2124409798939269E-009   1.3163603270747526       -2.3140215473525360E-014  0.75587878156245125       0.78539817796865408     
   3.2527176507812783E-009   1.3360101177942916       -2.7807874347493514E-014  0.74491648935832622       0.78539817796812827     
   3.3463907200825815E-009   1.3558690367457533       -2.5376952297372223E-014  0.73274586315058343       0.78539817796692135     
   3.4430551743014348E-009   1.3764858851641666       -2.5091492885943448E-014  0.71960754996143095       0.78539817796376710     
   3.5339633441822116E-009   1.3983192643469380       -2.1801193975106300E-014  0.70565587389580209       0.78539817796225631     
   3.6435814365631813E-009   1.4217839650227155       -2.2508063823070072E-014  0.69098700700103510       0.78539817796140998     
   3.7147773745971335E-009   1.4472915598360849       -2.4370154305605423E-014  0.67565974278300267       0.78539817795805378     
   3.7343763636954463E-009   1.4752860166890631       -2.9574109168038618E-014  0.65970954922691227       0.78539817795663314     
   3.7604688252201868E-009   1.5062654023578830       -2.5767889694570793E-014  0.64315235625942346       0.78539817795514066     
   3.7688083764919611E-009   1.5407723892509750       -1.7771623784764487E-014  0.62597268012576457       0.78539817795001132     
   3.7395571084175572E-009   1.5793408849238215       -2.0767151968431315E-014  0.60809559509832045       0.78539817794979272     
   3.6912655154708318E-009   1.6223954422926532       -2.6834592632718174E-014  0.58934812357633870       0.78539817794674627     
   3.5846969836939024E-009   1.6701277158226695       -2.2702078427156141E-014  0.56942628692237207       0.78539817793877387     
   3.4461931086582354E-009   1.7224002187947107       -2.6555716399589376E-014  0.54788861999771665       0.78539817793966826     
   3.3333011906222509E-009   1.7787199416248871       -3.7140615046531096E-014  0.52418565403694739       0.78539817793482236     
   3.1859768157005419E-009   1.8382996207554214       -2.4648602376501295E-014  0.49771962231951949       0.78539817792379241     
   3.0072091483646091E-009   1.9001920743701888       -2.6026197680052453E-014  0.46791612268941085       0.78539817792471889     
   2.8471971447174838E-009   1.9634464400082514       -2.5132875102767942E-014  0.43428293738677981       0.78539817791873645     
   2.6321043122834453E-009   2.0272296361129207       -2.5272317900440552E-014  0.39643945275673431       0.78539817790579192     
   2.3448989416863242E-009   2.0908821696961901       -3.2963543791948253E-014  0.35411598602407768       0.78539817790543498     
   2.0379355980537639E-009   2.1539037754436983       -2.1253027995631277E-014  0.30713321647966518       0.78539817789943467     
   1.6586514384187012E-009   2.2158930186737713       -2.5705127491806116E-014  0.25537723861610662       0.78539817788582145     
   1.2351146772004995E-009   2.2764809716749390       -2.7891863323057881E-014  0.19878288756688933       0.78539817788418143     
   8.4710016778899444E-010   2.3352820410843584       -2.7705503817230863E-014  0.13732859570799605       0.78539817787833843     
   4.3422998530218138E-010   2.3918701882044466       -2.3321971138812130E-014   7.1040338492302069E-002  0.78539817786403676     
   2.5583979379462107E-012   2.4457864826662199       -2.4989204507063524E-014  -1.1947621252041244E-014  0.78539817786187882     
