 force-1force-2force-3workmass
  -8.8817841970012523E-015  -8.8817841970012523E-016  -2.1618456724884375E-014   0.0000000000000000       0.78539909798813157     
  -1.5923090845859633E-008  -1.2053457575160742E-003  -1.4019151084375548E-014  -2.5709392975311642E-007  0.78539909798813157     
  -1.9413268104173653E-007  -5.5184958035789933E-003  -2.0427820934185362E-014  -4.4485443011004974E-006  0.78539909798813146     
  -6.8674888842323867E-007  -1.2238844725834586E-002  -2.4631442189682568E-014  -2.1764658043539435E-005  0.78539909798813135     
  -1.6221724901122059E-006  -2.1606030292724565E-002  -2.2449754370879820E-014  -6.6945277254530644E-005  0.78539909798813157     
  -3.2115128010268279E-006  -3.3929092714380715E-002  -1.8940732033561030E-014  -1.6088602241257424E-004  0.78539909798813023     
  -5.7261650723283708E-006  -4.9072019800279421E-002  -2.5122957670186427E-014  -3.2869890192113727E-004  0.78539909798813090     
  -9.4261960290609181E-006  -6.6963874518692457E-002  -2.7494838159550713E-014  -5.9977387589056630E-004  0.78539909798812746     
  -1.4521508659548488E-005  -8.7610528145661615E-002  -2.4132212247727908E-014  -1.0080073956777180E-003  0.78539909798812912     
  -2.1195130041729016E-005 -0.11103328917866007       -2.2754938447616719E-014  -1.5914354168802269E-003  0.78539909798812113     
  -2.9639845967821543E-005 -0.13729705202040154       -2.1686609344308331E-014  -2.3924848211802213E-003  0.78539909798812424     
  -4.0037396360048660E-005 -0.16645321394103041       -2.1063217809397588E-014  -3.4574027571663973E-003  0.78539909798810914     
  -5.2475023209819227E-005 -0.19841052810906668       -2.4068995471879967E-014  -4.8333712274791774E-003  0.78539909798811425     
  -6.6834776716540034E-005 -0.23284179824069762       -2.2755019874338910E-014  -6.5639380936963476E-003  0.78539909798809149     
  -8.2703729635369427E-005 -0.26916454107740195       -3.1258754805141689E-014  -8.6840593686292600E-003  0.78539909798809782     
  -9.9368782209730000E-005 -0.30658352650808141       -2.8761581737619203E-014  -1.1215831565356715E-002  0.78539909798806984     
  -1.1589696077418665E-004 -0.34418299002111796       -2.6646585499998534E-014  -1.4166147163141435E-002  0.78539909798807650     
  -1.3124735776637309E-004 -0.38104026265918156       -1.9593814388838754E-014  -1.7526882215831624E-002  0.78539909798804919     
  -1.4438738567212894E-004 -0.41632340519571009       -2.7325561998454709E-014  -2.1277094752769121E-002  0.78539909798805407     
  -1.5439755977508796E-004 -0.44935106856121099       -3.1318546477177578E-014  -2.5386176563681750E-002  0.78539909798803609     
  -1.6055522092184304E-004 -0.47960948421286265       -2.7505199174316993E-014  -2.9816804377441330E-002  0.78539909798803598     
  -1.6238282589675634E-004 -0.50673368522870721       -2.3500416456347134E-014  -3.4526779652476081E-002  0.78539909798803442     
  -1.5965095967418463E-004 -0.53046999155032681       -2.6707113071287230E-014  -3.9469530279180043E-002  0.78539909798803620     
  -1.5233969343775300E-004 -0.55063976876385157       -2.6701962897110238E-014  -4.4593835501751333E-002  0.78539909798803609     
  -1.4058800964455997E-004 -0.56711963189038261       -1.9739327412200625E-014  -4.9843824563489791E-002  0.78539909798803631     
  -1.2467795446191587E-004 -0.57984449802827198       -2.3160767801731572E-014  -5.5160350000384772E-002  0.78539909798803620     
  -1.0507746828736231E-004 -0.58883033578109467       -2.6855514366771934E-014  -6.0484417179235028E-002  0.78539909798803653     
  -8.2525046698478377E-005 -0.59420606135649212       -2.6327063314186668E-014  -6.5762606616278751E-002  0.78539909798803631     
  -5.8103394433128841E-005 -0.59624102188612804       -2.9880497775752997E-014  -7.0953647643737239E-002  0.78539909798803631     
  -3.3238670197111020E-005 -0.59535639933346207       -2.8061549294244298E-014  -7.6034795090112572E-002  0.78539909798803620     
  -9.5870279728238472E-006 -0.59211443560169785       -2.3113666023680426E-014  -8.1006610227118747E-002  0.78539909798803631     
   1.1192308458252143E-005 -0.58718640796429655       -2.0783310585060787E-014  -8.5895165206597346E-002  0.78539909798803653     
   2.7745566554049361E-005 -0.58130633287851596       -2.1423326423813665E-014  -9.0751411682106875E-002  0.78539909798803609     
   3.9360401114407750E-005 -0.57522053687076680       -2.2734518651616787E-014  -9.5648196747613268E-002  0.78539909798803631     
   4.6276929752231410E-005 -0.56964288100681504       -2.2309100064997979E-014 -0.10067590655327696       0.78539909798803631     
   4.9933509579158653E-005 -0.56522211105661269       -1.7531343712405844E-014 -0.10593780397605590       0.78539909798803653     
   5.3119415594604646E-005 -0.56252307114927635       -1.7359481017490955E-014 -0.11154581203939951       0.78539909798803642     
   6.0016559956910243E-005 -0.56201910172142089       -2.1847684558904077E-014 -0.11761693352189795       0.78539909798803642     
   7.6129858161078090E-005 -0.56409026788150474       -2.2408198643929485E-014 -0.12426993123813068       0.78539909798803598     
   1.0810342464440126E-004 -0.56902179002379505       -2.2844142582886804E-014 -0.13162155725153057       0.78539909798803631     
   1.6342071764130495E-004 -0.57699886855522609       -2.2606965643351701E-014 -0.13978163766822593       0.78539909798803631     
   2.4999249604773510E-004 -0.58809710179386521       -2.7016767509926482E-014 -0.14884668563791870       0.78539909798803631     
   3.7563705358500954E-004 -0.60227069918128606       -2.6130443729466047E-014 -0.15889229242644320       0.78539909798803642     
   5.4746617471357339E-004 -0.61934263581822302       -2.9698339178666404E-014 -0.16996512140858711       0.78539909798803653     
   7.7120110784623108E-004 -0.63900121244524044       -2.2056882658158416E-014 -0.18207569427840142       0.78539909798803609     
   1.0504622479425851E-003 -0.66080623922316040       -2.3058935543916414E-014 -0.19519318874933855       0.78539909798803620     
   1.3860819360318466E-003 -0.68420581745478559       -2.4884981888830569E-014 -0.20924315844302788       0.78539909798803609     
   1.7754888352021769E-003 -0.70856223826476938       -2.6220949459227248E-014 -0.22410853872920500       0.78539909798803631     
   2.2122144598686333E-003 -0.73318368662565470       -2.0333780912604563E-014 -0.23963370995284117       0.78539909798803631     
   2.6855560455398830E-003 -0.75735772143526225       -2.5407768330809509E-014 -0.25563093680544369       0.78539909798803609     
   3.1804261965024949E-003 -0.78038294555419174       -2.7964254937804574E-014 -0.27188830527864138       0.78539909798803631     
   3.6774267463544064E-003 -0.80159658173738024       -2.2374632132666174E-014 -0.28817836204050828       0.78539909798803653     
   4.1531931922080823E-003 -0.82039726417723235       -3.0197003116719825E-014 -0.30426694286545031       0.78539909798803642     
   4.5810601597087164E-003 -0.83626366856632317       -2.8321966144245052E-014 -0.31992202403744074       0.78539909798803631     
   4.9321013978880224E-003 -0.84877023604520874       -2.8249520824102298E-014 -0.33492266466704157       0.78539909798803598     
   5.1765814142541444E-003 -0.85760108217012565       -2.7364900611128137E-014 -0.34906816156963960       0.78539909798803653     
   5.2857933817485048E-003 -0.86256246894657629       -2.6533024618910293E-014 -0.36218740573595465       0.78539909798803631     
   5.2342242487322110E-003 -0.86359320471917900       -2.4637886884126208E-014 -0.37414812165104117       0.78539909798803653     
   5.0019124529474546E-003 -0.86077152638282817       -2.5789892269509144E-014 -0.38486537113117580       0.78539909798803653     
   4.5768027229002861E-003 -0.85431674741090236       -2.8722108813918973E-014 -0.39430851076142615       0.78539909798803631     
   3.9568900179820510E-003 -0.84458422311303072       -3.0387702097574837E-014 -0.40250577519884967       0.78539909798803642     
   3.1519517581606316E-003 -0.83205294443702837       -3.0421200766534497E-014 -0.40954584071718481       0.78539909798803631     
   2.1846901780655514E-003 -0.81730611238982309       -2.6723421885669349E-014 -0.41557605759109828       0.78539909798803598     
   1.0911611074488903E-003 -0.80100596347092656       -3.2037620378404795E-014 -0.42079742848945867       0.78539909798803620     
  -7.9578205850694417E-005 -0.78386473632865905       -2.2356839363579825E-014 -0.42545672610920660       0.78539909798803631     
  -1.2666563284948751E-003 -0.76661383432216978       -2.3768912492483651E-014 -0.42983632254006343       0.78539909798803609     
  -2.3994252887575840E-003 -0.74997301713766962       -2.5733406714198307E-014 -0.43424233731739936       0.78539909798803653     
  -3.4003469617385207E-003 -0.73462099807114301       -2.4183746991231462E-014 -0.43899162877830467       0.78539909798803631     
  -4.1887231943142922E-003 -0.72116833562958160       -2.3555329287176938E-014 -0.44439801643284715       0.78539909798803642     
  -4.6852246584139223E-003 -0.71013316280688688       -2.3792377025101952E-014 -0.45075803480155541       0.78539909798803631     
  -4.8170946187457986E-003 -0.70192019190549326       -3.1354296505874458E-014 -0.45833653189200163       0.78539909798803675     
  -4.5238224418602258E-003 -0.69680352472623164       -2.8062065660127208E-014 -0.46735254044131436       0.78539909798803653     
  -3.7629674415686765E-003 -0.69491400326353481       -2.7390309435608984E-014 -0.47796604379368723       0.78539909798803653     
  -2.5157212487689762E-003 -0.69623199587436702       -2.6624186598182728E-014 -0.49026645514272582       0.78539909798803642     
  -7.9174143099791650E-004 -0.70058648833180504       -2.9349689642268456E-014 -0.50426374122100670       0.78539909798803609     
   1.3672224843581660E-003 -0.70766110613216104       -2.3308874811278399E-014 -0.51988310275379623       0.78539909798803642     
   3.8853409290631191E-003 -0.71700725015260880       -3.1778871871981727E-014 -0.53696395449857981       0.78539909798803653     
   6.6526983353627500E-003 -0.72806396244261196       -3.1667613468622726E-014 -0.55526365331223859       0.78539909798803631     
   9.5274719067122149E-003 -0.74018356575847855       -2.9799827506567708E-014 -0.57446602564401950       0.78539909798803609     
   1.2340374073902538E-002 -0.75266167746189339       -3.0440871856294536E-014 -0.59419437020051191       0.78539909798803631     
   1.4901309903780913E-002 -0.76476993448233344       -2.2202308651384532E-014 -0.61402828033576107       0.78539909798803631     
   1.7008091147073578E-002 -0.77578968114529867       -2.3098464723794707E-014 -0.63352336795954178       0.78539909798803631     
   1.8456939689063034E-002 -0.78504494260622915       -2.1361802220196531E-014 -0.65223280616118906       0.78539909798803631     
   1.9054393741259723E-002 -0.79193317008143760       -1.9708128723692350E-014 -0.66972952853211876       0.78539909798803620     
   1.8630112736010673E-002 -0.79595241590939136       -2.4403299974451144E-014 -0.68562788427455956       0.78539909798803598     
   1.7049940419234133E-002 -0.79672376135232237       -1.6337756401732849E-014 -0.69960355558055909       0.78539909798803620     
   1.4228448670210447E-002 -0.79400797489609132       -1.8858808135782104E-014 -0.71141059222783376       0.78539909798803609     
   1.0140080306980437E-002 -0.78771554552675438       -2.2010370901251732E-014 -0.72089451574107777       0.78539909798803620     
   4.8279588716058086E-003 -0.77790945588223370       -3.0624387831959379E-014 -0.72800061047277875       0.78539909798803598     
  -1.5905389838026807E-003 -0.76480036486940373       -2.1084882518876705E-014 -0.73277676440163386       0.78539909798803609     
  -8.9222263208892372E-003 -0.74873426794390929       -2.1136225815437121E-014 -0.73537055025441678       0.78539909798803587     
  -1.6901139305229407E-002 -0.73017315209116429       -2.1051869409893351E-014 -0.73602060152025484       0.78539909798803564     
  -2.5196456239314990E-002 -0.70966963476940759       -3.1119543556388719E-014 -0.73504273514730301       0.78539909798803598     
  -3.3425265048539821E-002 -0.68783700860234065       -3.0567666547869559E-014 -0.73281165307408802       0.78539909798803587     
  -4.1169815743532290E-002 -0.66531643897693726       -2.3265474560182888E-014 -0.72973934374454164       0.78539909798803575     
  -4.7998572291820807E-002 -0.64274325454527004       -2.8231059230648867E-014 -0.72625151920854547       0.78539909798803564     
  -5.3490088688291415E-002 -0.62071430872642619       -2.7793183622945791E-014 -0.72276352445512781       0.78539909798803553     
  -5.7258494944385951E-002 -0.59975830157689503       -2.2652533448972878E-014 -0.71965716208628638       0.78539909798803520     
  -5.8979171640646477E-002 -0.58031074088107593       -2.8137613123549178E-014 -0.71725979781790361       0.78539909798803487     
  -5.8413051485201706E-002 -0.56269491475398103       -2.6198607134410500E-014 -0.71582696356917896       0.78539909798803498     
  -5.5427913050797528E-002 -0.54710987490712171       -3.3602582948258297E-014 -0.71552946888913294       0.78539909798803476     
  -5.0015037306869736E-002 -0.53362600990609854       -3.7925264788350338E-014 -0.71644578124966918       0.78539909798803476     
  -4.2299712415633017E-002 -0.52218833176902546       -3.0302333636781413E-014 -0.71856013714442390       0.78539909798803476     
  -3.2544309089882262E-002 -0.51262712570167546       -3.4575724908205011E-014 -0.72176650253970953       0.78539909798803476     
  -2.1143010354555791E-002 -0.50467513619647386       -2.9384600214572573E-014 -0.72587811969226923       0.78539909798803453     
  -8.6077671090221131E-003 -0.49799002875364584       -2.9429890720392116E-014 -0.73064197456717173       0.78539909798803442     
   4.4543668591270347E-003 -0.49218048394032898       -3.0540682975529559E-014 -0.73575712090117440       0.78539909798803409     
   1.7371743760248748E-002 -0.48683400916581121       -2.5761068247226495E-014 -0.74089546404905304       0.78539909798803387     
   2.9445065672255133E-002 -0.48154441763134948       -2.8653961946109696E-014 -0.74572336196874378       0.78539909798803376     
   3.9988788571820422E-002 -0.47593694456866764       -3.2602311623233943E-014 -0.74992228680542494       0.78539909798803431     
   4.8374548745623969E-002 -0.46968915625482932       -3.4252393914923640E-014 -0.75320684343258559       0.78539909798803420     
   5.4073858705229405E-002 -0.46254615407983657       -2.7985207281298081E-014 -0.75533866389262139       0.78539909798803453     
   5.6697187094732371E-002 -0.45432905144256974       -3.6037661395323174E-014 -0.75613506907688111       0.78539909798803442     
   5.6026589339865929E-002 -0.44493626103052186       -3.8140554414254997E-014 -0.75547188063134518       0.78539909798803431     
   5.2039296982013816E-002 -0.43433773623037952       -3.1114294661707012E-014 -0.75328032806738676       0.78539909798803431     
   4.4920098221375326E-002 -0.42256291133997426       -2.7088390996896363E-014 -0.74953856965992882       0.78539909798803464     
   3.5060941439991389E-002 -0.40968362581815221       -2.9083796966568307E-014 -0.74425886466024593       0.78539909798803431     
   2.3046940119389348E-002 -0.39579376979637537       -2.1763006601140442E-014 -0.73747185932441894       0.78539909798803464     
   9.6288261528814090E-003 -0.38098769794948151       -2.8135938411021125E-014 -0.72920972962152053       0.78539909798803453     
  -4.3171473735110766E-003 -0.36533959849892317       -2.4277403070195850E-014 -0.71949002899448322       0.78539909798803476     
  -1.7839893818001329E-002 -0.34888597496557217       -2.6363247547916377E-014 -0.70830202777831985       0.78539909798803509     
  -2.9971915299674912E-002 -0.33161316383237205       -3.4843830041853310E-014 -0.69559709829399630       0.78539909798803487     
  -3.9791866468743109E-002 -0.31345139454302418       -3.0339655542498287E-014 -0.68128433764304708       0.78539909798803520     
  -4.6487100255452773E-002 -0.29427631614360950       -2.3301924288686217E-014 -0.66523208836401038       0.78539909798803498     
  -4.9411815357357280E-002 -0.27391821178730513       -1.9981650283665259E-014 -0.64727545500149786       0.78539909798803520     
  -4.8136690551591865E-002 -0.25217839819056387       -2.5106152723187646E-014 -0.62722955637796218       0.78539909798803587     
  -4.2486077100322817E-002 -0.22885154892273962       -2.9640291791293864E-014 -0.60490755718405653       0.78539909798803587     
  -3.2559592757692712E-002 -0.20375199222136642       -2.0247742550863749E-014 -0.58014191407637439       0.78539909798803631     
  -1.8736063939423175E-002 -0.17674153075873456       -1.8585497424044615E-014 -0.55280707502856030       0.78539909798803698     
  -1.6588146883864674E-003 -0.14775600537056865       -2.4013458240474786E-014 -0.52284157628456418       0.78539909798803720     
   1.7797439564105400E-002 -0.11682771921438562       -2.8648216875626608E-014 -0.49026724545580835       0.78539909798803764     
   3.8576488830933009E-002  -8.4101012531519359E-002  -2.2187065232612453E-014 -0.45520327335310240       0.78539909798803809     
   5.9504415476241856E-002  -4.9838736100930703E-002  -3.4952295967317015E-014 -0.41787314965566891       0.78539909798803842     
   7.9363238508911582E-002  -1.4418084484888460E-002  -3.0695314380441881E-014 -0.37860288804112407       0.78539909798803931     
   9.6969494087157493E-002   2.1684870685624524E-002  -2.7579207806697683E-014 -0.33780960723821085       0.78539909798803986     
  0.11125224322092109        5.7921536519883077E-002  -2.9669606797895126E-014 -0.29598039713805102       0.78539909798804075     
  0.12132484785303710        9.3706547262878637E-002  -2.7599589218074670E-014 -0.25364235530670154       0.78539909798804119     
  0.12654519450691204       0.12846044333976803       -1.7036672125574996E-014 -0.21132565604544284       0.78539909798804197     
  0.12655982383655262       0.16165599237042017       -2.0346333441907447E-014 -0.16952244401924510       0.78539909798804242     
  0.12132856684944504       0.19286429086269141       -2.0231727715806258E-014 -0.12864508673993624       0.78539909798804353     
  0.11112771068751015       0.22179653598556115       -3.2615265553545759E-014  -8.8987740967997997E-002  0.78539909798804386     
   9.6531281170785244E-002  0.24833744954906045       -3.1813229393842554E-014  -5.0695251449362821E-002  0.78539909798804464     
   7.8371626488597967E-002  0.27256677040722899       -2.8236216525943689E-014  -1.3743024223749067E-002  0.78539909798804608     
   5.7682011430554181E-002  0.29476603657628342       -2.0877413028845280E-014   2.2069353436663608E-002  0.78539909798804686     
   3.5625138584229221E-002  0.31540875953184599       -2.7798783673497849E-014   5.7108474889632443E-002  0.78539909798804741     
   1.3413091997391879E-002  0.33513375388206779       -2.4313946978367410E-014   9.1881346007512299E-002  0.78539909798804841     
  -7.7754402747756690E-003  0.35470278307843195       -1.8515105571732189E-014  0.12699564627706872       0.78539909798804874     
  -2.6874750997777502E-002  0.37494477193881526       -2.2614205513959406E-014  0.16310801082203463       0.78539909798805041     
  -4.3002124492823590E-002  0.39669073964061141       -2.4390342143770644E-014  0.20086427798489348       0.78539909798805119     
  -5.5513005733466403E-002  0.42070462805474129       -2.5759848458201600E-014  0.24083740341559468       0.78539909798805208     
  -6.4037429885161701E-002  0.44761565368636358       -2.4530319507751660E-014  0.28346854574487690       0.78539909798805296     
  -6.8495199133313145E-002  0.47785807680420511       -2.5255169740472606E-014  0.32901660567202518       0.78539909798805430     
  -6.9089083066022572E-002  0.51162395349528644       -2.4391672485326136E-014  0.37752109052755634       0.78539909798805518     
  -6.6277131515416476E-002  0.54883354280939489       -2.2072284801791336E-014  0.42878213414448041       0.78539909798805607     
  -6.0726823013669717E-002  0.58912677233454680       -1.5945067602903742E-014  0.48235986616968773       0.78539909798805740     
  -5.3255067630836095E-002  0.63187760346893729       -1.4345734518157033E-014  0.53759398375732736       0.78539909798805851     
  -4.4759121476829922E-002  0.67623130545830268       -3.5079166302203941E-014  0.59364272082089631       0.78539909798805962     
  -3.6144102565244474E-002  0.72116267719184002       -3.9469312741103202E-014  0.64953850612392028       0.78539909798806051     
  -2.8252965906389260E-002  0.76555138483571650       -2.7219799800706246E-014  0.70425621056063115       0.78539909798806196     
  -2.1804474648622119E-002  0.80826894126601090       -3.4106961615222943E-014  0.75678864227482379       0.78539909798806296     
  -1.7343977482476625E-002  0.84827050766559875       -3.4721528963774723E-014  0.80622291794018430       0.78539909798806418     
  -1.5210573030243424E-002  0.88468398218899491       -2.6201320390586160E-014  0.85181092709783579       0.78539909798806495     
  -1.5522719025530929E-002  0.91688878228043169       -1.7566038729444645E-014  0.89302730566934940       0.78539909798806551     
  -1.8182679277495950E-002  0.94457736638960554        1.4718605481851432E-015  0.92960922201251162       0.78539909798806606     
  -2.2898389068529035E-002  0.96779417959275893       -1.5686873322063069E-014  0.96157431811312133       0.78539909798806795     
  -2.9220304562091126E-002  0.98694739402884135       -2.4761415315884034E-014  0.98921403051065848       0.78539909798806851     
  -3.6589156969498937E-002   1.0027914780032452       -1.7128864687776541E-014   1.0130616200314098       0.78539909798806962     
  -4.4389545998002156E-002   1.0163821386590692       -2.3490567076342830E-014   1.0338380427266718       0.78539909798807006     
  -5.2004902624706251E-002   1.0290055701044132       -1.5961286523147726E-014   1.0523802017897124       0.78539909798807117     
  -5.8868927408277649E-002   1.0420866115586476       -2.1785552369998554E-014   1.0695575042873378       0.78539909798807195     
  -6.4509021460535276E-002   1.0570831541263948       -3.1612520847056188E-014   1.0861843555384088       0.78539909798807295     
  -6.8578296785115178E-002   1.0753751346567597       -1.7929857202913440E-014   1.1029371351664117       0.78539909798807384     
  -7.0874165862551575E-002   1.0981569402872733       -2.8137420407045106E-014   1.1202847472822448       0.78539909798807472     
  -7.1342856929107690E-002   1.1263412528820220       -2.7178240173906635E-014   1.1384342800201899       0.78539909798807517     
  -7.0069752376352046E-002   1.1604843537469831       -2.7720568144655576E-014   1.1573010950881053       0.78539909798807606     
  -6.7258464398274764E-002   1.2007379948465671       -4.4119588963636072E-014   1.1765078502226336       0.78539909798807683     
  -6.3200562203802324E-002   1.2468317784515914       -2.7870692746723651E-014   1.1954080708182189       0.78539909798807717     
  -5.8240171190921952E-002   1.2980881686427130       -2.7328333047304236E-014   1.2131318587277042       0.78539909798807772     
  -5.2736437838240668E-002   1.3534701059439591       -2.9827966831570855E-014   1.2286503577162096       0.78539909798807828     
  -4.7028525333618898E-002   1.4116571362395405       -3.9637708047195299E-014   1.2408521528830048       0.78539909798807872     
  -4.1406262866046983E-002   1.4711446767389162       -3.8947737061921060E-014   1.2486235120884244       0.78539909798807916     
  -3.6087596023070656E-002   1.5303598023288600       -3.0328898042142620E-014   1.2509271424950625       0.78539909798807983     
  -3.1205969234794573E-002   1.5877847058709840       -2.9127119057657439E-014   1.2468759870017310       0.78539909798808016     
  -2.6809176746547703E-002   1.6420715801215984       -3.0206794931152759E-014   1.2357827655211779       0.78539909798808027     
  -2.2863875058971583E-002   1.6921527689759479       -2.5235317510703674E-014   1.2171900191286025       0.78539909798808105     
  -1.9270137783264918E-002   1.7373272668970943       -4.0191303820568660E-014   1.1908868040658533       0.78539909798808138     
  -1.5882528709474597E-002   1.7773128950846226       -2.8560022917609022E-014   1.1568997930862439       0.78539909798808205     
  -1.2530885600021024E-002   1.8122704517088524       -3.3136604230276309E-014   1.1154481504689882       0.78539909798808227     
  -9.0419026381314271E-003   1.8427947311651875       -3.1388609540429469E-014   1.0668902367841535       0.78539909798808316     
  -5.2594245293067221E-003   1.8698666535780228       -1.9504049237743607E-014   1.0116619723686298       0.78539909798808361     
  -1.0590170635891294E-003   1.8947793750135764       -1.6822319243001158E-014  0.95020522094927595       0.78539909798808294     
   3.6424765797216097E-003   1.9190342701640617       -1.3981441165721845E-014  0.88289834113087151       0.78539909798808383     
   8.8858053085689725E-003   1.9442226073930469       -3.4804378399562991E-014  0.80999844195652360       0.78539909798808405     
   1.4672892449715924E-002   1.9718998051557124       -3.0204285141721309E-014  0.73159626309299752       0.78539909798808394     
   2.0974596797660672E-002   2.0034612956404079       -4.1559251073139748E-014  0.64759109734787035       0.78539909798808405     
   2.7742706308554244E-002   2.0400342385727379       -3.0119128641469201E-014  0.55768953082638606       0.78539909798808460     
   3.4920905541429237E-002   2.0823812833533948       -3.6827840428830995E-014  0.46142420078322077       0.78539909798808516     
   4.2458123049864183E-002   2.1308383460001581       -3.1139824378576671E-014  0.35819550856735405       0.78539909798808483     
   5.0317426931298037E-002   2.1852886989936300       -3.7889998517363523E-014  0.24732865753873606       0.78539909798808527     
   5.8477997285521610E-002   2.2451649989220757       -2.5694561973893082E-014  0.12813923337871980       0.78539909798808560     
   6.6937026722362347E-002   2.3094864535545794       -3.0761847266328821E-014  -2.1623554027651630E-014  0.78539909798808527     
