 force-1force-2force-3workmass
   4.4408920985006262E-016   1.0658141036401503E-014  -2.1490512560269858E-014   0.0000000000000000       0.78539817820995284     
   2.7748838782315488E-009  -2.9244496563549660E-003  -2.8111167298542984E-014  -1.2840595290880899E-006  0.78539817820995506     
  -6.1149914465374877E-008  -8.9430213667647251E-003  -2.2730015759084693E-014  -1.4268796651822208E-005  0.78539817820996460     
  -2.9077455909742866E-007  -1.7737971451566636E-002  -2.7323836348780562E-014  -5.9206149781703549E-005  0.78539817820996483     
  -7.4011019757236340E-007  -2.9169014574648600E-002  -2.7437525876303914E-014  -1.6317330581484824E-004  0.78539817820996505     
  -1.4665260690271964E-006  -4.3157282043882361E-002  -2.6335575091624881E-014  -3.5877289410622681E-004  0.78539817820996471     
  -2.5453797540819778E-006  -5.9646501919907280E-002  -2.7442553378617391E-014  -6.8333828363363602E-004  0.78539817820996505     
  -4.0606951916544176E-006  -7.8567649348439517E-002  -3.0614257058372146E-014  -1.1781633803404079E-003  0.78539817820996483     
  -6.0888604940245727E-006  -9.9832675295992601E-002  -2.8530700759145202E-014  -1.8877269083932557E-003  0.78539817820996505     
  -8.6868388957661580E-006 -0.12333528016836937       -2.7097477996452025E-014  -2.8589131568524939E-003  0.78539817820996494     
  -1.1876146876588223E-005 -0.14894174713879949       -2.5215801113670865E-014  -4.1400787780732640E-003  0.78539817820996549     
  -1.5611618747524147E-005 -0.17647016137807015       -2.3518878265619820E-014  -5.7797488371323369E-003  0.78539817820996549     
  -1.9734915090552363E-005 -0.20566648015463329       -2.4335872364599803E-014  -7.8248234181733101E-003  0.78539817820996571     
  -2.3925513625400185E-005 -0.23618895375712512       -2.7556895950286783E-014  -1.0318392909082208E-002  0.78539817820996582     
  -2.7667759251226443E-005 -0.26760921118658487       -2.4511664358190610E-014  -1.3297478128548645E-002  0.78539817820996594     
  -3.0248608366090224E-005 -0.29943173272643619       -2.5836246535681438E-014  -1.6791114374164362E-002  0.78539817820996616     
  -3.0789843877165879E-005 -0.33112701467609895       -2.7582313329726814E-014  -2.0819138163733708E-002  0.78539817820996671     
  -2.8306669366262582E-005 -0.36217010427846574       -3.0006174989107715E-014  -2.5391850100479840E-002  0.78539817820996705     
  -2.1777135335021569E-005 -0.39207606237036075       -2.8651425676212210E-014  -3.0510506430952766E-002  0.78539817820996782     
  -1.0206318976635487E-005 -0.42042641193606656       -2.5827467295186223E-014  -3.6168422929396482E-002  0.78539817820996838     
   7.3253458885425005E-006 -0.44688419531224355       -2.9200722094071670E-014  -4.2352406302985868E-002  0.78539817820996904     
   3.1631947032373375E-005 -0.47119849731716812       -2.4679560170913842E-014  -4.9044261600668104E-002  0.78539817820996993     
   6.3405312428432836E-005 -0.49320137289738497       -2.7176685795399806E-014  -5.6222225237325896E-002  0.78539817820997060     
   1.0320324416079885E-004 -0.51280082272175775       -2.2588117659792980E-014  -6.3862293201229381E-002  0.78539817820997149     
   1.5143558982888550E-004 -0.52997300251574586       -2.2465288647570793E-014  -7.1939507282005710E-002  0.78539817820997249     
   2.0834565926408644E-004 -0.54475567872269437       -2.2856340811784250E-014  -8.0429299790320874E-002  0.78539817820997337     
   2.7399035432207342E-004 -0.55724355662940184       -2.6909431067112557E-014  -8.9308972846079859E-002  0.78539817820997482     
   3.4822686238111800E-004 -0.56758493407045307       -2.5230865115110229E-014  -9.8559316848051193E-002  0.78539817820997615     
   4.3071503250713405E-004 -0.57597844381687580       -2.4529961956383134E-014 -0.10816628318495258       0.78539817820997748     
   5.2094222840537441E-004 -0.58266852332320695       -2.2518700092493268E-014 -0.11812255081466416       0.78539817820997904     
   6.1827249316159794E-004 -0.58793860573537771       -2.2913055068503961E-014 -0.12842878978896177       0.78539817820998059     
   7.2201599556853679E-004 -0.59210166499805794       -2.6326952553789468E-014 -0.13909443743287797       0.78539817820998248     
   8.3151021477112508E-004 -0.59548843923317740       -2.6860591538549199E-014 -0.15013785903820942       0.78539817820998425     
   9.4620233289877120E-004 -0.59843420201340436       -2.4236175015375092E-014 -0.16158584670881337       0.78539817820998636     
   1.0657231894484198E-003 -0.60126523305482493       -2.3435252653559416E-014 -0.17347249449547242       0.78539817820998870     
   1.1899460517561522E-003 -0.60428613454780056       -2.8368966383034360E-014 -0.18583755479512298       0.78539817820999080     
   1.3190269471445859E-003 -0.60776890435317199       -2.8005404636880635E-014 -0.19872441812596398       0.78539817820999369     
   1.4534259442759989E-003 -0.61194431638574009       -2.5344007030724325E-014 -0.21217786423053431       0.78539817820999636     
   1.5939095140726778E-003 -0.61699578514262399       -2.8397698831839024E-014 -0.22624171454250330       0.78539817820999924     
   1.7415330600885071E-003 -0.62305559539747435       -2.8914796218101260E-014 -0.24095648703195360       0.78539817821000213     
   1.8976007556608110E-003 -0.63020320733354040       -2.3449892825878157E-014 -0.25635712731135873       0.78539817821000568     
   2.0635980326169090E-003 -0.63846530470392615       -2.5477356127523674E-014 -0.27247087380150870       0.78539817821000912     
   2.2410919726780776E-003 -0.64781730664325821       -2.6394929813968503E-014 -0.28931531287029522       0.78539817821001301     
   2.4315969265478188E-003 -0.65818616188491497       -2.4910837530661129E-014 -0.30689668918720114       0.78539817821001723     
   2.6364070109750060E-003 -0.66945433719871339       -2.4629016241974817E-014 -0.32520854996711801       0.78539817821002167     
   2.8564028413731180E-003 -0.68146496327916317       -2.4375970115028566E-014 -0.34423081076398532       0.78539817821002611     
   3.0918456291431085E-003 -0.69402809604389049       -2.5308465239700391E-014 -0.36392932815158474       0.78539817821003122     
   3.3421762901566510E-003 -0.70692799510863225       -2.5228537419033858E-014 -0.38425604765308297       0.78539817821003655     
   3.6058394681628414E-003 -0.71993123452887531       -2.9964575805765963E-014 -0.40514976449874407       0.78539817821004232     
   3.8801519655873307E-003 -0.73279537041453047       -2.2636316114255104E-014 -0.42653749471284019       0.78539817821004820     
   4.1612323587481015E-003 -0.74527782000774501       -2.5726003537612940E-014 -0.44833641113333389       0.78539817821005453     
   4.4440042655793377E-003 -0.75714457301277527       -2.8215963332163266E-014 -0.47045625985948458       0.78539817821006175     
   4.7222807032634151E-003 -0.76817836308373622       -2.6836861797361676E-014 -0.49280214237144371       0.78539817821006919     
   4.9889319805176413E-003 -0.77818597011726531       -2.1297855049481426E-014 -0.51527752973788665       0.78539817821007707     
   5.2361350479142033E-003 -0.78700439031323910       -2.0165626758475611E-014 -0.53778736783675729       0.78539817821008540     
   5.4556981369140445E-003 -0.79450568705052049       -2.3077629303566316E-014 -0.56024113443814283       0.78539817821009472     
   5.6394506232129160E-003 -0.80060040920372266       -2.5113827239042230E-014 -0.58255571737071143       0.78539817821010427     
   5.7796839011130530E-003 -0.80523952693786072       -1.9494279752415778E-014 -0.60465799499089723       0.78539817821011415     
   5.8696244563929412E-003 -0.80841488567179098       -2.1941137639308481E-014 -0.62648701387373240       0.78539817821012547     
   5.9039153264981437E-003 -0.81015821885721984       -2.0929053930429687E-014 -0.64799567340043485       0.78539817821013713     
   5.8790773984807032E-003 -0.81053879376237248       -2.1953740347781673E-014 -0.66915184312638942       0.78539817821014968     
   5.7939181369857096E-003 -0.80965979606829919       -2.3171838555919886E-014 -0.68993885736834670       0.78539817821016311     
   5.6498530694737426E-003 -0.80765359198336739       -2.7384877177403472E-014 -0.71035535325852805       0.78539817821017699     
   5.4511058247026511E-003 -0.80467604149370331       -2.4574332056530781E-014 -0.73041444385170440       0.78539817821019220     
   5.2047560929207037E-003 -0.80090007150805143       -2.5048838620090292E-014 -0.75014224618057401       0.78539817821020830     
   4.9206114052680050E-003 -0.79650874942310423       -2.8725386023696743E-014 -0.76957581400452302       0.78539817821022517     
   4.6108878834107969E-003 -0.79168812221925755       -2.5458079892074401E-014 -0.78876055441066484       0.78539817821024338     
   4.2896965549719113E-003 -0.78662009972267732       -2.2153171056006457E-014 -0.80774723418112515       0.78539817821026237     
   3.9723445193011742E-003 -0.78147566098625099       -2.1889286820409098E-014 -0.82658870395771977       0.78539817821028290     
   3.6744733216362846E-003 -0.77640864923914954       -2.5421452887856699E-014 -0.84533648427857511       0.78539817821030433     
   3.4110695256082124E-003 -0.77155039443625029       -2.4441464216678365E-014 -0.86403736662024677       0.78539817821032731     
   3.1953939656101937E-003 -0.76700536529018315       -2.3693701349230718E-014 -0.88273018446492202       0.78539817821035141     
   3.0378859163953109E-003 -0.76284800741203718       -2.3691516960934695E-014 -0.90144290423008400       0.78539817821037738     
   2.9451058513210171E-003 -0.75912087350682356       -2.3400459616281126E-014 -0.92019017409951331       0.78539817821040459     
   2.9187850936178705E-003 -0.75583409796857737       -2.3915540008750268E-014 -0.93897145088605960       0.78539817821043356     
   2.9550519393701791E-003 -0.75296621364073779       -2.5339563184125789E-014 -0.95776980154158409       0.78539817821046398     
   3.0439012283256517E-003 -0.75046625457444271       -2.5811032159878644E-014 -0.97655144738876487       0.78539817821049618     
   3.1689674078023700E-003 -0.74825703685417011       -3.0287854601794227E-014 -0.99526608631367885       0.78539817821053037     
   3.3076496963300173E-003 -0.74623946156240528       -2.2149144587693838E-014  -1.0138479920499499       0.78539817821056601     
   3.4316220667598429E-003 -0.74429764138988652       -2.3615687025010003E-014  -1.0322178516579381       0.78539817821060420     
   3.5077409156052397E-003 -0.74230461723545815       -2.9197250155365393E-014  -1.0502852641848364       0.78539817821064417     
   3.4993403119116806E-003 -0.74012840525474388       -2.7387196106833394E-014  -1.0679517873573143       0.78539817821068592     
   3.3678798471008520E-003 -0.73763810003417341       -3.2839163295011387E-014  -1.0851143873450013       0.78539817821073044     
   3.0748848766695147E-003 -0.73470975720627862       -3.2726060142638174E-014  -1.1016691213693726       0.78539817821077729     
   2.5840950676609964E-003 -0.73123178955310131       -3.4567226926358981E-014  -1.1175148662199383       0.78539817821082658     
   1.8637163059089801E-003 -0.72710963446856169       -3.1876757790118775E-014  -1.1325568991051469       0.78539817821087876     
   8.8865486239875224E-004 -0.72226948666259716       -2.6410480766486071E-014  -1.1467101415620249       0.78539817821093327     
  -3.5739734455120242E-004 -0.71666093648008733       -2.8210942165732789E-014  -1.1599018924842319       0.78539817821099078     
  -1.8801603328881811E-003 -0.71025840899449832       -3.0380991671629596E-014  -1.1720739021941320       0.78539817821105085     
  -3.6733751868762710E-003 -0.70306135930623803       -3.3500283306481046E-014  -1.1831836745195741       0.78539817821111413     
  -5.7179399234641437E-003 -0.69509324207351852       -3.6767621614030677E-014  -1.1932049260548041       0.78539817821118052     
  -7.9816654140039134E-003 -0.68639933513060214       -3.0022363372354280E-014  -1.2021271789875421       0.78539817821124958     
  -1.0419715184159628E-002 -0.67704355486209522       -2.9859392212000645E-014  -1.2099545133228453       0.78539817821132218     
  -1.2975757152430489E-002 -0.66710445143704966       -2.8706235470150706E-014  -1.2167035526818992       0.78539817821139823     
  -1.5583814748698188E-002 -0.65667061255600956       -2.4457173445636498E-014  -1.2224008026889734       0.78539817821147762     
  -1.8170761687784420E-002 -0.64583573256168769       -1.9418928551721338E-014  -1.2270794991656739       0.78539817821156033     
  -2.0659361414594457E-002 -0.63469361781884714       -2.0375661920188546E-014  -1.2307761524807432       0.78539817821164659     
  -2.2971711970576791E-002 -0.62333339808446375       -1.0962986850504524E-014  -1.2335269923794918       0.78539817821173652     
  -2.5032922443870120E-002 -0.61183519701129185       -1.5214248199962357E-014  -1.2353645231059573       0.78539817821183000     
  -2.6774821049770026E-002 -0.60026648365168178       -8.8701887216621316E-015  -1.2363143909808159       0.78539817821192748     
  -2.8139479352162766E-002 -0.58867928272285575       -1.6205588103415424E-014  -1.2363927459132658       0.78539817821202862     
  -2.9082334752359884E-002 -0.57710836664143628       -1.4061196614749772E-014  -1.2356042457533327       0.78539817821213376     
  -2.9574705128094791E-002 -0.56557049028687967       -1.7662418931481880E-014  -1.2339408100299174       0.78539817821224300     
  -2.9605514504702057E-002 -0.55406466445719538       -2.5661733850903564E-014  -1.2313811794244085       0.78539817821235591     
  -2.9182087314755023E-002 -0.54257339969186891       -2.9524857388088168E-014  -1.2278912834515037       0.78539817821247304     
  -2.8329919887223554E-002 -0.53106479273869667       -2.1415842485117583E-014  -1.2234253645779711       0.78539817821259494     
  -2.7091397442056575E-002 -0.51949527773018289       -2.7717357787228149E-014  -1.2179277557944044       0.78539817821272040     
  -2.5523489962633761E-002 -0.50781282646808013       -2.1248089836191447E-014  -1.2113351650391966       0.78539817821285052     
  -2.3694527524053655E-002 -0.49596035922740178       -2.7445000179955095E-014  -1.2035792868240662       0.78539817821298530     
  -2.1680219555126001E-002 -0.48387912174766079       -3.1046168316871037E-014  -1.1945895414361951       0.78539817821312463     
  -1.9559139675500603E-002 -0.47151179549849509       -2.6103622434931403E-014  -1.1842957384551562       0.78539817821326852     
  -1.7407943704313311E-002 -0.45880513625746389       -2.9370134807618749E-014  -1.1726304718518286       0.78539817821341673     
  -1.5296617417195790E-002 -0.44571197897416459       -2.3264147146257981E-014  -1.1595310814537028       0.78539817821356950     
  -1.3284061248310053E-002 -0.43219250091340200       -3.0061887901686336E-014  -1.1449410567466556       0.78539817821372693     
  -1.1414310056071741E-002 -0.41821469677385004       -2.8270341684593200E-014  -1.1288108081277555       0.78539817821388946     
  -9.7136568666904566E-003 -0.40375408403465585       -2.8623827671677733E-014  -1.1110977891090128       0.78539817821405633     
  -8.1888995374974627E-003 -0.38879272006765553       -3.5501340946622041E-014  -1.0917660123946611       0.78539817821422830     
  -6.8268620260276691E-003 -0.37331766796013932       -3.6119730624801566E-014  -1.0707850563105339       0.78539817821440439     
  -5.5952614437586590E-003 -0.35731909182385313       -2.8841205743774959E-014  -1.0481287064529465       0.78539817821458535     
  -4.4449033477498290E-003 -0.34078819218451550       -4.1632026209788618E-014  -1.0237734113860619       0.78539817821477109     
  -3.3130973435469002E-003 -0.32371520257547370       -3.7133767432629829E-014 -0.99769674783905948       0.78539817821496116     
  -2.1280978910525050E-003 -0.30608766085948935       -3.2105839774933420E-014 -0.96987609171285438       0.78539817821515545     
  -8.1429950059330736E-004 -0.28788914266177956       -3.1265017597266013E-014 -0.94028767335581431       0.78539817821535440     
   7.0214298326476410E-004 -0.26909860159548238       -2.9149176556095338E-014 -0.90890615868616287       0.78539817821555735     
   2.4876376067730632E-003 -0.24969040581521940       -3.2444545880904092E-014 -0.87570484855362163       0.78539817821576419     
   4.5958038061399975E-003 -0.22963509581950081       -3.8148477607982834E-014 -0.84065653124570416       0.78539817821597613     
   7.0628152889113949E-003 -0.20890081982805064       -3.6967617996373795E-014 -0.80373495808279971       0.78539817821619085     
   9.9037658070493251E-003 -0.18745533863263830       -3.3646320579371692E-014 -0.76491684555696948       0.78539817821640978     
   1.3110318416831745E-002 -0.16526843499913557       -2.6893275237731409E-014 -0.72418425715931078       0.78539817821663238     
   1.6649812216872562E-002 -0.14231452149410462       -3.0726984957647016E-014 -0.68152717701095877       0.78539817821685831     
   2.0465908202353944E-002 -0.11857521464754406       -4.1437899627756479E-014 -0.63694605270250149       0.78539817821708702     
   2.4480751551799074E-002  -9.4041636908998250E-002  -4.5448924060727537E-014 -0.59045408051784865       0.78539817821731917     
   2.8598515631475863E-002  -6.8716225325786695E-002  -4.1001391714553689E-014 -0.54207902619751147       0.78539817821755442     
   3.2710093580661237E-002  -4.2613862484222054E-002  -3.5560977530927670E-014 -0.49186440595705250       0.78539817821779234     
   3.6698626404056967E-002  -1.5762199541022426E-002  -3.2546549127290154E-014 -0.43986990316103647       0.78539817821803237     
   4.0445498718575834E-002   1.1798891454766647E-002  -4.4176226147549678E-014 -0.38617095704613380       0.78539817821827507     
   4.3836403164199567E-002   4.0018724351291723E-002  -5.1973474240819214E-014 -0.33085753273574792       0.78539817821851932     
   4.6767072363127937E-002   6.8837977890449764E-002  -5.7278029726523985E-014 -0.27403215734187469       0.78539817821876590     
   4.9148304138832088E-002   9.8191490111521063E-002  -6.5193405356606904E-014 -0.21580737492111890       0.78539817821901370     
   5.0909961995603936E-002  0.12801145465019559       -6.3527949014085792E-014 -0.15630282662842276       0.78539817821926272     
   5.2003711924438534E-002  0.15823076603520647       -6.5057437008099850E-014  -9.5642199923987370E-002  0.78539817821951219     
   5.2404353842771201E-002  0.18878624346423223       -6.2625243381617129E-014  -3.3950305994069119E-002  0.78539817821976277     
   5.2109711744932952E-002  0.21962146912039948       -6.3277107687672587E-014   2.8649465188405721E-002  0.78539817822001390     
   5.1139152859011716E-002  0.25068900763833213       -7.8867694192583939E-014   9.2037095464211127E-002  0.78539817822026448     
   4.9530904263015429E-002  0.28195182476745728       -8.3485182909872865E-014  0.15609713041190787       0.78539817822051461     
   4.7338418513277247E-002  0.31338379163368657       -7.5771046543485572E-014  0.22071901748104850       0.78539817822076408     
   4.4626101161959753E-002  0.34496924083675573       -7.1128725787080495E-014  0.28579657430353578       0.78539817822101243     
   4.1464747715451722E-002  0.37670162476539559       -6.7143710502802895E-014  0.35122665260269947       0.78539817822125890     
   3.7927043402824268E-002  0.40858140719513969       -7.7232559624252673E-014  0.41690713931356527       0.78539817822150448     
   3.4083456409554458E-002  0.44061338898091051       -7.6981754738955334E-014  0.48273449964023740       0.78539817822174696     
   2.9998806665540556E-002  0.47280372110649438       -7.3678121575971466E-014  0.54860111051394966       0.78539817822198710     
   2.5729722808916833E-002  0.50515688859907115       -8.1144488258731100E-014  0.61439265297867252       0.78539817822222446     
   2.1323116078601601E-002  0.53767295384072611       -6.9177368105811979E-014  0.67998582640615268       0.78539817822245883     
   1.6815709201049245E-002  0.57034532680221517       -8.3122850501250103E-014  0.74524661648625568       0.78539817822268954     
   1.2234568780824517E-002  0.60315928451049317       -7.8803569742732242E-014  0.81002929570224502       0.78539817822291613     
   7.5985088571641768E-003  0.63609139652320223       -7.6292314805562021E-014  0.87417626450438313       0.78539817822313851     
   2.9201678776136220E-003  0.66910993317286582       -7.2715423144501611E-014  0.93751876052743199       0.78539817822335700     
  -1.7914837401136197E-003  0.70217624602535977       -7.8087560309712745E-014  0.99987837993542428       0.78539817822357061     
  -6.5284700619976377E-003  0.73524702315279455       -7.2677926590637383E-014   1.0610692765355445       0.78539817822377911     
  -1.1281232686041420E-002  0.76827724276774489       -6.7186929300604807E-014   1.1209008389914707       0.78539817822398228     
  -1.6036386475688502E-002  0.80122358643539826       -8.1786043714478652E-014   1.1791806030533163       0.78539817822418034     
  -2.0774999480865475E-002  0.83404803011437068       -8.1580564603107529E-014   1.2357171298753311       0.78539817822437308     
  -2.5471530422224831E-002  0.86672131548471043       -9.2691774917355154E-014   1.2903225862149554       0.78539817822456048     
  -3.0093490493378283E-002  0.89922601227708299       -8.6159246854277346E-014   1.3428147918509019       0.78539817822474156     
  -3.4601828924357036E-002  0.93155891116315459       -8.0527138002767005E-014   1.3930185431238176       0.78539817822491687     
  -3.8951974617678076E-002  0.96373254654839258       -8.4910969094177304E-014   1.4407660906511186       0.78539817822508651     
  -4.3095409704130283E-002  0.99577572318460028       -7.4537522545757383E-014   1.4858967287931701       0.78539817822525015     
  -4.6981618378889145E-002   1.0277329971999478       -9.3612811548917435E-014   1.5282555313760877       0.78539817822540769     
  -5.0560228984235067E-002   1.0596631488839137       -7.9126423248649481E-014   1.5676913404564203       0.78539817822555924     
  -5.3783159911162670E-002   1.0916367664742275       -8.0665663025025549E-014   1.6040541795968259       0.78539817822570468     
  -5.6606595604812959E-002   1.1237331264895936       -8.6304813474219259E-014   1.6371923074702082       0.78539817822584457     
  -5.8992647234245688E-002   1.1560366075710178       -1.0918333125394268E-013   1.6669491520044666       0.78539817822597857     
  -6.0910589604993071E-002   1.1886329067245285       -1.1305605420479810E-013   1.6931603725021649       0.78539817822610636     
  -6.2337610764514828E-002   1.2216053311673711       -9.1993048329616241E-014   1.7156512701131135       0.78539817822622848     
  -6.3259058096690524E-002   1.2550314263889746       -9.4042972724773256E-014   1.7342347307145047       0.78539817822634550     
  -6.3668209585790336E-002   1.2889801619931873       -8.9041657835642758E-014   1.7487098320469663       0.78539817822645741     
  -6.3565635502590645E-002   1.3235098442050237       -6.6179070016222469E-014   1.7588611820422067       0.78539817822656366     
  -6.2958243357766897E-002   1.3586668599643268       -5.0077955044981696E-014   1.7644589896043161       0.78539817822666469     
  -6.1858115466722374E-002   1.3944852830835863       -4.7154172304062984E-014   1.7652598078813622       0.78539817822676072     
  -6.0281252446436451E-002   1.4309873019757617       -4.7248765070549051E-014   1.7610078376304426       0.78539817822685276     
  -5.8246328394274904E-002   1.4681843674704389       -6.1841834168251891E-014   1.7514366403147550       0.78539817822693980     
  -5.5773547185018035E-002   1.5060789072189067       -5.6120858337642289E-014   1.7362710888951707       0.78539817822702229     
  -5.2883666599409018E-002   1.5446664142754400       -4.8647677803848273E-014   1.7152293802682745       0.78539817822710134     
  -4.9597230272338755E-002   1.5839376988758289       -5.2243801745433428E-014   1.6880249469566051       0.78539817822717606     
  -4.5934020678256360E-002   1.6238810921274194       -6.0560201520786600E-014   1.6543681335670914       0.78539817822724700     
  -4.1912721626364280E-002   1.6644844068040747       -6.1986922633665972E-014   1.6139675425405313       0.78539817822731428     
  -3.7550758938040829E-002   1.7057364926113117       -4.9894773667666256E-014   1.5665309993983021       0.78539817822737834     
  -3.2864274361011914E-002   1.7476282665137646       -3.3543505991838604E-014   1.5117661355720671       0.78539817822743907     
  -2.7868181613732723E-002   1.7901531492661782       -4.6701297099554555E-014   1.4493806315521436       0.78539817822749691     
  -2.2576254888237113E-002   1.8333068910105865       -2.6177148258133543E-014   1.3790821997060956       0.78539817822755187     
  -1.7001207535911611E-002   1.8770868198960038       -3.0768404823387474E-014   1.3005784134457583       0.78539817822760383     
  -1.1154731020370567E-002   1.9214905929799109       -3.0564440698393434E-014   1.2135765046139557       0.78539817822765357     
  -5.0474795541957107E-003   1.9665145642813542       -2.4892426516772632E-014   1.1177832530212948       0.78539817822770064     
   1.3109977578200649E-003   2.0121519092138485       -2.6133832760929830E-014   1.0129050817667227       0.78539817822774582     
   7.9123599513661880E-003   2.0583906556729872       -2.6584790736412517E-014  0.89864845132597404       0.78539817822778790     
   1.4749582417217244E-002   2.1052117709773199       -2.7352326268419732E-014  0.77472061712061624       0.78539817822782831     
   2.1817031388545072E-002   2.1525874415092154       -1.4893242475673966E-014  0.64083078272732008       0.78539817822786662     
   2.9110461491971051E-002   2.2004796589350590       -2.3619120905299787E-014  0.49669164740511063       0.78539817822790348     
   3.6626893402019078E-002   2.2488391978732558       -1.8006363454677523E-014  0.34202131531553803       0.78539817822793756     
   4.4364332930863615E-002   2.2976050365770710       -2.1831745675194419E-014  0.17654550766651161       0.78539817822797042     
   5.2321300721577479E-002   2.3467042369995887       -1.9146736210020758E-014  -2.9662486855685682E-014  0.78539817822800129     
