 force-1force-2force-3workmass
   4.4408920985006262E-016   1.7763568394002505E-015  -1.9398089615056787E-014   0.0000000000000000       0.78539816362971648     
  -1.3322676295501878E-014  -5.8619775700208265E-014  -3.7708755711761857E-014  -8.2533104269632304E-007  0.78539816363208836     
  -2.3092638912203256E-014  -1.0658141036401503E-014  -3.8293323773132421E-014  -8.6759548381246497E-006  0.78539816362967707     
  -2.6201263381153694E-014  -4.0856207306205761E-014  -3.5906456820818761E-014  -3.4351268792834125E-005  0.78539816365641602     
  -4.4408920985006262E-015  -6.7501559897209518E-014  -4.0138555856124312E-014  -9.0865084995008974E-005  0.78539816364444870     
  -3.5527136788005009E-015  -3.5527136788005009E-014  -3.8245270669354329E-014  -1.9251238921448024E-004  0.78539816373436722     
  -7.1054273576010019E-015  -2.6645352591003757E-014  -3.4129419469768183E-014  -3.5435552239018611E-004  0.78539816370619231     
  -8.8817841970012523E-016  -9.5923269327613525E-014  -3.8629739952711441E-014  -5.9187833178267653E-004  0.78539816366696291     
  -1.4210854715202004E-014  -7.9936057773011271E-014  -3.8613443438531126E-014  -9.2073676842227819E-004  0.78539816366700776     
   2.1316282072803006E-014  -6.3948846218409017E-014  -4.0392917670871791E-014  -1.3565624355309958E-003  0.78539816366706461     
   1.6431300764452317E-014  -4.4408920985006262E-014  -3.9231986700087058E-014  -1.9148069162515731E-003  0.78539816366713566     
   1.4654943925052066E-014  -5.3290705182007514E-015  -3.7462385892529666E-014  -2.6106147694507035E-003  0.78539816366722137     
   4.6629367034256575E-014  -3.5527136788005009E-014  -3.9552920497137439E-014  -3.4587190496808929E-003  0.78539816366732296     
   2.3980817331903381E-014  -9.4146912488213275E-014  -3.9523668909087246E-014  -4.4733547745283804E-003  0.78539816366744175     
   3.6415315207705135E-014  -1.0125233984581428E-013  -3.7694652356804997E-014  -5.6681870176052132E-003  0.78539816366757909     
   4.7073456244106637E-014  -5.3290705182007514E-014  -3.3015389400155359E-014  -7.0562511010283996E-003  0.78539816366773563     
   6.2172489379008766E-014   2.3092638912203256E-014  -3.7565990369597257E-014  -8.6499029273686134E-003  0.78539816366791282     
   4.5741188614556449E-014  -1.7763568394002505E-014  -3.5325943923025412E-014  -1.0460777907308764E-002  0.78539816366811155     
   6.0840221749458578E-014  -9.2370555648813024E-014  -3.7318093982583183E-014  -1.2499757251053734E-002  0.78539816366833259     
   6.7057470687359455E-014  -3.3750779948604759E-014  -3.8963630432109550E-014  -1.4776940627607480E-002  0.78539816366857718     
  -7.1054273576010019E-015  -4.2632564145606011E-014  -3.9037499151062615E-014  -1.7301624375816539E-002  0.78539816366884474     
  -2.6645352591003757E-014  -7.2830630415410269E-014  -3.4923506779458918E-014  -2.0082284590687793E-002  0.78539816366913828     
   9.3258734068513149E-015  -4.9737991503207013E-014  -3.1241587371340455E-014  -2.3126564517290324E-002  0.78539816366945747     
  -8.4376949871511897E-015  -7.6383344094210770E-014  -3.7116626644587130E-014  -2.6441265772137623E-002  0.78539816366980353     
  -7.9936057773011271E-015  -5.1514348342607263E-014  -3.0889627847642648E-014  -3.0032342981005641E-002  0.78539816367017679     
  -2.7977620220553945E-014  -7.8159700933611020E-014  -2.8743224979072542E-014  -3.3904901478084337E-002  0.78539816367057846     
   2.7533531010703882E-014   5.5067062021407764E-014  -3.2065565258657191E-014  -3.8063197756333836E-002  0.78539816367100956     
   5.9952043329758453E-014  -2.4868995751603507E-014  -3.2007219159204648E-014  -4.2510642392344859E-002  0.78539816367147042     
  -4.4408920985006262E-014  -7.1054273576010019E-014  -3.5521136262140278E-014  -4.7249805195519634E-002  0.78539816367196158     
   9.3258734068513149E-015   2.3092638912203256E-014  -3.2025915584080257E-014  -5.2282422361216122E-002  0.78539816367248394     
  -1.2478906796786760E-013  -8.8817841970012523E-015  -3.0769311479407290E-014  -5.7609405426169623E-002  0.78539816367303850     
   3.5527136788005009E-015   4.7961634663806763E-014  -2.9494581644140205E-014  -6.3230851838913915E-002  0.78539816367362625     
   1.1457501614131615E-013  -3.9079850466805510E-014  -2.7326745872627963E-014  -6.9146056972891390E-002  0.78539816367424764     
   4.6185277824406512E-014  -4.6185277824406512E-014  -2.4823395670846127E-014  -7.5353527425383843E-002  0.78539816367490289     
  -1.1812772982011666E-013   1.7763568394002505E-015  -2.4281422854117446E-014  -8.1850995457045772E-002  0.78539816367559423     
  -6.9722005946459831E-014  -1.0302869668521453E-013  -2.4957130152894213E-014  -8.8635434439364405E-002  0.78539816367632076     
   1.5232259897857148E-013  -1.7053025658242404E-013  -2.1933499187275344E-014  -9.5703075189930403E-002  0.78539816367708415     
  -1.0080825063596421E-013  -8.1712414612411521E-014  -2.0829200986478186E-014 -0.10304942308731885       0.78539816367788573     
  -3.6415315207705135E-014   7.1054273576010019E-015  -1.5054624034410211E-014 -0.11066927586639298       0.78539816367872550     
  -2.5313084961453569E-014   6.2172489379008766E-014  -1.8705722105540139E-014 -0.11855674200841247       0.78539816367960458     
   2.1316282072803006E-014  -1.0125233984581428E-013  -1.3649797324648608E-014 -0.12670525964807022       0.78539816368052451     
   1.4743761767022079E-013  -7.2830630415410269E-014  -1.5831803497931828E-014 -0.13510761592748788       0.78539816368148596     
  -1.7053025658242404E-013  -2.1849189124623081E-013  -1.1889152868374598E-014 -0.14375596673412572       0.78539816368249005     
   1.5631940186722204E-013   2.6645352591003757E-014  -1.0790159119607302E-014 -0.15264185676682684       0.78539816368353810     
  -1.1102230246251565E-013  -1.3145040611561853E-013  -4.0266872374479147E-015 -0.16175623987535673       0.78539816368463145     
   4.4408920985006262E-014   2.4868995751603507E-014  -2.2052637145663896E-015 -0.17108949962464642       0.78539816368577142     
  -2.9221070008134120E-013  -3.0198066269804258E-014  -2.4294060730675985E-015 -0.18063147003395125       0.78539816368695969     
   2.3980817331903381E-014  -5.3290705182007514E-014  -9.1878321254260272E-015 -0.19037145645190412       0.78539816368819748     
  -9.1926466438962962E-014  -6.3948846218409017E-014  -4.2377911389746469E-015 -0.20029825652427688       0.78539816368948712     
  -9.8143715376863838E-014  -1.6520118606422329E-013  -5.5684184688522935E-015 -0.21040018121842391       0.78539816369083071     
   9.8587804586713901E-014  -4.0856207306205761E-014  -4.1933451008248056E-016 -0.22066507587302109       0.78539816369222959     
   3.1041835768519377E-013  -1.1723955140041653E-013   1.7599147436006465E-016 -0.23108034124548971       0.78539816369368665     
   2.0872192862952943E-013  -7.8159700933611020E-014   3.0431705820025372E-015 -0.24163295453628797       0.78539816369520443     
  -1.7719159473017498E-013  -5.8619775700208265E-014   1.2617083420196293E-014 -0.25230949037161587       0.78539816369678450     
  -1.8118839761882555E-013  -1.8118839761882555E-013   1.4461630199294218E-014 -0.26309614172866391       0.78539816369843152     
  -1.3145040611561853E-013  -2.9132252166164108E-013   1.3387333389180833E-014 -0.27397874080179219       0.78539816370014748     
  -7.9936057773011271E-015   1.5454304502782179E-013   1.2255366355527882E-014 -0.28494277979099336       0.78539816370193649     
   2.6512125828048738E-013  -1.0302869668521453E-013   2.0333361765109746E-014 -0.29597343161907486       0.78539816370380189     
   1.8784973576657649E-013  -4.7073456244106637E-013   2.6217200131587622E-014 -0.30705557056333788       0.78539816370574744     
  -8.0824236192711396E-014  -3.5704772471945034E-013   3.5228473078857157E-014 -0.31817379280169539       0.78539816370777826     
   4.5297099404706387E-014   1.9539925233402755E-013   3.0014064155981394E-014 -0.32931243686290979       0.78539816370989890     
   1.7763568394002505E-015  -1.4743761767022079E-013   3.9425831422211283E-014 -0.34045560398570773       0.78539816371211357     
  -1.6964207816272392E-013  -3.4816594052244909E-013   2.3511418562254807E-014 -0.35158717836397385       0.78539816371442883     
  -1.0480505352461478E-013   8.1712414612411521E-014   2.8914144966555735E-014 -0.36269084729328815       0.78539816371684990     
  -2.1582735598713043E-013   3.4994229736184934E-013   2.8989487090045149E-014 -0.37375012120052870       0.78539816371938254     
  -5.0182080713057076E-013  -8.3488771451811772E-014   3.3086242649795553E-014 -0.38474835355761194       0.78539816372203397     
  -3.3573144264664734E-013  -4.6718184876226587E-013   4.7198658363584677E-014 -0.39566876068491885       0.78539816372481164     
   1.3411494137471891E-013   5.5067062021407764E-014   3.8235011458591361E-014 -0.40649444144242930       0.78539816372772209     
  -8.4376949871511897E-014  -1.2434497875801753E-014   5.1973328414965245E-014 -0.41720839681243149       0.78539816373077387     
  -3.7303493627405260E-013  -5.7198690228688065E-013   4.8975601229066186E-014 -0.42779354939205766       0.78539816373397509     
   5.4178883601707639E-014  -1.3145040611561853E-013   4.7475467136494405E-014 -0.43823276278441359       0.78539816373733506     
   1.2079226507921703E-013   1.4210854715202004E-014   4.9578329601382235E-014 -0.44850886091795328       0.78539816374086291     
  -3.3306690738754696E-013  -1.0658141036401503E-014   4.5752322706383402E-014 -0.45860464729570982       0.78539816374456861     
  -3.5349501104064984E-013  -1.5987211554602254E-014   6.2093799190867352E-014 -0.46850292418115413       0.78539816374846227     
  -3.8280489889075398E-013  -1.9539925233402755E-014   7.4476105387561294E-014 -0.47818651173368953       0.78539816375255522     
  -2.2293278334473143E-013  -7.6383344094210770E-014   7.1960863325141662E-014 -0.48763826709673996       0.78539816375685834     
  -1.6342482922482304E-013  -4.0856207306205761E-014   7.2051274995509220E-014 -0.49684110345194382       0.78539816376138338     
   2.4691360067663481E-013  -4.1211478674085811E-013   6.7105695977069185E-014 -0.50577800903640391       0.78539816376614335     
   3.6504133049675147E-013  -1.6697754290362354E-013   6.9990591233117007E-014 -0.51443206613570547       0.78539816377115024     
  -1.3056222769591841E-013  -3.6948222259525210E-013   6.0152923947688253E-014 -0.52278647005027223       0.78539816377641758     
  -2.2826185386293218E-013   3.6415315207705135E-013   4.8190868766457687E-014 -0.53082454805639734       0.78539816378195892     
   2.5934809855243657E-013  -1.9007018181582680E-013   5.3430934459874418E-014 -0.53852977834389326       0.78539816378778804     
  -1.6164847238542279E-013  -2.5934809855243657E-013   5.8384861846336328E-014 -0.54588580897402350       0.78539816379392002     
   1.9184653865522705E-013  -4.7961634663806763E-014   6.7783002749055430E-014 -0.55287647682355734       0.78539816380036864     
   4.4408920985006262E-013  -2.7000623958883807E-013   8.4353550694471382E-014 -0.55948582657517643       0.78539816380714900     
  -4.4408920985006262E-013   2.0250467969162855E-013   1.0691202575333992E-013 -0.56569812971533562       0.78539816381427741     
  -1.0658141036401503E-014   6.0396132539608516E-014   1.2145933829985466E-013 -0.57149790359194841       0.78539816382176797     
   7.2830630415410269E-013  -2.6645352591003757E-013   1.3650078238503520E-013 -0.57686993051418856       0.78539816382963723     
   3.3040237212844659E-013   3.7481129311345285E-013   1.2894475727305836E-013 -0.58179927692143329       0.78539816383790018     
   2.5401902803423582E-013   4.2987835513486061E-013   1.1067684832365246E-013 -0.58627131261666643       0.78539816384657335     
   7.5672801358450670E-013  -7.4074080202990444E-013   1.1652761452613400E-013 -0.59027173009024425       0.78539816385567229     
  -8.4732221239391947E-013   8.7752027866372373E-013   1.0139787655160626E-013 -0.59378656390690687       0.78539816386521244     
  -4.9205084451386938E-013   1.1723955140041653E-013   6.8159203694376038E-014 -0.59680221021857549       0.78539816387520978     
   2.1316282072803006E-014   1.4033219031261979E-013   6.7996619008939937E-014 -0.59930544633707594       0.78539816388567896     
  -2.4158453015843406E-013   1.9007018181582680E-013   8.2304562247114035E-014 -0.60128345043249476       0.78539816389663586     
  -3.8902214782865485E-013  -2.6822988274943782E-013   5.7979323847307646E-014 -0.60272382131447755       0.78539816390809492     
  -4.2277292777725961E-013  -1.9895196601282805E-013   6.1741276869384666E-014 -0.60361459833471187       0.78539816392007000     
  -3.2684965844964609E-013   4.7251091928046662E-013   3.1215402095094380E-014 -0.60394428139464784       0.78539816393257467     
  -6.5725203057809267E-014  -6.0396132539608516E-013   6.3449954827199197E-014 -0.60370185107796681       0.78539816394562267     
  -6.2172489379008766E-014  -7.4606987254810520E-014   6.7129430149400740E-014 -0.60287678888605090       0.78539816395922613     
   1.2967404927621828E-013  -3.7125857943465235E-013   6.4938150641522316E-014 -0.60145909761325300       0.78539816397339623     
  -1.7941204077942530E-013  -7.3896444519050419E-013   7.1978110079765398E-014 -0.59943932184861004       0.78539816398814422     
  -1.4033219031261979E-013   7.2120087679650169E-013   8.2804707399133909E-014 -0.59680856860172748       0.78539816400347906     
  -4.7961634663806763E-014   2.7533531010703882E-013   7.8501371338089735E-014 -0.59355852806083620       0.78539816401940987     
   5.4001247917767614E-013  -2.9309887850104133E-013   7.4882508259106825E-014 -0.58968149448828333       0.78539816403594331     
   3.4106051316484809E-013  -1.9539925233402755E-014   5.7707598190775879E-014 -0.58517038724983517       0.78539816405308693     
  -2.7355895326763857E-013   3.8369307731045410E-013   3.5453571928322751E-014 -0.58001877197206675       0.78539816407084417     
   4.2632564145606011E-014   3.1441516057384433E-013   4.1280370122043028E-014 -0.57422088184028552       0.78539816408921870     
   1.7763568394002505E-013   7.2830630415410269E-014   4.5695195026247173E-014 -0.56777163900536887       0.78539816410821350     
  -5.6843418860808015E-013   3.7569947153315297E-013   4.4797663328980096E-014 -0.56066667613739885       0.78539816412782804     
   3.1974423109204508E-014   1.5187850976872141E-013   5.3333667381945120E-014 -0.55290235808421295       0.78539816414806096     
  -1.4033219031261979E-013   6.7501559897209518E-014   6.4943574390541683E-014 -0.54447580362654546       0.78539816416890940     
   3.6948222259525210E-013   1.1546319456101628E-013   8.3955634442757025E-014 -0.53538490738009425       0.78539816419036879     
   2.1316282072803006E-013   4.5297099404706387E-014   8.8185352544207262E-014 -0.52562836175095684       0.78539816421243214     
  -1.2434497875801753E-014  -3.9968028886505635E-015   6.5533588170059703E-014 -0.51520567901509706       0.78539816423509157     
   2.4513724383723456E-013   8.0291329140891321E-013   7.2355105534305347E-014 -0.50411721348595406       0.78539816425833608     
  -1.4352963262354024E-012   1.5898393712632242E-013   9.8861051933061297E-014 -0.49236418374887592       0.78539816428215392     
  -8.2955864399991697E-013  -5.2580162446247414E-013   7.8009435297184850E-014 -0.47994869497637094       0.78539816430653053     
  -1.5099033134902129E-013  -3.1841196346249490E-013   1.0946732709560968E-013 -0.46687376131352665       0.78539816433144982     
  -1.3322676295501878E-013   3.8324898810060404E-013   1.0031780990419636E-013 -0.45314332834360915       0.78539816435689369     
   2.1316282072803006E-014  -3.9435121834685560E-013   5.2037510537636404E-014 -0.43876229550872597       0.78539816438284160     
  -5.0270898555027088E-013   1.5143442055887135E-013   1.8368199675888827E-014 -0.42373653862042204       0.78539816440927213     
   8.1001871876651421E-013  -5.2802207051172445E-013   1.6573064698386265E-014 -0.40807293242669140       0.78539816443616117     
  -4.4408920985006262E-013  -1.8562928971732617E-013   2.0308665886337990E-014 -0.39177937307968647       0.78539816446348221     
   4.6185277824406512E-014  -1.5543122344752192E-014   3.5329908787800301E-014 -0.37486480067805383       0.78539816449120858     
  -3.3395508580724709E-013  -2.0561330416057899E-013   5.7622961278242792E-014 -0.35733922174910654       0.78539816451931033     
   7.5139894306630595E-013  -3.2862601528904634E-013   6.4376323283387412E-014 -0.33921373167845675       0.78539816454775635     
  -6.7856831265089568E-013  -6.0040861171728466E-013   5.4750614126085112E-014 -0.32050053717206295       0.78539816457651412     
  -7.5672801358450670E-013  -2.7666757773658901E-013   6.7392575599386462E-014 -0.30121297863091812       0.78539816460554934     
   5.5422333389287814E-013   3.7703173916270316E-013   6.5332352322987136E-014 -0.28136555238764810       0.78539816463482737     
  -5.2047255394427339E-013   9.4813046302988369E-013   5.2348589039166938E-014 -0.26097393305693883       0.78539816466431045     
  -2.3980817331903381E-013   1.2745360322696797E-013   3.6810922383753631E-014 -0.24005499546367837       0.78539816469396062     
   1.7408297026122455E-013  -2.8954616482224083E-013   4.5916094504208908E-014 -0.21862683652878262       0.78539816472373958     
   7.8159700933611020E-014   1.5507595207964187E-012   1.1782950336551458E-014 -0.19670879689930862       0.78539816475360702     
   8.5087492607271997E-013   4.8494541715626838E-013  -2.7193991633299125E-014 -0.17432148252133209       0.78539816478352353     
   3.3750779948604759E-013   5.9507954119908391E-014  -4.4661150464476761E-014 -0.15148678603610388       0.78539816481344737     
  -6.5725203057809267E-013  -3.6770586575585185E-013  -6.0538261801266447E-014 -0.12822790785162891       0.78539816484333747     
   1.2043699371133698E-012  -3.7125857943465235E-013  -8.5141966766674429E-014 -0.10456937714287433       0.78539816487315228     
   3.1619151741324458E-013   2.2115642650533118E-013  -6.0934070489763572E-014  -8.0537072606095439E-002  0.78539816490285064     
  -6.8567374000849668E-013  -4.2366110619695974E-013  -6.6350651613018602E-014  -5.6158242933202894E-002  0.78539816493239156     
   8.3488771451811772E-014   4.9560355819266988E-013  -4.8771967578271693E-014  -3.1461527008862886E-002  0.78539816496173442     
   1.0036416142611415E-012  -2.4691360067663481E-013  -2.6816929354537347E-014  -6.4769737822437928E-003  0.78539816499083837     
   3.0020430585864233E-013   6.1461946643248666E-013  -2.8189557346635291E-014   1.8763938171490295E-002  0.78539816501966508     
  -4.1211478674085811E-013   6.4837024638109142E-014  -2.6527959838688739E-014   4.4228281435721481E-002  0.78539816504817583     
  -2.6467716907063732E-013   8.0824236192711396E-013  -2.9471602789555546E-014   6.9881660876463830E-002  0.78539816507633375     
  -9.4146912488213275E-013  -5.1514348342607263E-014  -2.7893689308569134E-014   9.5688195158695477E-002  0.78539816510410343     
  -4.1033842990145786E-013  -2.8599345114344032E-013  -3.9924906059849345E-014  0.12161049865977250       0.78539816513145011     
  -1.7763568394002505E-013  -4.6185277824406512E-014  -5.5197954495782655E-014  0.14760966373928652       0.78539816515834271     
  -4.1566750041965861E-013  -1.1546319456101628E-013  -7.7840536559344202E-014  0.17364524349739319       0.78539816518475003     
   9.2015284280932974E-013  -1.4743761767022079E-013  -7.5207208060377659E-014  0.19967523492581160       0.78539816521064454     
  -9.0238927441532724E-013  -5.3468340865947539E-013  -8.8918562984334852E-014  0.22565606252189202       0.78539816523600059     
   2.2204460492503131E-013   1.7585932710062480E-013  -9.4913320382422719E-014  0.25154256237624012       0.78539816526079465     
  -3.1263880373444408E-013  -1.8829382497642655E-013  -8.1017514371084535E-014  0.27728796672206163       0.78539816528500572     
   3.5527136788005009E-014   2.7000623958883807E-013  -6.9361764190465283E-014  0.30284388896637954       0.78539816530861539     
   2.8954616482224083E-013   4.2987835513486061E-013  -7.6879238007336603E-014  0.32816030941712226       0.78539816533160978     
   2.3803181647963356E-013   3.1974423109204508E-013  -6.7013583521282784E-014  0.35318556149633784       0.78539816535397544     
   1.9539925233402755E-014  -7.8159700933611020E-014  -6.2480389395034028E-014  0.37786631830166145       0.78539816537570339     
  -7.8159700933611020E-013  -7.6383344094210770E-014  -7.5100985869451676E-014  0.40214757986535027       0.78539816539678731     
  -8.5265128291212022E-014   1.2434497875801753E-014  -8.4572652891092004E-014  0.42597266068165995       0.78539816541722363     
   4.7961634663806763E-014  -3.1796787425264483E-013  -1.0120072991891662E-013  0.44928317769748111       0.78539816543701202     
  -1.9273471707492718E-013  -4.8672177399566863E-013  -1.2742404948965717E-013  0.47201903759315111       0.78539816545615548     
   4.5830006456526462E-013  -7.3718808835110394E-013  -1.3866867382891384E-013  0.49411842601086209       0.78539816547465890     
  -8.4998674765301985E-013  -3.0730973321624333E-013  -1.5177725493610359E-013  0.51551779778546791       0.78539816549253183     
  -7.1764816311770119E-013   3.3750779948604759E-013  -1.6561611879150535E-013  0.53615186742466781       0.78539816550978470     
   1.1421974477343610E-012  -8.1712414612411521E-014  -1.8464953126948121E-013  0.55595359992086046       0.78539816552643216     
  -3.3395508580724709E-013   2.2204460492503131E-013  -1.9659836079108979E-013  0.57485420178798718       0.78539816554249064     
  -4.6895820560166612E-013   2.7355895326763857E-013  -1.9514775210480140E-013  0.59278311274997142       0.78539816555797937     
   2.9132252166164108E-013  -8.1357143244531471E-013  -1.8822162699225315E-013  0.60966799778636538       0.78539816557291897     
  -1.5099033134902129E-014   2.4691360067663481E-013  -1.8876638079103913E-013  0.62543473940700745       0.78539816558733344     
  -1.2345680033831741E-013   2.9487523534044158E-013  -1.8769550723495810E-013  0.64000743051112974       0.78539816560124720     
   2.1849189124623081E-013  -2.9487523534044158E-013  -1.8960581468771909E-013  0.65330836759551814       0.78539816561468689     
   1.3677947663381929E-013  -3.0198066269804258E-013  -1.8187622667876777E-013  0.66525804409156120       0.78539816562768039     
  -7.8159700933611020E-014   4.4408920985006262E-014  -1.8724693924811762E-013  0.67577514377591297       0.78539816564025711     
  -1.9895196601282805E-013   1.1901590823981678E-013  -1.9021397902930024E-013  0.68477653429916296       0.78539816565244580     
   3.3040237212844659E-013   3.1796787425264483E-013  -2.0836142872409929E-013  0.69217726077524855       0.78539816566427778     
  -1.5631940186722204E-013   3.1263880373444408E-013  -2.1241608044234464E-013  0.69789053963199632       0.78539816567578247     
   3.0198066269804258E-013  -1.3322676295501878E-013  -2.2035216824064678E-013  0.70182775218868221       0.78539816568699050     
  -2.5579538487363607E-013  -5.5067062021407764E-014  -2.1672034283967754E-013  0.70389843830667675       0.78539816569793186     
  -7.4074080202990444E-013  -1.7053025658242404E-013  -2.0424858252590169E-013  0.70401028962064793       0.78539816570863574     
  -1.4077627952246985E-013  -3.9079850466805510E-014  -2.2153622480972132E-013  0.70206914247863839       0.78539816571913068     
  -1.2878587085651816E-013  -9.9475983006414026E-014  -2.1410791435275181E-013  0.69797897045973356       0.78539816572944354     
   1.3367085216486885E-013  -2.2559731860383181E-013  -2.2144814752579939E-013  0.69164187616137918       0.78539816573960020     
  -2.9753977059954195E-014  -1.4743761767022079E-013  -2.2900425841788303E-013  0.68295808237816558       0.78539816574962473     
   1.6875389974302379E-013  -1.5454304502782179E-013  -2.2022060720405044E-013  0.67182592238559680       0.78539816575954013     
  -3.3306690738754696E-015   6.5725203057809267E-014  -2.1843518897812942E-013  0.65814182909920627       0.78539816576936627     
   1.6653345369377348E-013  -7.9936057773011271E-014  -2.1166679544789833E-013  0.64180032305315082       0.78539816577912169     
  -1.6164847238542279E-013   1.6520118606422329E-013  -2.2253737275672104E-013  0.62269399904703904       0.78539816578882238     
  -1.9806378759312793E-013   3.9968028886505635E-013  -2.2131174271444978E-013  0.60071351119922556       0.78539816579848254     
  -1.8562928971732617E-013  -7.1054273576010019E-014  -2.1924945725795758E-013  0.57574755613443451       0.78539816580811295     
  -6.6613381477509392E-014   2.4158453015843406E-013  -2.2163506084361713E-013  0.54768285415669871       0.78539816581772359     
  -1.0169642905566434E-013  -8.7041485130612273E-014  -2.0914923750825203E-013  0.51640412818734938       0.78539816582732136     
  -3.2862601528904634E-014  -1.2079226507921703E-013  -1.9969548618835400E-013  0.48179408019709224       0.78539816583691047     
   1.7985612998927536E-013  -4.9737991503207013E-014  -1.9718331605988354E-013  0.44373336489877224       0.78539816584649436     
   1.7319479184152442E-013   4.6185277824406512E-014  -1.9169127067915991E-013  0.40210056037950653       0.78539816585607303     
   1.1990408665951691E-014   2.1671553440683056E-013  -1.8252948859234565E-013  0.35677213537428448       0.78539816586564504     
   6.1728400169158704E-014  -7.8159700933611020E-014  -1.7818793136853981E-013  0.30762241292295228       0.78539816587520794     
   8.2156503822261584E-014   3.5527136788005009E-015  -1.6371600150924542E-013  0.25452353008682527       0.78539816588475786     
   3.9968028886505635E-014   7.1054273576010019E-015  -1.5290627139913199E-013  0.19734539339504997       0.78539816589428879     
  -1.6875389974302379E-014   6.9277916736609768E-014  -1.3919713782571839E-013  0.13595562968147409       0.78539816590379419     
   3.4194869158454821E-014   1.0835776720341528E-013  -1.2989554345326255E-013   7.0219531962222262E-002  0.78539816591326794     
  -5.3290705182007514E-015   5.3290705182007514E-014  -1.1690595327237844E-013  -1.1806602559527818E-014  0.78539816592270206     
