 force-1force-2force-3workmass
   3.1086244689504383E-015  -6.6613381477509392E-015  -2.1618456724884413E-014   0.0000000000000000       0.78539909798813146     
   9.3258734068513149E-015  -6.0840221749458578E-014  -1.5579580258558781E-014  -8.1640738043198957E-007  0.78539909798813112     
   1.3322676295501878E-015   3.0198066269804258E-014  -1.9445975272424910E-014  -8.5830627533005780E-006  0.78539909798812890     
   5.8175686490358203E-014   6.7057470687359455E-014  -2.1792767462795500E-014  -3.3968767976008610E-005  0.78539909798812602     
  -3.5971225997855072E-014  -5.1514348342607263E-014  -1.9800693693906172E-014  -8.9826095454693076E-005  0.78539909798811980     
   1.5543122344752192E-014  -5.0182080713057076E-014  -2.3809899728352640E-014  -1.9027668622889469E-004  0.78539909798816887     
   4.8849813083506888E-015  -4.2632564145606011E-014  -2.3679956702272975E-014  -3.5021031171502933E-004  0.78539909798815266     
  -4.8849813083506888E-015   8.3044682241961709E-014  -2.1120383199497268E-014  -5.8494188594363514E-004  0.78539909798825291     
  -3.0198066269804258E-014   3.9523939676655573E-014  -1.7691477781525550E-014  -9.0996115164490360E-004  0.78539909798822471     
   8.8817841970012523E-015   9.0150109599562711E-014  -2.4796611381177334E-014  -1.3407392217156149E-003  0.78539909798839225     
   2.3092638912203256E-014   1.5099033134902129E-014  -2.2713112505577837E-014  -1.8925740085287525E-003  0.78539909798834762     
   3.3306690738754696E-014   1.1191048088221578E-013  -1.8595060117480073E-014  -2.5804658180274480E-003  0.78539909798859386     
  -1.5987211554602254E-014  -3.5527136788005009E-015  -1.9652192690691195E-014  -3.4190140528406908E-003  0.78539909798853080     
   8.3488771451811772E-014   2.2204460492503131E-014  -1.9163667671384269E-014  -4.4223337626139725E-003  0.78539909798886698     
   2.3536728122053319E-014  -8.8817841970012523E-015  -2.1661704162593675E-014  -5.6039839757849666E-003  0.78539909798878194     
   6.5725203057809267E-014   6.8833827526759706E-014  -1.6483892489926643E-014  -6.9769114310194204E-003  0.78539909798921537     
   2.7977620220553945E-014  -1.9095836023552692E-014  -2.0242459413061226E-014  -8.5533997129520999E-003  0.78539909798910523     
  -1.2878587085651816E-014   4.8849813083506888E-014  -2.2052053200963894E-014  -1.0345032452106336E-002  0.78539909798964347     
  -2.9309887850104133E-014  -2.8421709430404007E-014  -2.2487179724947988E-014  -1.2362656635555941E-002  0.78539909798950558     
  -2.4868995751603507E-014   4.0856207306205761E-014  -1.9297882648805467E-014  -1.4616360274802231E-002  0.78539909798964636     
  -4.4853010194856324E-014   1.1768364061026659E-013  -2.1976992122965505E-014  -1.7115447260714740E-002  0.78539909798947760     
   5.4622972811557702E-014   2.2204460492503131E-015  -2.5314305764677607E-014  -1.9868423970019748E-002  0.78539909798964358     
   1.2878587085651816E-014  -8.4376949871511897E-014  -2.5456074642522209E-014  -2.2882983598483987E-002  0.78539909798943808     
   3.3306690738754696E-014   2.2204460492503131E-014  -2.1130358653022736E-014  -2.6166001056469317E-002  0.78539909798963348     
  -5.7731597280508140E-015   2.4424906541753444E-014  -2.4241681758330991E-014  -2.9723523136379739E-002  0.78539909798938579     
   2.9753977059954195E-014   8.6597395920762210E-014  -2.6953022607913499E-014  -3.3560770521623672E-002  0.78539909798948582     
  -3.1086244689504383E-014  -3.7747582837255322E-014  -2.1329096855550260E-014  -3.7682133634144577E-002  0.78539909798945895     
   4.7961634663806763E-014   2.7533531010703882E-014  -2.6710031881735167E-014  -4.2091177549593753E-002  0.78539909798957563     
   3.1530333899354446E-014  -7.5495165674510645E-015  -2.5423082229321188E-014  -4.6790645119633323E-002  0.78539909798954377     
   7.3274719625260332E-014   1.2212453270876722E-013  -2.4391556798589846E-014  -5.1782464229186538E-002  0.78539909798968099     
  -1.7319479184152442E-014  -5.2846615972157451E-014  -2.1672152286958881E-014  -5.7067754804717319E-002  0.78539909798964125     
   2.3092638912203256E-014  -4.8849813083506888E-015  -2.3678770598402529E-014  -6.2646839532572940E-002  0.78539909798980223     
   8.8817841970012523E-015   3.1086244689504383E-014  -2.1136851798921969E-014  -6.8519253545574837E-002  0.78539909798975516     
   8.7929663550312398E-014  -5.8619775700208265E-014  -2.1762481182891603E-014  -7.4683758019092689E-002  0.78539909798994390     
   1.0258460747536446E-013  -1.3766765505351941E-014  -2.7232494577351639E-014  -8.1138351926588984E-002  0.78539909798988683     
   4.0412118096355698E-014   3.1974423109204508E-014  -2.0621854735894536E-014  -8.7880288018623132E-002  0.78539909799010976     
   3.5083047578154947E-014  -1.0169642905566434E-013  -1.8123793328026396E-014  -9.4906086129381007E-002  0.78539909799003982     
  -8.0824236192711396E-014   2.2204460492503131E-014  -1.9010187500151846E-014 -0.10221155113369768       0.78539909799030372     
   2.0872192862952943E-014  -2.6201263381153694E-014  -2.3799948409525814E-014 -0.10979178736903353       0.78539909799022034     
   1.3322676295501878E-015   6.2172489379008766E-015  -1.9107574212808345E-014 -0.11764121824343429       0.78539909799053209     
   7.7271522513910895E-014  -8.5265128291212022E-014  -1.8068888149667235E-014 -0.12575360140724046       0.78539909799043128     
   1.1057821325266559E-013   5.6843418860808015E-014  -1.7861121776753234E-014 -0.13412204974965405       0.78539909799080188     
   4.4408920985006262E-016  -9.5479180117763462E-014  -2.0042826878886098E-014 -0.14273904701060502       0.78539909799068064     
   1.2434497875801753E-014  -4.3520742565306136E-014  -2.0279535531863791E-014 -0.15159646995225154       0.78539909799112195     
  -7.8603790143461083E-014   3.3306690738754696E-014  -1.5052895948601754E-014 -0.16068560414377606       0.78539909799097551     
  -4.5741188614556449E-014  -1.6431300764452317E-014  -1.4255507872589139E-014 -0.16999716713154781       0.78539909799150021     
  -6.3060667798708891E-014  -3.9079850466805510E-014  -1.4503323361642310E-014 -0.17952132416475738       0.78539909799132457     
  -1.4210854715202004E-014  -6.8833827526759706E-014  -2.0627679850160577E-014 -0.18924771221954845       0.78539909799194985     
   9.2148511043887993E-014   1.7763568394002505E-015  -2.3469592676141698E-014 -0.19916545546694042       0.78539909799173957     
  -1.2878587085651816E-014   4.5297099404706387E-014  -1.9057233557901601E-014 -0.20926319003803939       0.78539909799248186     
  -9.7699626167013776E-015  -4.7517545453956700E-014  -1.5731577154506517E-014 -0.21952907907152142       0.78539909799223262     
  -5.1070259132757201E-014  -3.2862601528904634E-014  -1.3157812026616016E-014 -0.22995083813908462       0.78539909799311292     
  -3.3750779948604759E-014  -6.5725203057809267E-014  -9.9320147703738130E-015 -0.24051574974581674       0.78539909799281704     
   4.1300296516055823E-014  -1.1279865930191590E-013  -1.5111219602287835E-014 -0.25121068936470875       0.78539909799386076     
  -1.4210854715202004E-014  -3.4638958368304884E-014  -1.7048285386083282E-014 -0.26202213929533413       0.78539909799351038     
   6.2172489379008766E-015  -4.9737991503207013E-014  -1.5924483263683063E-014 -0.27293621527756529       0.78539909799474272     
   7.2830630415410269E-014   1.0480505352461478E-013  -1.4278053888272639E-014 -0.28393867963898667       0.78539909799433039     
  -3.1974423109204508E-014  -8.5265128291212022E-014  -1.7232540709428080E-014 -0.29501496847063280       0.78539909799578178     
  -2.2204460492503131E-014   4.6185277824406512E-014  -1.5446066237023392E-014 -0.30615020400975873       0.78539909799529783     
   7.8159700933611020E-014  -1.8651746813702630E-014  -1.6129312261587170E-014 -0.31732922236407946       0.78539909799700280     
  -1.4210854715202004E-014   4.2632564145606011E-014  -1.9745429529541396E-014 -0.32853658509008354       0.78539909799643759     
   8.4376949871511897E-015  -4.9737991503207013E-014  -1.7855241504071040E-014 -0.33975660745364600       0.78539909799843222     
  -1.4122036873231991E-013   7.0166095156309893E-014  -1.9673827290424877E-014 -0.35097336917640076       0.78539909799777508     
   1.6875389974302379E-014   9.5035090907913400E-014  -1.4527255849887871E-014 -0.36217074322386278       0.78539909800010077     
  -1.1191048088221578E-013   4.4408920985006262E-015  -1.6943361425286932E-014 -0.37333240571057763       0.78539909799933894     
  -1.4477308241112041E-013  -1.0480505352461478E-013  -2.2673241514983561E-014 -0.38444186521216051       0.78539909800204044     
  -2.0428103653102880E-014   1.5543122344752192E-013  -2.2292470097361651E-014 -0.39548247184059382       0.78539909800116159     
   7.6383344094210770E-014   1.1102230246251565E-013  -2.1236093108576057E-014 -0.40643744708463792       0.78539909800428853     
   8.6153306710912148E-014  -7.1054273576010019E-014  -2.1702768542985935E-014 -0.41728989208657830       0.78539909800327801     
   8.2600593032111647E-014   3.5527136788005009E-014  -2.6544293597395847E-014 -0.42802281801970621       0.78539909800688301     
   7.3718808835110394E-014  -7.9047879353311146E-014  -2.7801883219626784E-014 -0.43861915361533377       0.78539909800572660     
   7.8159700933611020E-014   1.0569323194431490E-013  -2.2134908803791766E-014 -0.44906177608265851       0.78539909800986685     
  -7.4606987254810520E-014   4.7073456244106637E-014  -1.2394461062406133E-014 -0.45933351794623051       0.78539909800854790     
   3.6415315207705135E-014   8.3488771451811772E-014  -1.9765315675567824E-014 -0.46941719850642877       0.78539909801328389     
  -6.3948846218409017E-014  -2.6645352591003757E-014  -2.2369684245950552E-014 -0.47929563005334919       0.78539909801178553     
   1.7763568394002505E-015   2.7533531010703882E-014  -1.7988722968762103E-014 -0.48895164985737249       0.78539909801718411     
   2.7533531010703882E-014  -7.6383344094210770E-014  -1.9288700754206138E-014 -0.49836812582861734       0.78539909801548835     
   3.7303493627405260E-014  -1.1457501614131615E-013  -1.8716236960051210E-014 -0.50752798901994778       0.78539909802161678     
   6.5725203057809267E-014  -1.8651746813702630E-014  -1.3309796776801733E-014 -0.51641423880941040       0.78539909801970564     
   2.6645352591003757E-015  -1.0125233984581428E-013  -1.6270931495021965E-014 -0.52500997589154996       0.78539909802663521     
   5.3290705182007514E-015  -5.3290705182007514E-014  -1.0536401648728651E-014 -0.53329840707027465       0.78539909802448793     
   2.4868995751603507E-014  -3.1974423109204508E-014  -1.6498406646324959E-014 -0.54126287871470513       0.78539909803229579     
  -2.4868995751603507E-014   8.5265128291212022E-014  -1.6688398501471595E-014 -0.54888688125858320       0.78539909802989416     
   1.3145040611561853E-013   1.3677947663381929E-013  -1.8780041990056868E-014 -0.55615408309642500       0.78539909803865526     
   1.0125233984581428E-013   9.8587804586713901E-014  -1.2547633179200391E-014 -0.56304833489270611       0.78539909803597829     
  -1.9850787680297799E-013  -1.5010215292932116E-013  -8.7137635491927578E-015 -0.56955370389376903       0.78539909804577479     
  -7.1054273576010019E-015  -4.0856207306205761E-014  -1.3225336193138576E-014 -0.57565447814915416       0.78539909804280117     
  -3.4638958368304884E-014  -3.6415315207705135E-014  -9.9688956681146090E-015 -0.58133520121215898       0.78539909805371266     
   3.3750779948604759E-014   1.1279865930191590E-013  -1.4707223014694733E-014 -0.58658067637059308       0.78539909805042107     
  -1.1146639167236572E-013  -2.3980817331903381E-014  -1.5554705530659832E-014 -0.59137600170411275       0.78539909806252972     
  -8.4376949871511897E-015  -1.6875389974302379E-014  -1.7093435787332414E-014 -0.59570657441336983       0.78539909805890040     
   3.3306690738754696E-014   0.0000000000000000       -1.4990264013267991E-014 -0.59955812620037385       0.78539909807228780     
   1.1279865930191590E-013  -6.5725203057809267E-014  -2.0328798652810248E-014 -0.60291672777214755       0.78539909806830022     
   4.4408920985006262E-014  -1.7763568394002505E-015  -1.9983872215727521E-014 -0.60576882451499747       0.78539909808304509     
  -1.1457501614131615E-013  -5.7731597280508140E-014  -1.1091932970129254E-014 -0.60810124123565745       0.78539909807867914     
  -8.0824236192711396E-014   4.6185277824406512E-014  -1.5485632656046554E-014 -0.60990121810633213       0.78539909809486219     
  -3.5527136788005009E-015   2.3092638912203256E-014  -1.4478274480345856E-014 -0.61115641569592127       0.78539909809009756     
  -7.9047879353311146E-014  -2.3980817331903381E-014  -1.6704110479921896E-014 -0.61185495117310285       0.78539909810779240     
  -1.1635137298071641E-013  -2.1493917756743031E-013  -1.8420746809651581E-014 -0.61198540366221277       0.78539909810261277     
  -1.5321077739827160E-014  -8.4376949871511897E-014  -1.3399656121945809E-014 -0.61153685070509045       0.78539909812189002     
   3.1530333899354446E-014  -2.2204460492503131E-014  -1.2015975435305651E-014 -0.61049887395685132       0.78539909811627784     
   3.5305092183079978E-014  -2.6645352591003757E-015  -8.8354453772593675E-015 -0.60886159591997457       0.78539909813720277     
  -1.2567724638756772E-013   5.1514348342607263E-014  -1.4370360204224102E-014 -0.60661568596934778       0.78539909813114361     
   1.1324274851176597E-014   1.0569323194431490E-013  -1.5740734396309656E-014 -0.60375239738399977       0.78539909815377340     
   1.0180745135812685E-013  -1.3322676295501878E-014  -1.7504454556478895E-014 -0.60026357366157312       0.78539909814725473     
   1.3788969965844444E-013  -7.5495165674510645E-014  -1.6696012501997931E-014 -0.59614168589041427       0.78539909817163989     
   4.5685677463325192E-014  -1.2434497875801753E-013  -2.5122503957321200E-014 -0.59137983927739191       0.78539909816465070     
   1.0680345496894006E-013  -1.0125233984581428E-013  -1.9359257705909405E-014 -0.58597181092313755       0.78539909819083087     
  -1.7125190154843040E-014   5.3290705182007514E-015  -1.7838678117066442E-014 -0.57991205645497312       0.78539909818336395     
   4.0023540037736893E-014  -2.5757174171303632E-014  -1.8954792056373937E-014 -0.57319574828101327       0.78539909821136855     
   6.5891736511503041E-014   2.1316282072803006E-014  -2.2672277702012053E-014 -0.56581878219690918       0.78539909820342013     
   1.1990408665951691E-013   1.3411494137471891E-013  -1.2857877946057428E-014 -0.55777781621132450       0.78539909823326637     
  -1.6031620475587260E-013  -1.5987211554602254E-014  -1.9225759243448436E-014 -0.54907027695959965       0.78539909822483422     
  -4.6629367034256575E-014  -8.8817841970012523E-015  -1.8216044960626560E-014 -0.53969439922109230       0.78539909825652643     
   7.9936057773011271E-015   5.8175686490358203E-014  -2.3730018422879506E-014 -0.52964923194036329       0.78539909824761378     
  -1.2101430968414206E-013  -1.2478906796786760E-013  -2.2256068716990510E-014 -0.51893467857077979       0.78539909828114141     
   8.8373752760162461E-014  -8.7041485130612273E-014  -1.5406707400989516E-014 -0.50755150247956871       0.78539909827175425     
  -1.6875389974302379E-014  -1.0702549957386509E-013  -1.7844103894877673E-014 -0.49550136826264302       0.78539909830709265     
  -1.7030821197749901E-013  -2.8643754035329039E-014  -2.1820739976325822E-014 -0.48278684628780227       0.78539909829724042     
   1.7763568394002505E-014   1.4255263636187010E-013  -9.7488006491720613E-015 -0.46941145513440052       0.78539909833434796     
   1.8740564655672642E-013  -1.1413092693146609E-013  -1.8061372034092631E-014 -0.45537966500077343       0.78539909832404642     
   2.7533531010703882E-014  -1.4832579608992091E-013  -1.7259088423468758E-014 -0.44069694143414156       0.78539909836286470     
  -3.2418512319054571E-014   7.5495165674510645E-014  -2.3088813811740397E-014 -0.42536974731124583       0.78539909835213151     
   1.4521717162097048E-013  -8.4821039081361960E-014  -2.0624748897079787E-014 -0.40940558802117405       0.78539909839258704     
  -4.9293902293356950E-014  -2.5313084961453569E-014  -2.3971532883415064E-014 -0.39281301172265370       0.78539909838144661     
  -8.4376949871511897E-015   7.1054273576010019E-014  -2.6471175996271287E-014 -0.37560165613555513       0.78539909842344546     
  -1.1235457009206584E-013  -9.6811447747313650E-014  -2.2566763211103209E-014 -0.35778224677725307       0.78539909841192379     
  -6.1284310959308641E-014  -8.7485574340462335E-014  -1.6779361523267008E-014 -0.33936664550755136       0.78539909845535849     
  -4.6629367034256575E-014   4.5741188614556449E-014  -1.1712362183753145E-014 -0.32036784645726696       0.78539909844348921     
  -1.7230661342182430E-013   1.1102230246251565E-013  -1.2499035530932849E-014 -0.30080002644774939       0.78539909848823386     
  -2.1049828546892968E-013   2.8421709430404007E-014  -1.4428553560913753E-014 -0.28067853834529455       0.78539909847605183     
   2.2204460492503131E-014  -1.1990408665951691E-014  -2.0630576701215455E-014 -0.26001996345013456       0.78539909852196410     
  -1.5631940186722204E-013   2.1760371282653068E-014  -1.3038175929865315E-014 -0.23884210202896394       0.78539909850951140     
   2.3092638912203256E-014   2.6645352591003757E-015  -2.1055423176861174E-014 -0.21716402773871954       0.78539909855643408     
   1.8651746813702630E-014  -1.5276668818842154E-013  -1.4587194023539917E-014 -0.19500607513120072       0.78539909854375323     
  -3.9079850466805510E-014   0.0000000000000000       -1.5144049933249792E-014 -0.17238989611996455       0.78539909859151735     
  -2.9309887850104133E-014  -1.4832579608992091E-013  -1.7340111850128703E-014 -0.14933844429648280       0.78539909857865542     
   9.5923269327613525E-014  -1.0658141036401503E-014  -1.9632548860420377E-014 -0.12587602962923827       0.78539909856555834     
   6.0396132539608516E-014   6.2172489379008766E-014  -1.7763886229586527E-014 -0.10202831655581260       0.78539909855240186     
   1.2434497875801753E-014  -1.1368683772161603E-013  -2.2163652965946379E-014  -7.7822350852807809E-002  0.78539909853919876     
   1.1279865930191590E-013  -7.1054273576010019E-014  -2.0294147895939707E-014  -5.3286578942176685E-002  0.78539909852596379     
   2.9665159217984183E-013  -1.9539925233402755E-014  -2.7341460773221134E-014  -2.8450866922570303E-002  0.78539909851270984     
   7.1942451995710144E-014   3.3750779948604759E-014  -1.8452953917125887E-014  -3.3465192212371649E-003  0.78539909849945078     
   8.1712414612411521E-014   2.2204460492503131E-014  -1.7813324128727392E-014   2.1993703193537120E-002  0.78539909848620137     
   1.6608936448392342E-013  -4.2632564145606011E-014  -1.6011822316473103E-014   4.7535565055361037E-002  0.78539909847297595     
   1.4210854715202004E-014   6.2172489379008766E-015  -1.0320123208120535E-014   7.3243337575139136E-002  0.78539909848186040     
   8.4376949871511897E-014  -6.8389738316909643E-014  -1.0378195603737698E-014   9.9079791059019179E-002  0.78539909846888889     
  -1.8562928971732617E-013  -2.5668356329333619E-013  -7.3755478129238949E-015  0.12500616029241557       0.78539909845582023     
  -1.5543122344752192E-013   2.4424906541753444E-014  -1.0639159615901240E-014  0.15098214623133097       0.78539909844283273     
  -9.7699626167013776E-014  -1.0746958878371515E-013  -1.1224141968799252E-014  0.17696589248593791       0.78539909842994060     
   2.3092638912203256E-014  -9.6811447747313650E-014  -7.7343028128410815E-015  0.20291397202079978       0.78539909841715716     
  -4.1744385725905886E-014  -1.8651746813702630E-014  -2.5359719433133507E-014  0.22878137289666622       0.78539909840449662     
  -1.6875389974302379E-014  -2.7089441800853820E-014  -2.0254364167896882E-014  0.25452148456810386       0.78539909839197275     
  -1.9184653865522705E-013   8.2156503822261584E-014  -2.1335995392610105E-014  0.28008608471317031       0.78539909837959887     
   2.1316282072803006E-014   1.3322676295501878E-014  -9.1202386102537493E-015  0.30542532659712918       0.78539909836738830     
  -4.4408920985006262E-015  -6.8833827526759706E-014  -1.3446116395289916E-014  0.33048772696775763       0.78539909835535138     
  -4.5297099404706387E-014  -4.3964831775156199E-014  -1.6799537925932234E-014  0.35522015447122540       0.78539909834350352     
  -7.9047879353311146E-014   9.5257135512838431E-014  -1.5012785960882944E-014  0.37956781858157501       0.78539909833185417     
   1.0835776720341528E-013  -5.2846615972157451E-014  -1.1193806826041084E-014  0.40347425621035171       0.78539909837483968     
  -9.5035090907913400E-014   1.3056222769591841E-013  -1.6242786394412093E-014  0.42688133643198861       0.78539909836376121     
  -9.1482377229112899E-014   1.6608936448392342E-013  -1.8269409480101769E-014  0.44972921707044272       0.78539909840513444     
  -4.7961634663806763E-014  -8.2156503822261584E-015  -2.0997858980521206E-014  0.47195638210080831       0.78539909839452049     
  -1.2434497875801753E-013   7.9380946260698693E-014  -2.1031027137816888E-014  0.49349958366541946       0.78539909843414024     
   1.0658141036401503E-013   1.2501111257279263E-013  -1.3807109564333740E-014  0.51429388171479085       0.78539909842402678     
  -7.0166095156309893E-014  -6.9277916736609768E-014  -1.8636470534420502E-014  0.53427258900213193       0.78539909846177069     
   7.6383344094210770E-014  -7.0499162063697440E-014  -2.0008451087915408E-014  0.55336730870718864       0.78539909845218636     
   1.2168044349891716E-013  -1.1635137298071641E-013  -1.7074369725853101E-014  0.57150788279927434       0.78539909848795197     
   7.8159700933611020E-014   1.1965428647897625E-013  -2.0343641449866977E-014  0.58862242695402944       0.78539909847892198     
  -2.3980817331903381E-014   6.2283511681471282E-014  -1.3884057477331784E-014  0.60463728250230531       0.78539909851262757     
   4.8849813083506888E-014   6.7057470687359455E-014  -1.1647505597246497E-014  0.61947704795755332       0.78539909850416900     
  -1.9539925233402755E-014  -7.4273920347422973E-014  -1.4296482779709146E-014  0.63306453461488066       0.78539909853575529     
  -2.1316282072803006E-014  -2.2870594307278225E-014  -1.2801256479449530E-014  0.64532079403435394       0.78539909852788115     
   7.1054273576010019E-015  -1.2179146580137967E-013  -1.2660168346517037E-014  0.65616507721896422       0.78539909855731138     
   7.7271522513910895E-014   2.6423307986078726E-014  -1.1915953430767938E-014  0.66551485743767325       0.78539909855002599     
  -1.1901590823981678E-013  -1.4743761767022079E-013  -1.5962149605643719E-014  0.67328579273920497       0.78539909857728507     
  -3.5527136788005009E-015   6.9499961341534799E-014  -2.0795861895515692E-014  0.67939174352188969       0.78539909857058887     
   1.5099033134902129E-014  -7.5495165674510645E-014  -2.6035274308981520E-014  0.68374473797912638       0.78539909859567891     
  -6.7057470687359455E-014   2.0428103653102880E-014  -2.5849905823379047E-014  0.68625498386589878       0.78539909858956858     
  -4.3520742565306136E-014  -8.8817841970012523E-014  -1.7821765773679152E-014  0.68683083627381880       0.78539909861251522     
  -1.2612133559741778E-013   5.4845017416482733E-014  -1.5957715048358224E-014  0.68537880307216570       0.78539909860697732     
  -6.7501559897209518E-014  -7.6383344094210770E-014  -1.3909957590464919E-014  0.68180351422043173       0.78539909862782453     
  -6.2394533983933798E-014   1.2212453270876722E-014  -2.2134891695141395E-014  0.67600772037336943       0.78539909862284363     
  -8.5265128291212022E-014   4.4853010194856324E-014  -1.9885608513196532E-014  0.66789226274389613       0.78539909864165125     
  -8.4376949871511897E-015   3.2862601528904634E-014  -1.5072354234992432E-014  0.65735606436443406       0.78539909863720603     
  -9.6811447747313650E-014  -1.2745360322696797E-013  -1.2670018718696792E-014  0.64429609931912124       0.78539909865404967     
  -6.6169292267659330E-014  -2.3092638912203256E-014  -1.6859499986343573E-014  0.62860737614825279       0.78539909865011637     
  -6.6613381477509392E-015   3.9079850466805510E-014  -2.5798224659476243E-014  0.61018290508947448       0.78539909866508462     
  -1.3855583347321954E-013   1.2878587085651816E-013  -1.7509268395369603E-014  0.58891367306606723       0.78539909866163282     
  -4.0856207306205761E-014   1.6875389974302379E-014  -1.4315375471646094E-014  0.56468860739845783       0.78539909867482716     
   7.2386541205560206E-014   5.7287508070658077E-014  -2.2153140488878644E-014  0.53739454176918011       0.78539909867182722     
  -1.1146639167236572E-013   1.6164847238542279E-013  -2.0746776903391108E-014  0.50691617470951000       0.78539909868335567     
   9.3702823278363212E-014   7.8159700933611020E-014  -2.1448843078403825E-014  0.47313602584465952       0.78539909868077284     
   3.2862601528904634E-014  -1.9984014443252818E-014  -1.7221606231982364E-014  0.43593438731102796       0.78539909869075442     
  -1.3145040611561853E-013  -1.2834178164666810E-013  -1.9710968972866619E-014  0.39518926947566502       0.78539909868855262     
  -6.1284310959308641E-014  -1.6431300764452317E-014  -2.4673057418316116E-014  0.35077634331744467       0.78539909869710900     
  -8.2156503822261584E-014   5.8619775700208265E-014  -2.6407835114711296E-014  0.30256887468457139       0.78539909869525260     
  -5.2402526762307389E-014   8.1712414612411521E-014  -2.8909996824875088E-014  0.25043765556432696       0.78539909870250812     
   4.3076653355456074E-014  -5.3290705182007514E-015  -1.7829310052591643E-014  0.19425092578196881       0.78539909870096047     
  -7.2830630415410269E-014   4.9293902293356950E-014  -2.4255105404331831E-014  0.13387429099442252       0.78539909870704394     
   5.1514348342607263E-014   3.5971225997855072E-014  -2.6032953547303923E-014   6.9170630554454479E-002  0.78539909870576863     
   7.1942451995710144E-014  -1.1013412404281553E-013  -2.2459875713700513E-014  -1.1634639935658585E-014  0.78539909871080638     
