 force-1force-2force-3workmass
   4.4408920985006262E-016   1.0658141036401503E-014  -2.1490512560269858E-014   0.0000000000000000       0.78539817820995284     
   4.2188474935755949E-014  -1.2618316710906186E-003  -1.8168060568760201E-014  -1.8832837691109064E-007  0.78539817820995284     
   1.3722356584366935E-013  -5.1040068620586965E-003  -1.6644203762488963E-014  -3.0317800760615993E-006  0.78539817820995284     
  -4.3964831775156199E-014  -1.1619939001512591E-002  -2.0164775332980837E-014  -1.5451613887256660E-005  0.78539817820995228     
  -1.4210854715202004E-013  -2.0877412170779763E-002  -2.1011612879515920E-014  -4.9103673425671124E-005  0.78539817820995284     
  -5.2402526762307389E-014  -3.2942818086073800E-002  -1.9488793982777472E-014  -1.2044717862720600E-004  0.78539817820995217     
  -1.1945999744966684E-013  -4.7861269620284475E-002  -1.9375945019261124E-014  -2.5069733027102692E-004  0.78539817820995195     
   1.3322676295501878E-014  -6.5650772222522136E-002  -1.8506574648097751E-014  -4.6564451468132650E-004  0.78539817820994573     
   2.8421709430404007E-014  -8.6317609844904553E-002  -1.8911588733829927E-014  -7.9550309233067384E-004  0.78539817820994839     
   8.3932860661661834E-014 -0.10984839130536628       -1.6329547263099909E-014  -1.2745983464139410E-003  0.78539817820994484     
   4.3520742565306136E-014 -0.13618298458072076       -1.9559524154315391E-014  -1.9406075302753345E-003  0.78539817820994484     
   2.9309887850104133E-014 -0.16521427927328247       -1.9722054866815862E-014  -2.8337140145255346E-003  0.78539817820992575     
   3.4638958368304884E-014 -0.19681930570839512       -1.8313598132519673E-014  -3.9962191831032223E-003  0.78539817820993230     
  -9.5479180117763462E-014 -0.23086576006740955       -2.3429979485411231E-014  -5.4720379615576520E-003  0.78539817820992419     
   9.3258734068513149E-015 -0.26713045229828225       -2.0928026065921579E-014  -7.3038808267395505E-003  0.78539817820992386     
   3.1086244689504383E-014 -0.30514253690472515       -2.0562270856381632E-014  -9.5261685739943536E-003  0.78539817820988977     
   1.0880185641326534E-013 -0.34406273788007269       -2.4217478325397193E-014  -1.2155048403826973E-002  0.78539817820989954     
   5.8175686490358203E-014 -0.38272004763524237       -1.9910450811972001E-014  -1.5180686369463903E-002  0.78539817820991398     
   7.1942451995710144E-014 -0.41982295801260960       -2.0204792955210245E-014  -1.8567090141065612E-002  0.78539817820989954     
   1.5365486660812167E-013 -0.45423696834444272       -2.3163018366337297E-014  -2.2260223311445615E-002  0.78539817820986157     
  -9.8143715376863838E-014 -0.48518287512571945       -2.0465640825312129E-014  -2.6199875256788907E-002  0.78539817820987079     
   2.8421709430404007E-014 -0.51227802163958458       -1.9735728058798318E-014  -3.0329036062655357E-002  0.78539817820986080     
   6.2172489379008766E-015 -0.53544462214642152       -1.8591105521805289E-014  -3.4597218815368480E-002  0.78539817820986058     
   5.9063864910058328E-014 -0.55476842484441846       -2.0606270455877999E-014  -3.8958473942592997E-002  0.78539817820983049     
   1.8918200339612667E-013 -0.57038371708218705       -1.5265509107433485E-014  -4.3367414777192970E-002  0.78539817820982738     
  -1.6120438317557273E-013 -0.58241543585356581       -1.9338103948887714E-014  -4.7776266222362640E-002  0.78539817820982483     
  -4.4853010194856324E-014 -0.59096847255013429       -2.0171472747345684E-014  -5.2134056711427901E-002  0.78539817820982205     
  -4.6185277824406512E-014 -0.59614183521822994       -2.0526052398447042E-014  -5.6387714874163164E-002  0.78539817820981983     
  -2.3092638912203256E-014 -0.59805622271471393       -1.9379224031267259E-014  -6.0485014140475357E-002  0.78539817820981772     
  -1.6964207816272392E-013 -0.59689720755140030       -2.2276254250698806E-014  -6.4380288236380423E-002  0.78539817820981606     
   1.4077627952246985E-013 -0.59297579448673865       -1.9335437417683394E-014  -6.8043972417353382E-002  0.78539817820981472     
  -1.7985612998927536E-013 -0.58679284336381698       -1.6968462349858683E-014  -7.1475329173405378E-002  0.78539817820981361     
  -1.7319479184152442E-014 -0.57907732179434568       -2.3785711103250092E-014  -7.4714872367192875E-002  0.78539817820981295     
  -1.7319479184152442E-014 -0.57076682632345310       -2.1077436516426994E-014  -7.7851025501746385E-002  0.78539817820981295     
   3.0198066269804258E-014 -0.56291838596740007       -2.0799966889679440E-014  -8.1016339945199523E-002  0.78539817820981295     
   2.6645352591003757E-015 -0.55656915793340644       -2.0872673226127372E-014  -8.4372405785467564E-002  0.78539817820981295     
   6.2172489379008766E-014 -0.55259187584012182       -2.2176002550079361E-014  -8.8087565743922180E-002  0.78539817820981339     
  -4.9293902293356950E-014 -0.55159368192146729       -1.8563915414760235E-014  -9.2314856504796428E-002  0.78539817820981339     
   2.0872192862952943E-014 -0.55388740148884352       -2.0351948912564625E-014  -9.7177329041612026E-002  0.78539817820981295     
   1.3988810110276972E-013 -0.55953325857845826       -2.0052105094611285E-014 -0.10276429792046304       0.78539817820981195     
  -6.6613381477509392E-015 -0.56842331028567017       -1.7954872887571429E-014 -0.10913727557484831       0.78539817820981017     
   0.0000000000000000      -0.58037147442326642       -2.0189839871726412E-014 -0.11634083048428190       0.78539817820980762     
  -2.6645352591003757E-015 -0.59517897464373348       -1.8313022728182537E-014 -0.12441264178567790       0.78539817820980407     
   4.0412118096355698E-014 -0.61266036921044531       -2.1287698174702355E-014 -0.13338826241940449       0.78539817820980007     
   7.8159700933611020E-014 -0.63263022772919619       -2.2078762939100674E-014 -0.14329833814339610       0.78539817820979485     
   9.3258734068513149E-015 -0.65486055968734824       -1.8434419535664433E-014 -0.15415826862889936       0.78539817820978919     
   1.1945999744966684E-013 -0.67902462365251282       -1.7710338006469199E-014 -0.16595225997142604       0.78539817820978275     
   1.5987211554602254E-014 -0.70464559263740867       -2.3088822941541904E-014 -0.17861550259711034       0.78539817820979896     
   8.3932860661661834E-014 -0.73106892156056524       -2.1408658584939246E-014 -0.19201963866141192       0.78539817820977942     
  -1.1635137298071641E-013 -0.75747339598213159       -1.8938088069187948E-014 -0.20596705289003747       0.78539817820977886     
  -8.5709217501062085E-014 -0.78292638631735123       -2.4530521281360531E-014 -0.22019804615175520       0.78539817820977820     
   7.5051076464660582E-014 -0.80647520833650965       -1.9713627729343760E-014 -0.23441149538670469       0.78539817820977742     
   3.6415315207705135E-014 -0.82725355055550764       -2.1051041525710426E-014 -0.24829518967793085       0.78539817820977675     
   1.1057821325266559E-013 -0.84457537170607289       -1.6951463947417783E-014 -0.26155844715823928       0.78539817820977609     
   8.7929663550312398E-014 -0.85799200624903804       -1.6893543844828116E-014 -0.27395856357932935       0.78539817820977531     
  -5.9063864910058328E-014 -0.86730041852193374       -1.6621803540882413E-014 -0.28531473455563905       0.78539817820977464     
  -8.5265128291212022E-014 -0.87250662242985300       -1.9281892629356046E-014 -0.29550752293752147       0.78539817820977409     
   1.5143442055887135E-013 -0.87376184140758184       -1.8615987448986265E-014 -0.30446690088814155       0.78539817820977342     
  -7.5051076464660582E-014 -0.87129529280628404       -1.8854690680834316E-014 -0.31215547937253341       0.78539817820977276     
  -2.6645352591003757E-014 -0.86536523865719595       -1.4988975093724153E-014 -0.31855457385222152       0.78539817820977254     
   6.8389738316909643E-014 -0.85624111524085578       -1.8556729579757167E-014 -0.32365914156104214       0.78539817820977209     
   1.3411494137471891E-013 -0.84421786622164063       -2.1971765094082998E-014 -0.32748414041196749       0.78539817820977165     
   5.9507954119908391E-014 -0.82965284645418613       -1.7211973237615451E-014 -0.33008070357318253       0.78539817820977142     
   5.9507954119908391E-014 -0.81300861357531673       -1.8872284206287952E-014 -0.33155690449306352       0.78539817820977120     
   9.9920072216264089E-014 -0.79488304295181145       -2.1364208338459960E-014 -0.33209577628092468       0.78539817820977098     
   3.9523939676655573E-014 -0.77601170579790058       -1.7933080471358268E-014 -0.33196325752086064       0.78539817820977054     
  -6.3060667798708891E-014 -0.75723538469177498       -1.9474040771793356E-014 -0.33150099223959462       0.78539817820977020     
   2.6645352591003757E-014 -0.73943587858551396       -2.0782832178215753E-014 -0.33110293398229285       0.78539817820977009     
   8.7929663550312398E-014 -0.72345293633665975       -2.4123698036004381E-014 -0.33117939138445074       0.78539817820976987     
   7.5495165674510645E-014 -0.71000121542373051       -2.0762217171057719E-014 -0.33211602603663071       0.78539817820976965     
  -1.1857181902996672E-013 -0.69960650953705361       -2.3347721446012341E-014 -0.33423700993132588       0.78539817820976943     
   3.7303493627405260E-014 -0.69257489504875025       -2.0266259802245985E-014 -0.33778037694476737       0.78539817820976932     
  -6.8389738316909643E-014 -0.68899874648355208       -1.7548110897239000E-014 -0.34288987216998912       0.78539817820976898     
  -1.1723955140041653E-013 -0.68879302085715111       -1.8137019883087822E-014 -0.34962255527607056       0.78539817820976876     
  -7.6827433304060833E-014 -0.69174726625798755       -2.2353354839458604E-014 -0.35796675883771378       0.78539817820976865     
   1.6475709685437323E-013 -0.69757588606196919       -2.1118565272946475E-014 -0.36786228366548812       0.78539817820976809     
  -4.3076653355456074E-014 -0.70595190513825479       -1.9242030755826464E-014 -0.37921477297930650       0.78539817820976776     
  -1.2168044349891716E-013 -0.71651661665691613       -2.4605204220998831E-014 -0.39189894260965374       0.78539817820976721     
   1.6653345369377348E-013 -0.72886654203250956       -2.3403783735557473E-014 -0.40574979981790982       0.78539817820976687     
   5.3290705182007514E-014 -0.74252722121276804       -2.2394392482832690E-014 -0.42054569917369200       0.78539817820976610     
   6.0396132539608516E-014 -0.75692805260712426       -1.8348983650159404E-014 -0.43599055830170208       0.78539817820976565     
  -1.2256862191861728E-013 -0.77139242389833029       -1.9211382351039056E-014 -0.45170368311782561       0.78539817820976510     
   6.5725203057809267E-014 -0.78515283399628721       -2.3107746091284886E-014 -0.46722403753750719       0.78539817820976443     
  -2.8066438062523957E-013 -0.79739306158813861       -1.6593891974547714E-014 -0.48203188031238042       0.78539817820976399     
  -5.1958437552457326E-014 -0.80731106203479008       -2.0869942095127589E-014 -0.49558565627342155       0.78539817820976343     
  -4.3520742565306136E-014 -0.81418976313977431       -1.9126418582416487E-014 -0.50736743958657549       0.78539817820976277     
  -1.1990408665951691E-014 -0.81746028810599825       -2.1025747030944857E-014 -0.51692755286613057       0.78539817820976210     
  -5.8619775700208265E-014 -0.81674413402768842       -2.0898103258443699E-014 -0.52391910570111300       0.78539817820976165     
  -2.9309887850104133E-013 -0.81186676488515630       -2.5194857355993553E-014 -0.52811608309073677       0.78539817820976121     
  -7.7715611723760958E-014 -0.80284299555473382       -2.0782357656491436E-014 -0.52941333736844243       0.78539817820976099     
  -1.9895196601282805E-013 -0.78984194060507384       -2.1952061214872374E-014 -0.52781187680934138       0.78539817820976077     
  -7.0166095156309893E-014 -0.77314393711601959       -2.1213638181311718E-014 -0.52339660411132094       0.78539817820976032     
  -1.5276668818842154E-013 -0.75310244620968625       -1.8035478759879561E-014 -0.51631498748221816       0.78539817820976010     
  -9.6811447747313650E-014 -0.73012052446157938       -1.9393102632071616E-014 -0.50676369638946817       0.78539817820975988     
   1.3899992268306960E-013 -0.70464529311859714       -2.1181051957378736E-014 -0.49498654189467395       0.78539817820975988     
   5.6843418860808015E-014 -0.67717695909049169       -2.0937556616365830E-014 -0.48128236189359441       0.78539817820975966     
   4.7517545453956700E-014 -0.64828352562377134       -2.1105416865149103E-014 -0.46601731582759776       0.78539817820975955     
  -1.3322676295501878E-014 -0.61861001551084627       -2.2132196957601066E-014 -0.44963375137648498       0.78539817820975943     
   8.6153306710912148E-014 -0.58887246134554694       -2.0596625782626598E-014 -0.43264813058534202       0.78539817820975943     
   1.3100631690576847E-013 -0.55983157559008134       -1.8211199125890608E-014 -0.41563337738114647       0.78539817820975955     
  -8.3932860661661834E-014 -0.53224739248170749       -1.9332001735669650E-014 -0.39918554436128417       0.78539817820975943     
   1.8607337892717624E-013 -0.50682225744325038       -2.1000364207366105E-014 -0.38387946822726526       0.78539817820975943     
  -1.7719159473017498E-013 -0.48414343525789505       -2.0658598994827815E-014 -0.37022158008110218       0.78539817820975932     
  -6.1728400169158704E-014 -0.46463714154768354       -2.1760401746767720E-014 -0.35860915287292450       0.78539817820975932     
   6.3504757008558954E-014 -0.44854287709086904       -2.3065044217523272E-014 -0.34930366262026880       0.78539817820975966     
   2.1893598045608087E-013 -0.43591154615750227       -1.9903658095721414E-014 -0.34242214174253505       0.78539817820975921     
   2.6645352591003757E-015 -0.42662468638755158       -2.4399173406365113E-014 -0.33794562582566101       0.78539817820975921     
   4.1744385725905886E-014 -0.42042711285293421       -2.1200186400586028E-014 -0.33573953354996533       0.78539817820975921     
   2.8377300509419001E-013 -0.41696284121317362       -2.0879339713449454E-014 -0.33557836601382895       0.78539817820975888     
  -3.6459724128690141E-013 -0.41580490852540919       -1.9595724912568892E-014 -0.33716715656649576       0.78539817820975899     
   9.6811447747313650E-014 -0.41647325831388216       -1.9890253759800358E-014 -0.34015453372786197       0.78539817820975877     
   1.7319479184152442E-014 -0.41843996383269300       -1.7838784128800492E-014 -0.34413621952504059       0.78539817820975877     
   1.0347278589506459E-013 -0.42112606411552989       -2.3210979398993789E-014 -0.34865195298549878       0.78539817820975855     
  -1.3944401189291966E-013 -0.42389760796419651       -2.2129581676845963E-014 -0.35318184328519209       0.78539817820975832     
   2.7000623958883807E-013 -0.42606913806839941       -1.5945019464732422E-014 -0.35714904643272938       0.78539817820975810     
   4.4408920985006262E-014 -0.42692065979996130       -1.9044656738281531E-014 -0.35993414002321877       0.78539817820975821     
  -4.2632564145606011E-014 -0.42572987028929177       -2.1011192564748545E-014 -0.36090313148060282       0.78539817820975799     
  -2.9842794901924208E-013 -0.42181645151064728       -1.8970611037738317E-014 -0.35944677644439693       0.78539817820975788     
  -5.7731597280508140E-015 -0.41459112608477611       -2.6184154903237745E-014 -0.35502516063568024       0.78539817820975755     
   1.3855583347321954E-013 -0.40360020240035510       -1.9082819821338624E-014 -0.34720948482113023       0.78539817820975766     
   6.7501559897209518E-014 -0.38855706893513897       -2.1568033792097656E-014 -0.33571330755996343       0.78539817820975755     
   2.7533531010703882E-014 -0.36935525668452485       -2.0257192344527706E-014 -0.32040802105225019       0.78539817820975755     
  -2.2160051571518125E-013 -0.34606225822680159       -2.1192369840494113E-014 -0.30132125310968938       0.78539817820975732     
  -2.3891999489933369E-013 -0.31889786288646604       -1.9700543819806553E-014 -0.27862098307943839       0.78539817820975755     
  -5.0626169922907138E-014 -0.28820398456918994       -1.8825050256329814E-014 -0.25259119460394608       0.78539817820975744     
  -2.8066438062523957E-013 -0.25441393132944512       -1.5842215884842773E-014 -0.22360599433251593       0.78539817820975755     
  -7.7271522513910895E-014 -0.21802762028257305       -2.1345964862970654E-014 -0.19210806072813824       0.78539817820975766     
  -1.0569323194431490E-013 -0.17959594957322977       -1.8393855549836813E-014 -0.15859449311899532       0.78539817820975755     
   9.3702823278363212E-014 -0.13971351846541680       -2.1374603249769063E-014 -0.12360957947302254       0.78539817820975755     
  -3.5971225997855072E-014  -9.9015442270392384E-002  -2.1690761973061065E-014  -8.7740875659251927E-002  0.78539817820976299     
   1.1057821325266559E-013  -5.8172217858412978E-002  -2.1308793548029502E-014  -5.1613300294873099E-002  0.78539817820975943     
   3.7747582837255322E-014  -1.7877008721679744E-002  -2.2330373161757046E-014  -1.5876245190312943E-002  0.78539817820976232     
  -1.3322676295501878E-014   2.1177897720541239E-002  -2.7493700538281875E-014   1.8819188184021840E-002  0.78539817820976232     
   1.1901590823981678E-013   5.8335057364711673E-002  -1.6933323188422729E-014   5.1852413693643129E-002  0.78539817820977609     
   1.8207657603852567E-013   9.3012239765904781E-002  -1.8581356244460037E-014   8.2671324973210503E-002  0.78539817820977331     
  -1.0080825063596421E-013  0.12474261449442281       -1.7106370576323075E-014  0.11082991477159432       0.78539817820977553     
   7.3274719625260332E-014  0.15320753952046928       -1.6590152091143941E-014  0.13601887924659195       0.78539817820977542     
   2.5623947408348613E-013  0.17825612233646027       -2.0401551660890275E-014  0.15808381281628314       0.78539817820977231     
   5.7287508070658077E-014  0.19990873820759347       -1.7262474836998804E-014  0.17702838348477989       0.78539817820976088     
  -5.7287508070658077E-014  0.21834533856282334       -1.4017720684740581E-014  0.19300325060152801       0.78539817820976865     
   6.8389738316909643E-014  0.23388261815407674       -1.6135007417666648E-014  0.20628446921189614       0.78539817820976854     
   2.9487523534044158E-013  0.24694597942806240       -1.6769406685025584E-014  0.21724683600266026       0.78539817820974722     
   5.9507954119908391E-014  0.25804228474021684       -2.2781354629990120E-014  0.22633766138332234       0.78539817820974500     
  -4.3964831775156199E-014  0.26773769791870805       -1.7702875486168844E-014  0.23405488989761913       0.78539817820974289     
   2.7311486405778851E-013  0.27664209767214842       -1.0528325039247475E-014  0.24093092256784665       0.78539817820974145     
  -1.2168044349891716E-013  0.28539856615701353       -1.6077558136933458E-014  0.24752082520486418       0.78539817820974001     
   3.2862601528904634E-014  0.29467424371205553       -2.1131789903357373E-014  0.25439168524812672       0.78539817820973945     
  -1.1679546219056647E-013  0.30514811064236724       -1.5987405646178374E-014  0.26210933453411833       0.78539817820973901     
  -2.1893598045608087E-013  0.31749219619575086       -1.9332374313891575E-014  0.27121961355339685       0.78539817820973867     
   2.5135449277513544E-013  0.33234498976219484       -2.0303600726044007E-014  0.28222346025242651       0.78539817820973823     
   1.3322676295501878E-015  0.35027868461014222       -1.6687020237136027E-014  0.29554764013980517       0.78539817820974123     
  -1.3145040611561853E-013  0.37176440028656188       -1.9787170366714921E-014  0.31151505334181984       0.78539817820973656     
  -3.3573144264664734E-013  0.39714090653274781       -1.6927705356385253E-014  0.33031956616316904       0.78539817820973634     
   2.6867397195928788E-013  0.42659220917187568       -2.4993335928444171E-014  0.35200992011377963       0.78539817820969859     
  -1.5587531265737198E-013  0.46013768467717853       -2.0118674257651046E-014  0.37648557387823267       0.78539817820971358     
   5.9063864910058328E-014  0.49763584622456492       -1.5415040638119244E-014  0.40350491568714553       0.78539817820969415     
   9.3702823278363212E-014  0.53879998413866659       -2.0554066670608798E-014  0.43270380166195288       0.78539817820969315     
   3.6948222259525210E-013  0.58322177742552128       -2.4401210541620653E-014  0.46362063333431003       0.78539817820960189     
  -1.8429702208777599E-013  0.63039798502673250       -2.4012093412386604E-014  0.49572354189352907       0.78539817820962898     
   1.0080825063596421E-013  0.67975582764859155       -1.9530710427787093E-014  0.52843589267260427       0.78539817820959645     
  -1.3455903058456897E-013  0.73067429839198894       -1.9496445732713479E-014  0.56115786116505006       0.78539817820959534     
  -1.9761969838327786E-013  0.78250094958168503       -2.5814627566433100E-014  0.59328380808762482       0.78539817820947722     
   4.7384318691001681E-013  0.83456578586803687       -1.7470815118022302E-014  0.62421681780313953       0.78539817820950886     
  -2.6645352591003757E-014  0.88619522927230676       -2.2367146714122352E-014  0.65338265904136783       0.78539817820947255     
   3.5615954629975022E-013  0.93672914362186965       -1.3302167841548708E-014  0.68024521026505447       0.78539817820947122     
   9.9920072216264089E-014  0.98554281802734778       -1.6976024467623031E-014  0.70432433454585386       0.78539817820934665     
   3.5393910025049991E-013   1.0320737934981850       -1.5701782106704891E-014  0.72521554906771613       0.78539817820937929     
  -1.3367085216486885E-013   1.0758513479390377       -1.2284058519330641E-014  0.74260935150612539       0.78539817820934210     
  -2.1893598045608087E-013   1.1165247783950978       -2.0767598309885152E-014  0.75630708829015525       0.78539817820934066     
  -7.9491968563161208E-014   1.1538861250419359       -1.5396150875018947E-014  0.76623029260275288       0.78539817820933955     
  -4.4853010194856324E-014   1.1878835548032267       -2.7167299027092115E-014  0.77242128151079825       0.78539817820933777     
   2.9753977059954195E-013   1.2186233224546772       -2.0749247155647043E-014  0.77503437943876108       0.78539817820933633     
   2.3758772726978350E-013   1.2463603870628663       -2.0341322981817655E-014  0.77431883950822211       0.78539817820933477     
   2.7977620220553945E-013   1.2714798402524465       -2.0426925645081188E-014  0.77059593281303229       0.78539817820933333     
   2.7622348852673895E-013   1.2944726872833847       -2.2069431417641845E-014  0.76423337406373193       0.78539817820933167     
   1.0347278589506459E-013   1.3159098718287545       -2.3137856335612502E-014  0.75562012171416448       0.78539817820932989     
  -6.3105076719693898E-013   1.3364177203880878       -2.7806104712306244E-014  0.74514375552134382       0.78539817820932833     
   3.4638958368304884E-013   1.3566564957835325       -2.5375602781684964E-014  0.73317142589793427       0.78539817820932667     
   2.9487523534044158E-013   1.3773020065690460       -2.5089950932854315E-014  0.72003420680620067       0.78539817820932478     
  -4.7961634663806763E-014   1.3990287937830743       -2.1799364685203923E-014  0.70601393491024833       0.78539817820932323     
   4.0856207306205761E-014   1.4224927581589633       -2.2506749615839385E-014  0.69133148046525150       0.78539817820932112     
   5.7287508070658077E-014   1.4483113892450064       -2.4368557165474833E-014  0.67613584427854168       0.78539817820931912     
  -7.9936057773011271E-014   1.4770408881195571       -2.9572774268090144E-014  0.66049428210396943       0.78539817820931701     
   4.5563552930616424E-013   1.5091510484106507       -2.5768716670645095E-014  0.64438448311785557       0.78539817820931490     
   1.2656542480726785E-013   1.5450002526386903       -1.7772517797974398E-014  0.62769034264002155       0.78539817820931268     
   2.9665159217984183E-013   1.5848138641057794       -2.0767655336402638E-014  0.61020286311397243       0.78539817820931002     
  -4.2188474935755949E-014   1.6286693455509962       -2.6837986210994233E-014  0.59162716912615743       0.78539817820930713     
  -3.5660363550960028E-013   1.6764905837747541       -2.2704840700306365E-014  0.57159569243418584       0.78539817820930391     
  -6.9633188104489818E-013   1.7280523862159445       -2.6556745451237249E-014  0.54968655184574100       0.78539817820930058     
   2.7577939931688888E-013   1.7829943719089396       -3.7142072910166570E-014  0.52544532116140452       0.78539817820929736     
  -2.6645352591003757E-015   1.8408419922141626       -2.4647634978467594E-014  0.49840796939197674       0.78539817820929325     
   4.3964831775156199E-014   1.9010315808092173       -2.6023485071441563E-014  0.46812284842162599       0.78539817820928903     
  -2.0472512574087887E-013   1.9629363366930921       -2.5129914198759903E-014  0.43417011069511702       0.78539817820928459     
   2.2071233729548112E-013   2.0258909203920794       -2.5268380438231277E-014  0.39617765719183495       0.78539817820927982     
   4.4630965589931293E-013   2.0892135952844946       -3.2958712731692752E-014  0.35383339292456384       0.78539817820927493     
   3.2640556923979602E-013   2.1522261447101290       -2.1248890349532578E-014  0.30689399682225149       0.78539817820926960     
  -1.4610535004067060E-013   2.2142727187905802       -2.5701064453485256E-014  0.25519050229516682       0.78539817820926405     
  -2.0161650127192843E-013   2.2747390283899325       -2.7888107145169495E-014  0.19863078064375728       0.78539817820925850     
   2.9309887850104133E-014   2.3330728476750373       -2.7702282966278270E-014  0.13719868188036788       0.78539817820925262     
   2.9709568138969189E-013   2.3888057877032178       -2.3318197748294009E-014   7.0949323499115091E-002  0.78539817820924673     
   5.2935433814127464E-013   2.4415751106628534       -2.4983081099191445E-014  -1.1927048778522278E-014  0.78539817820924085     
