 force-1force-2force-3workmass
   1.7763568394002505E-015   2.4868995751603507E-014  -2.1490512560269861E-014   0.0000000000000000       0.78539817820995306     
   8.8817841970012523E-016  -2.9153834992747818E-003  -2.1373557149166893E-014  -4.3512098726753226E-007  0.78539817820995539     
  -1.7763568394002505E-015  -8.9157218560451668E-003  -2.0944525434957377E-014  -5.2959387824933618E-006  0.78539817820994395     
   9.7699626167013776E-015  -1.7691779702996513E-002  -2.0701718645159961E-014  -2.3525644060055223E-005  0.78539817821006919     
  -1.9539925233402755E-014  -2.9108102388114787E-002  -2.0306788383305401E-014  -6.8462256816843869E-005  0.78539817821001345     
  -1.3322676295501878E-014  -4.3072575641559752E-002  -1.7584007456519130E-014  -1.5748410468943014E-004  0.78539817821042990     
  -2.3092638912203256E-014  -5.9509273336942670E-002  -1.7994414454731875E-014  -3.1170957373888308E-004  0.78539817821030045     
   3.1086244689504383E-015  -7.8343843253268375E-002  -1.9109531406771755E-014  -5.5567329423464318E-004  0.78539817821115943     
   4.0412118096355698E-014  -9.9493600236588264E-002  -1.8135729794983253E-014  -9.1693301978032493E-004  0.78539817821093005     
   2.6645352591003757E-014 -0.12285744589863867       -1.9044464392445954E-014  -1.4255456591234228E-003  0.78539817821236479     
   9.7699626167013776E-015 -0.14830350676253090       -1.9758497600411553E-014  -2.1133249713661262E-003  0.78539817821201208     
  -8.8817841970012523E-016 -0.17565346892722289       -2.1468496549021191E-014  -3.0127643856724395E-003  0.78539817821414526     
   4.0856207306205761E-014 -0.20466465693423430       -2.0638021312561115E-014  -4.1555111943926692E-003  0.78539817821364588     
   1.0658141036401503E-014 -0.23501420546755369       -2.2141405799349840E-014  -5.5703654515434353E-003  0.78539817821660118     
   4.6185277824406512E-014 -0.26629259223182444       -2.1596786066028710E-014  -7.2809720568026703E-003  0.78539817821592783     
   3.6859404417555197E-014 -0.29801329355317918       -2.2233602804412823E-014  -9.3036025081132401E-003  0.78539817821984426     
   3.0198066269804258E-014 -0.32964060270146334       -2.6312227730046680E-014  -1.1645543212236875E-002  0.78539817821896385     
   5.0182080713057076E-014 -0.36063067169053298       -2.3572994500959900E-014  -1.4304505750273089E-002  0.78539817822399893     
   3.2862601528904634E-014 -0.39047560402356041       -2.2619922246111618E-014  -1.7269174063545778E-002  0.78539817822287528     
   3.6415315207705135E-014 -0.41873980662694166       -2.4565181576871418E-014  -2.0520658278607939E-002  0.78539817822918767     
   8.8817841970012523E-015 -0.44508147072237136       -2.1824288287488701E-014  -2.4034399419007757E-002  0.78539817822779012     
   3.1530333899354446E-014 -0.46925805224156392       -2.0424049786902851E-014  -2.7782071039422651E-002  0.78539817823551172     
  -5.7731597280508140E-015 -0.49111928867236543       -2.1407347294707871E-014  -3.1733181718276438E-002  0.78539817823381930     
   3.1974423109204508E-014 -0.51059404050845103       -2.2945112456499167E-014  -3.5856338846195879E-002  0.78539817824304370     
   5.0182080713057076E-014 -0.52767646679835423       -2.0586993969352074E-014  -4.0120297123612758E-002  0.78539817824104263     
   1.7763568394002505E-014 -0.54241561278832506       -2.3128181560240020E-014  -4.4495030736541930E-002  0.78539817825182823     
   2.0428103653102880E-014 -0.55490928350689828       -2.2997826149297467E-014  -4.8952987172411477E-002  0.78539817824951352     
  -2.6201263381153694E-014 -0.56530179455844376       -2.3662376411432180E-014  -5.3470624818244605E-002  0.78539817826189295     
  -1.9095836023552692E-014 -0.57378305765350568       -2.3147886346512892E-014  -5.8030123318844495E-002  0.78539817825926295     
  -4.0856207306205761E-014 -0.58058717926581771       -2.3267736683900777E-014  -6.2621117128047299E-002  0.78539817827325398     
   2.1760371282653068E-014 -0.58598807481737225       -2.1674084393382114E-014  -6.7242131585294018E-002  0.78539817827030856     
  -4.8849813083506888E-015 -0.59029173011037273       -1.9506493546272584E-014  -7.1901517196621745E-002  0.78539817828591940     
  -9.7699626167013776E-015 -0.59382450490979011       -2.3460591596587589E-014  -7.6617612921480394E-002  0.78539817828265912     
   3.1086244689504383E-015 -0.59691920194176085       -2.0850232085889468E-014  -8.1418137617051745E-002  0.78539817829989456     
   7.1054273576010019E-015 -0.59989976971282033       -2.2619676964953340E-014  -8.6338774656607331E-002  0.78539817829631986     
   1.2878587085651816E-014 -0.60306717341047289       -2.4091334042883218E-014  -9.1421214319194366E-002  0.78539817831518144     
   1.4654943925052066E-014 -0.60668713302757205       -2.3612976207634558E-014  -9.6710782501658432E-002  0.78539817831129299     
  -3.1974423109204508E-014 -0.61098145753976674       -2.2111740343154565E-014 -0.10225400947921859       0.78539817833177905     
   2.8421709430404007E-014 -0.61612241443941862       -2.1271345219537489E-014 -0.10809621312373707       0.78539817832757808     
   9.7699626167013776E-015 -0.62223063396937306       -2.1450365445651175E-014 -0.11427934490778835       0.78539817834967851     
  -7.9936057773011271E-015 -0.62937504674962419       -1.8596442835961162E-014 -0.12084000897592695       0.78539817834516812     
  -1.0658141036401503E-014 -0.63757490281676787       -1.8402533937012048E-014 -0.12780778683747096       0.78539817836886772     
   6.2172489379008766E-015 -0.64680241399310923       -1.8687525825312487E-014 -0.13520369580663694       0.78539817836405035     
   4.8849813083506888E-014 -0.65698644391570937       -2.2761497200371034E-014 -0.14303892432271859       0.78539817838933368     
  -3.1086244689504383E-014 -0.66801633233617608       -2.2475756147954286E-014 -0.15131371547013073       0.78539817838421078     
   5.0626169922907138E-014 -0.67974673819234965       -2.0287094771699644E-014 -0.16001663058759430       0.78539817841106685     
   2.5313084961453569E-014 -0.69200287625893608       -2.2083775867073057E-014 -0.16912411895193058       0.78539817840563719     
  -3.0642155479654321E-014 -0.70458704791310645       -2.3728905409290495E-014 -0.17860066251939610       0.78539817843406223     
   3.8191672047105385E-014 -0.71728565529063992       -2.3503614523544791E-014 -0.18839938107601739       0.78539817842832327     
   1.2878587085651816E-014 -0.72987728234440752       -2.1357018921421862E-014 -0.19846330394343781       0.78539817845831450     
  -7.5495165674510645E-015 -0.74214069469427635       -2.5045579667854179E-014 -0.20872707038276506       0.78539817845226545     
   1.3322676295501878E-014 -0.75386310907676446       -2.3989541697202369E-014 -0.21911917054469399       0.78539817848381255     
   7.5051076464660582E-014 -0.76484745933469256       -2.2661470447961082E-014 -0.22956437583455092       0.78539817847745541     
   2.9309887850104133E-014 -0.77491909394765379       -2.0790801519310586E-014 -0.23998643777260931       0.78539817851052685     
   1.5543122344752192E-014 -0.78393077366694008       -2.1556497011841605E-014 -0.25031066389340229       0.78539817850387061     
   1.7319479184152442E-014 -0.79176670342991784       -2.0852361482432978E-014 -0.26046650271896077       0.78539817853840765     
   3.9523939676655573E-014 -0.79834467266136855       -1.9961275776439074E-014 -0.27038976049433305       0.78539817853146876     
   5.4622972811557702E-014 -0.80361731773547085       -1.9437191044304067E-014 -0.28002467335584225       0.78539817856738214     
  -9.3258734068513149E-015 -0.80757165777736084       -1.9288549528217868E-014 -0.28932546754526456       0.78539817856018379     
  -9.7699626167013776E-015 -0.81022802964403162       -1.9506200156163176E-014 -0.29825769880343600       0.78539817855274618     
   1.7319479184152442E-014 -0.81163769107665118       -1.9994059228428591E-014 -0.30679904722697415       0.78539817854519389     
   1.4654943925052066E-014 -0.81187978422968499       -2.0327308423436501E-014 -0.31493973758961857       0.78539817854519756     
   1.3322676295501878E-015 -0.81105749753001533       -1.9882640684146654E-014 -0.32268246962230762       0.78539817854520177     
   1.8651746813702630E-014 -0.80929366992580576       -1.9866052883385115E-014 -0.33004189567737363       0.78539817854520588     
   1.4210854715202004E-014 -0.80672585628846072       -2.0750589238384648E-014 -0.33704360895047003       0.78539817854520999     
   5.3290705182007514E-015 -0.80350107222447775       -2.0663363350148867E-014 -0.34372269305252701       0.78539817854521421     
   8.8817841970012523E-016 -0.79977037823592489       -2.2419306884094203E-014 -0.35012187664337002       0.78539817854521843     
   4.8849813083506888E-015 -0.79568350287535239       -2.3313078297886845E-014 -0.35628936862964178       0.78539817854522276     
   3.9079850466805510E-014 -0.79138370925273271       -2.5176122464146733E-014 -0.36227646888687737       0.78539817854522687     
  -4.6629367034256575E-014 -0.78700309854451511       -2.3713729250199244E-014 -0.36813506215074376       0.78539817854523131     
  -3.2862601528904634E-014 -0.78265851801204889       -2.3735419146163679E-014 -0.37391510698025243       0.78539817854523575     
   8.4376949871511897E-015 -0.77844820362072298       -2.3951212269614537E-014 -0.37966222791323645       0.78539817854523997     
   1.0658141036401503E-014 -0.77444924429252282       -2.3002710784220754E-014 -0.38541550871159469       0.78539817854524441     
   1.7763568394002505E-014 -0.77071591175719156       -2.2194813538160798E-014 -0.39120557018007673       0.78539817854524885     
   3.3750779948604759E-014 -0.76727886118784916       -2.5210247140186686E-014 -0.39705299964521146       0.78539817854525351     
   7.7715611723760958E-014 -0.76414517574640861       -2.8183018142649167E-014 -0.40296718252251829       0.78539817854525773     
  -1.2878587085651816E-014 -0.76129920315660549       -2.5446956425961309E-014 -0.40894557036122947       0.78539817854526206     
  -1.7763568394002505E-014 -0.75870411338829769       -2.7333258986860381E-014 -0.41497340449376274       0.78539817854526661     
   2.7977620220553945E-014 -0.75630409165452583       -2.4106771722547076E-014 -0.42102389956679254       0.78539817854527083     
  -3.1530333899354446E-014 -0.75402706851064139       -2.5537090636521500E-014 -0.42705887631267103       0.78539817854527538     
  -2.0428103653102880E-014 -0.75178787789659651       -2.2001024314413548E-014 -0.43302981766844439       0.78539817854527971     
  -1.5543122344752192E-014 -0.74949172446394563       -2.3933002363794599E-014 -0.43887930697555966       0.78539817854528438     
   3.7303493627405260E-014 -0.74703783414850022       -2.4122992813733951E-014 -0.44454279211808156       0.78539817854528859     
  -4.4853010194856324E-014 -0.74432315793987769       -2.3793204810595108E-014 -0.44995060612544258       0.78539817854529292     
  -4.4408920985006262E-016 -0.74124599926560109       -2.2429607585666959E-014 -0.45503016406117247       0.78539817854529748     
   2.7089441800853820E-014 -0.73770944115872439       -2.0867503914319156E-014 -0.45970824894206608       0.78539817854530170     
   1.5543122344752192E-014 -0.73362446049320340       -2.3994940908802606E-014 -0.46391329658855973       0.78539817854530591     
  -9.7699626167013776E-015 -0.72891263252734007       -2.1053486540281724E-014 -0.46757759089705075       0.78539817854531013     
  -8.4376949871511897E-015 -0.72350834865439495       -2.0672903771203626E-014 -0.47063928676628741       0.78539817854531435     
  -2.3092638912203256E-014 -0.71736049217577680       -2.2642001982778060E-014 -0.47304418717215313       0.78539817854531846     
  -5.0182080713057076E-014 -0.71043353967583833       -2.2234803390724454E-014 -0.47474721288837785       0.78539817854532235     
   2.4868995751603507E-014 -0.70270807782658373       -2.4928244515507041E-014 -0.47571351718539745       0.78539817854532645     
   2.6645352591003757E-015 -0.69418074629157189       -2.2757553345620439E-014 -0.47591921276556448       0.78539817854533045     
  -3.7747582837255322E-014 -0.68486363620339574       -2.4323988101065573E-014 -0.47535169355923479       0.78539817854533434     
   2.9309887850104133E-014 -0.67478319011152443       -2.9055372301657714E-014 -0.47400954929212524       0.78539817854533833     
   7.7715611723760958E-014 -0.66397866330252953       -2.8876946061981502E-014 -0.47190208560904345       0.78539817854534189     
  -1.3322676295501878E-015 -0.65250021781493572       -2.5320424417969752E-014 -0.46904847657583026       0.78539817854534544     
  -1.1102230246251565E-014 -0.64040672935616882       -2.8638944532320795E-014 -0.46547658930057345       0.78539817854534888     
  -2.0428103653102880E-014 -0.62776339348903143       -2.6930057884356091E-014 -0.46122153177674896       0.78539817854535232     
   1.7319479184152442E-014 -0.61463922076448441       -2.4176079858915016E-014 -0.45632398445549427       0.78539817854535576     
   1.8207657603852567E-014 -0.60110451081340521       -2.2981548370619184E-014 -0.45082838311004991       0.78539817854535887     
   2.9309887850104133E-014 -0.58722839269155003       -2.4097100990050455E-014 -0.44478102491309635       0.78539817854536176     
  -4.3964831775156199E-014 -0.57307651303686313       -2.2654702021597758E-014 -0.43822817106021184       0.78539817854536476     
   4.2632564145606011E-014 -0.55870894520186098       -2.7011559805385112E-014 -0.43121421777428637       0.78539817854536809     
  -2.8421709430404007E-014 -0.54417838165845467       -3.0788544016076516E-014 -0.42378000307328101       0.78539817854537075     
  -4.5297099404706387E-014 -0.52952865937717775       -2.8105755481260594E-014 -0.41596130971138123       0.78539817854537342     
   5.7731597280508140E-015 -0.51479365399092458       -3.0834128861392400E-014 -0.40778761548505749       0.78539817854537597     
   4.0412118096355698E-014 -0.49999656410487958       -2.8638846729170853E-014 -0.39928113120496356       0.78539817854537830     
   2.9309887850104133E-014 -0.48514959262204371       -2.7361635593290339E-014 -0.39045615453570548       0.78539817854538063     
  -1.0125233984581428E-013 -0.47025401802730826       -2.9244120855563809E-014 -0.38131875519345115       0.78539817854538252     
  -7.1942451995710144E-014 -0.45530063558080158       -2.1767653080275875E-014 -0.37186679411061263       0.78539817854538474     
   5.1514348342607263E-014 -0.44027053677694994       -2.3067466659180817E-014 -0.36209026668222144       0.78539817854538652     
   1.9539925233402755E-014 -0.42513618539395992       -2.5985228369023590E-014 -0.35197194843239821       0.78539817854538840     
  -2.2204460492503131E-015 -0.40986274034102266       -2.6925167744764528E-014 -0.34148831087479614       0.78539817854539007     
   4.8849813083506888E-014 -0.39440956933841420       -2.4955348293708850E-014 -0.33061066622136970       0.78539817854539162     
   4.2632564145606011E-014 -0.37873189346719727       -2.6334133921277267E-014 -0.31930649230786301       0.78539817854539340     
   4.4408920985006262E-016 -0.36278250074951046       -2.7795606983804295E-014 -0.30754088379537592       0.78539817854539451     
  -7.9491968563161208E-014 -0.34651346722793619       -2.7082094096915893E-014 -0.29527807259197125       0.78539817854539562     
  -1.0214051826551440E-014 -0.32987782639738583       -3.3202627280923895E-014 -0.28248295956755243       0.78539817854539673     
   7.7271522513910895E-014 -0.31283113216375824       -2.9429674922993616E-014 -0.26912260100118957       0.78539817854539784     
   2.1316282072803006E-014 -0.29533286651175317       -3.2396180602256640E-014 -0.25516759666615663       0.78539817854539851     
   6.3948846218409017E-014 -0.27734765057055100       -3.3464853721470948E-014 -0.24059333190619725       0.78539817854539917     
  -4.9737991503207013E-014 -0.25884622631447840       -2.8805020272931415E-014 -0.22538103309918434       0.78539817854539962     
  -7.5051076464660582E-014 -0.23980618548249311       -2.7569624532546600E-014 -0.20951860430451674       0.78539817854540028     
  -4.2632564145606011E-014 -0.22021243202436835       -2.2470144301987933E-014 -0.19300122222398208       0.78539817854540073     
  -3.5527136788005009E-015 -0.20005737410920332       -2.1483604105386656E-014 -0.17583167646316866       0.78539817854540106     
  -7.6827433304060833E-014 -0.17934085118476517       -2.1627415430308777E-014 -0.15802045211421678       0.78539817854540139     
   1.9984014443252818E-014 -0.15806981035985501       -2.2373695915220390E-014 -0.13958556142835299       0.78539817854540162     
   4.1300296516055823E-014 -0.13625775430443454       -2.8392304013323704E-014 -0.12055214051228980       0.78539817854540139     
  -4.1300296516055823E-014 -0.11392398965889683       -2.7664760824563665E-014 -0.10095183520940409       0.78539817854540162     
   2.3092638912203256E-014  -9.1092710464483417E-002  -1.8657185241042831E-014  -8.0822007359611092E-002  0.78539817854540162     
  -2.3536728122053319E-014  -6.7791955198316600E-002  -2.6432458198152049E-014  -6.0204798208449262E-002  0.78539817854540184     
  -4.1744385725905886E-014  -4.4052478628419323E-002  -3.3090978456648419E-014  -3.9146089768696157E-002  0.78539817854540195     
  -2.5757174171303632E-014  -1.9906580787090178E-002  -2.2052962268956311E-014  -1.7694407254028377E-002  0.78539817854540173     
   5.7731597280508140E-014   4.6130650466054135E-003  -2.3726178474959523E-014   4.1001937008537936E-003  0.78539817854540150     
  -5.8175686490358203E-014   2.9474545250366191E-002  -2.4850287857815352E-014   2.6187212375413438E-002  0.78539817854540173     
  -1.7319479184152442E-014   5.4647762665702260E-002  -2.0903977751586620E-014   4.8516720876717656E-002  0.78539817854540117     
  -1.9539925233402755E-014   8.0105384542552116E-002  -2.3116924221867841E-014   7.1040278727142692E-002  0.78539817854540128     
   2.4868995751603507E-014  0.10582365404207295       -2.2037479221190520E-014   9.3711713542333541E-002  0.78539817854540139     
   5.2402526762307389E-014  0.13178304358975979       -2.2489014979768455E-014  0.11648774347279378       0.78539817854540139     
   4.3520742565306136E-014  0.15796873476501716       -2.0265101462970935E-014  0.13932842406274659       0.78539817854540162     
   4.6185277824406512E-014  0.18437091600289435       -1.7762731495779460E-014  0.16219740951161477       0.78539817854540162     
   5.8619775700208265E-014  0.21098489601907744       -2.1074185322363086E-014  0.18506202578480035       0.78539817854540206     
   6.4392935428259079E-014  0.23781103669769621       -2.1308711507397447E-014  0.20789315977318701       0.78539817854472349     
   1.2567724638756772E-013  0.26485452107472440       -2.0151075017143576E-014  0.23066498065822749       0.78539817854932914     
   3.0642155479654321E-014  0.29212495067574551       -1.9864231287673397E-014  0.25335449237824825       0.78539817854818428     
   8.2156503822261584E-014  0.31963584383940002       -2.0076168387475726E-014  0.27594098471486816       0.78539817855544425     
  -2.2204460492503131E-015  0.34740396392363948       -2.4304361759339192E-014  0.29840532719292767       0.78539817855370975     
   0.0000000000000000       0.37544865750128409       -2.3716459477462577E-014  0.32072926836242210       0.78539817856421101     
   5.2402526762307389E-014  0.40379100509493071       -2.2556835012620871E-014  0.34289457698229953       0.78539817856176997     
   3.1530333899354446E-014  0.43245311569300071       -2.0337022946573065E-014  0.36488231636596424       0.78539817857611971     
  -1.9095836023552692E-014  0.46145721673654450       -2.4257080344569061E-014  0.38667196045626540       0.78539817857285144     
  -2.6645352591003757E-015  0.49082501441871429       -1.9077368110255169E-014  0.40824076079267968       0.78539817859167227     
   1.6431300764452317E-014  0.52057683454754766       -2.9980654310261466E-014  0.42956295497730856       0.78539817858745364     
  -4.7517545453956700E-014  0.55073114350640395       -2.8288487445717840E-014  0.45060932307922741       0.78539817861138039     
  -2.8421709430404007E-014  0.58130383207851111       -2.1104874141543068E-014  0.47134657909190558       0.78539817860608629     
   5.6399329650957952E-014  0.61230796535801701       -2.3234245180387954E-014  0.49173717928344551       0.78539817863576211     
   8.8817841970012523E-014  0.64375327219865142       -2.4495229773419856E-014  0.51173894960719046       0.78539817862926709     
  -1.0036416142611415E-013  0.67564615828577956       -3.3552274883234002E-014  0.53130516690654872       0.78539817866533834     
  -8.2156503822261584E-014  0.70798942938276177       -3.2530024576463549E-014  0.55038443349993216       0.78539817865751416     
   6.2172489379008766E-015  0.74078256523671904       -3.1121415803778292E-014  0.56892101010179807       0.78539817870062656     
  -3.5527136788005009E-014  0.77402167045114822       -3.0913602333064123E-014  0.58685490980310462       0.78539817869134843     
   7.7271522513910895E-014  0.80769997295798213       -2.4771095360295274E-014  0.60412242557381290       0.78539817874213824     
   1.3322676295501878E-014  0.84180796684740322       -3.0974966493719466E-014  0.62065638542493140       0.78539817873128293     
   3.9079850466805510E-014  0.87633407193315627       -2.1050038038299685E-014  0.63638679236528084       0.78539817879037166     
  -5.6399329650957952E-014  0.91126491178727065       -2.3947101066903047E-014  0.65124116461447379       0.78539817877781970     
  -1.7763568394002505E-015  0.94658605324575795       -2.3973575809597444E-014  0.66514519472261746       0.78539817884580665     
  -8.8373752760162461E-014  0.98228235236262051       -1.6033538126953663E-014  0.67802309499476010       0.78539817883144369     
  -7.2830630415410269E-014   1.0183386612388414       -1.8331908707065284E-014  0.68979816899532231       0.78539817881588259     
   4.6185277824406512E-014   1.0547402718276331       -2.7770627103769971E-014  0.70039315801030178       0.78539817879933371     
  -1.8651746813702630E-014   1.0914734001981365       -2.8577303043144074E-014  0.70973057847883325       0.78539817878177154     
  -2.8421709430404007E-014   1.1285256273341275       -2.5148147566456165E-014  0.71773298864807167       0.78539817876317342     
   8.2156503822261584E-014   1.1658862623486783       -2.5917495595655236E-014  0.72432316289178544       0.78539817874351647     
   4.2188474935755949E-014   1.2035466309558309       -2.8370106698597582E-014  0.72942417913700908       0.78539817872277951     
   5.6399329650957952E-014   1.2415002825027308       -2.6525486014671813E-014  0.73295941978452639       0.78539817870094386     
  -1.0080825063596421E-013   1.2797431119149767       -2.2424614988350834E-014  0.73485249004492559       0.78539817867799189     
  -9.3702823278363212E-014   1.3182733961368847       -2.6230534824119584E-014  0.73502706093724690       0.78539817865390782     
   1.1679546219056647E-013   1.3570917475586235       -2.4675788273123408E-014  0.73340664694730329       0.78539817862867800     
   3.9968028886505635E-014   1.3962009896500369       -3.3330014522554368E-014  0.72991433057517874       0.78539817860228966     
  -1.7319479184152442E-014   1.4356059624817590       -3.2956383769986601E-014  0.72447244764107666       0.78539817857473426     
   3.2418512319054571E-014   1.4753132678744709       -3.2276541340084910E-014  0.71700224818698111       0.78539817854600280     
   6.4837024638109142E-014   1.5153309656319625       -3.1758259658435067E-014  0.70742354815222530       0.78539817851608973     
   3.7303493627405260E-014   1.5556681843469882       -3.1140706248628453E-014  0.69565436466717490       0.78539817853728466     
   1.4788170688007085E-013   1.5963349634723585       -3.0019023657096673E-014  0.68161068529449942       0.78539817855979988     
   9.7255536957163713E-014   1.6373415560466746       -2.7088990471644701E-014  0.66520602865819001       0.78539817858313521     
   2.6201263381153694E-014   1.6786983688536683       -2.4469437140165578E-014  0.64635133133268052       0.78539817858370753     
   3.5971225997855072E-014   1.7204152327001783       -2.3063441787217775E-014  0.62495459660019659       0.78539817858372596     
   8.8817841970012523E-016   1.7625015475371946       -2.4133628331438398E-014  0.60092093700431715       0.78539817858374472     
  -1.2834178164666810E-013   1.8049656757485941       -2.1920161058955446E-014  0.57415236159292071       0.78539817858376415     
   1.4077627952246985E-013   1.8478147806340797       -3.3022469213388577E-014  0.54454778217698951       0.78539817858378447     
  -1.2434497875801753E-014   1.8910546341674319       -2.3047982624735337E-014  0.51200304220082149       0.78539817858380478     
   1.4654943925052066E-014   1.9346894810896931       -2.7150090427880780E-014  0.47641099697751699       0.78539817858382599     
  -6.6169292267659330E-014   1.9787219613600442       -2.9737003546239115E-014  0.43766163830145155       0.78539817858384742     
   1.0169642905566434E-013   2.0231530909992159       -2.7775896448609290E-014  0.39564225480479775       0.78539817858386918     
   6.6169292267659330E-014   2.0679822993824946       -2.7454829541329178E-014  0.35023761818801002       0.78539817858389149     
   8.1268325402561459E-014   2.1132075191356989       -2.9612487046534501E-014  0.30133018468174821       0.78539817858391392     
  -3.8635761256955448E-014   2.1588253231569965       -2.5854429364660040E-014  0.24880030084318872       0.78539817858393690     
  -9.3258734068513149E-014   2.2048311019296509       -2.3932993406027701E-014  0.19252640302826407       0.78539817858396022     
   1.2434497875801753E-014   2.2512192732927225       -2.2381676023604150E-014  0.13238520058524150       0.78539817858398409     
   9.6367358537463588E-014   2.2979835161397055       -2.0737358805632534E-014   6.8251833916975591E-002  0.78539817858400796     
   9.8587804586713901E-014   2.3451170190704556       -2.1667465751865433E-014  -1.1455852804054264E-014  0.78539817858403249     
