 force-1force-2force-3workmass
   1.7763568394002505E-015   2.4868995751603507E-014  -2.1490512560269861E-014   0.0000000000000000       0.78539817820995306     
  -6.5820859873610971E-010  -2.9153879481356171E-003  -2.3160901279484645E-014  -1.2791289564074819E-006  0.78539817821002789     
  -1.3257957887091720E-007  -8.9158072334747374E-003  -1.9447591185691155E-014  -1.4209180364710416E-005  0.78539817820998170     
  -6.8053451407479315E-007  -1.7692245639334914E-002  -2.2233113740474820E-014  -5.8952398081627694E-005  0.78539817821049152     
  -1.9884897883848396E-006  -2.9109647658660975E-002  -2.0302889238421508E-014  -1.6247592648736126E-004  0.78539817821026303     
  -4.4681039583771565E-006  -4.3076498664461838E-002  -2.0639308914894018E-014  -3.5723439469334539E-004  0.78539817821197500     
  -8.5821400190866370E-006  -5.9517684687467209E-002  -1.8284060314414767E-014  -6.8030788080090943E-004  0.78539817821143809     
  -1.4826901994613451E-005  -7.8359875699543835E-002  -2.2497996669550445E-014  -1.1726721006208307E-003  0.78539817821499369     
  -2.3700849995034190E-005  -9.9521604102481120E-002  -2.4084494992817650E-014  -1.8784864859539563E-003  0.78539817821403246     
  -3.5673469449992723E-005 -0.12290314674575598       -2.2851931198336107E-014  -2.8443058342225158E-003  0.78539817822002189     
  -5.1133470372999312E-005 -0.14837411296261038       -2.0680438383750901E-014  -4.1181160904942282E-003  0.78539817821852842     
  -7.0343425816243865E-005 -0.17575769441842581       -1.9709934247366561E-014  -5.7480789633559959E-003  0.78539817822750679     
  -9.3368300535523474E-005 -0.20481265152847072       -1.8890719943495318E-014  -7.7808803586121855E-003  0.78539817822537350     
  -1.2002769790564471E-004 -0.23521735012806744       -1.9928016890596270E-014  -1.0259666418654056E-002  0.78539817823788083     
  -1.4983450412620059E-004 -0.26656317546644459       -1.8234064482032486E-014  -1.3221736390267247E-002  0.78539817823499913     
  -1.8199511486161057E-004 -0.29836403481239415       -2.1050116088024208E-014  -1.6696373621575167E-002  0.78539817825158575     
  -2.1541849801343105E-004 -0.33008408380529630       -2.3363248391883047E-014  -2.0703303008456797E-002  0.78539817824783820     
  -2.4880127499748994E-004 -0.36117864879682315       -2.2900931634430117E-014  -2.5252155306908830E-002  0.78539817826907610     
  -2.8070688130465982E-004 -0.39113829923737242       -2.4470848627567420E-014  -3.0343032612040854E-002  0.78539817826433911     
  -3.0967901615852611E-004 -0.41952513537655989       -2.1298687024434759E-014  -3.5967931476902915E-002  0.78539817829081204     
  -3.3432171634029118E-004 -0.44599433539911360       -2.4586343344648393E-014  -4.2112583690817051E-002  0.78539817828496150     
  -3.5336810517749839E-004 -0.47029963229628891       -2.1395824984466186E-014  -4.8758263125417090E-002  0.78539817831724057     
  -3.6573854040966580E-004 -0.49228649915350786       -2.4241665657035769E-014  -5.5883294662805394E-002  0.78539817831015679     
  -3.7056441440341814E-004 -0.51187906529359140       -2.0903310620695720E-014  -6.3464212616128668E-002  0.78539817834879044     
  -3.6726141945386814E-004 -0.52906659538875545       -2.0186843746561159E-014  -7.1476730558242885E-002  0.78539817834035619     
  -3.5552791913406878E-004 -0.54389325957679446       -1.9946559053051531E-014  -7.9896727306147941E-002  0.78539817838587944     
  -3.3544424675691076E-004 -0.55645246769467960       -2.2482198714018258E-014  -8.8701466757290071E-002  0.78539817837597781     
  -3.0741616903862123E-004 -0.56688488913608737       -2.0631834675727524E-014  -9.7871098610223362E-002  0.78539817842892445     
  -2.7225969925837035E-004 -0.57537808221438524       -2.0164654907805738E-014 -0.10739041747841460       0.78539817841743520     
  -2.3103632905119298E-004 -0.58216530362537355       -2.0896835475270261E-014 -0.11725063816217762       0.78539817847834881     
  -1.8509114743592292E-004 -0.58752156046072912       -2.0860954333590897E-014 -0.12745098056926096       0.78539817846514626     
  -1.3577350995408466E-004 -0.59175581674611344       -2.3342231603758399E-014 -0.13799971043406378       0.78539817853458938     
  -8.4459161405092686E-005 -0.59519946149836400       -2.3349168424391517E-014 -0.14891451425722657       0.78539817851953986     
  -3.2229785848159054E-005 -0.59819195851823181       -2.0610888170818159E-014 -0.16022199820105643       0.78539817850326255     
   2.0117596549518169E-005 -0.60106545199694850       -2.2064509769112308E-014 -0.17195646748088844       0.78539817848595517     
   7.2234432680673422E-005 -0.60412996794573459       -2.6938735143614195E-014 -0.18415803163072209       0.78539817846757798     
   1.2427213809473869E-004 -0.60766087774873689       -2.4187763115633138E-014 -0.19687032826325712       0.78539817844809012     
   1.7691760542604129E-004 -0.61188951273833680       -2.1113573569708083E-014 -0.21013807323502753       0.78539817842744652     
   2.3140475778049563E-004 -0.61699721628012760       -2.3118416367249873E-014 -0.22400463393291226       0.78539817840560111     
   2.8950521050497002E-004 -0.62311251530222123       -2.3740957406248788E-014 -0.23850974461301044       0.78539817838250314     
   3.5349535504902718E-004 -0.63031073197429954       -2.0582478105764514E-014 -0.25368740898170561       0.78539817835809955     
   4.2609105750823772E-004 -0.63861526884319453       -2.0264093155153307E-014 -0.26956398577125196       0.78539817833233172     
   5.1033783366527530E-004 -0.64799994467968780       -1.9084994272829232E-014 -0.28615644091167258       0.78539817830513659     
   6.0944598858192478E-004 -0.65839203301516669       -1.9714147698802932E-014 -0.30347077315505633       0.78539817827644609     
   7.2656719275787651E-004 -0.66967594335389258       -2.0524631548699709E-014 -0.32150066450541370       0.78539817824618630     
   8.6451976650714357E-004 -0.68169768971002753       -2.1916117761264539E-014 -0.34022645236228488       0.78539817821427738     
   1.0254816784520671E-003 -0.69427036016217869       -2.0642516817250538E-014 -0.35961454786786273       0.78539817818063407     
   1.2106796731945479E-003 -0.70718073278294646       -1.9151919200611081E-014 -0.37961742261224796       0.78539817814516355     
   1.4201074728941165E-003 -0.72019701673426084       -2.0731030469236098E-014 -0.40017425158608688       0.78539817810776880     
   1.6523046087089099E-003 -0.73307749383350185       -1.8559223257939618E-014 -0.42121224158583459       0.78539817806834511     
   1.9042208124311344E-003 -0.74557965771791856       -1.9677439120266002E-014 -0.44264860498945424       0.78539817802678358     
   2.1711805654618388E-003 -0.75746934784894293       -2.2592032224959220E-014 -0.46439307836759891       0.78539817802680456     
   2.4469552486614532E-003 -0.76852931323126761       -2.1068171202156575E-014 -0.48635081334937436       0.78539817802682654     
   2.7239354683930017E-003 -0.77856683413142491       -1.8919364094523728E-014 -0.50842551226249277       0.78539817802684964     
   2.9933971892468492E-003 -0.78741996844231643       -1.8515090848118688E-014 -0.53052258335418934       0.78539817802687373     
   3.2458516362252610E-003 -0.79496229442295530       -1.9758698596711315E-014 -0.55255219336955008       0.78539817802689971     
   3.4714668733721865E-003 -0.80110607562952829       -1.8445660994502345E-014 -0.57443208336601614       0.78539817802692646     
   3.6605497065291814E-003 -0.80580388793408453       -1.8294037888508858E-014 -0.59609005051417796       0.78539817802695433     
   3.8040740600857603E-003 -0.80904880005400948       -2.0271925239820763E-014 -0.61746601959562142       0.78539817802698420     
   3.8942369184464809E-003 -0.81087321457386530       -1.7516030793459313E-014 -0.63851364098457797       0.78539817802701561     
   3.9250156060095520E-003 -0.81134647094701329       -1.9289877251276785E-014 -0.65920135878116337       0.78539817802704848     
   3.8926921210054033E-003 -0.81057130380795250       -1.7737110492938488E-014 -0.67951289821635275       0.78539817802708300     
   3.7963036231909442E-003 -0.80867925380665362       -2.2922778356072839E-014 -0.69944713084132903       0.78539817802711909     
   3.6379751767245949E-003 -0.80582515126720011       -2.0199098702800825E-014 -0.71901729324945141       0.78539817802715739     
   3.4230929383838316E-003 -0.80218083385997119       -1.7618116733760539E-014 -0.73824956146484144       0.78539817802719791     
   3.1602835471318258E-003 -0.79792830977162232       -2.0389953563977816E-014 -0.75718101686738937       0.78539817802723966     
   2.8611777623730461E-003 -0.79325262574455557       -1.8659695065566472E-014 -0.77585707656847980       0.78539817802728451     
   2.5399517453497111E-003 -0.78833473331719794       -1.5563198037221364E-014 -0.79432849626867341       0.78539817802733070     
   2.2126557591715112E-003 -0.78334465882923432       -1.5607362075421660E-014 -0.81264808215861351       0.78539817802738021     
   1.8963555696132062E-003 -0.77843527039853022       -2.0227545525767841E-014 -0.83086726692533297       0.78539817802743128     
   1.6081251712680711E-003 -0.77373690073845225       -1.8953170224993099E-014 -0.84903271239849598       0.78539817802748546     
   1.3639400516787248E-003 -0.76935303430770219       -1.6217455084698982E-014 -0.86718309841867836       0.78539817802754253     
   1.1775281467336640E-003 -0.76535720846165134       -1.7428761377905215E-014 -0.88534624625504854       0.78539817802760248     
   1.0592412528449557E-003 -0.76179121791012783       -1.9641091053369076E-014 -0.90353670780396733       0.78539817802766543     
   1.0150133530277827E-003 -0.75866465458446619       -1.6440888228652648E-014 -0.92175393091339863       0.78539817802773149     
   1.0454739323222384E-003 -0.75595576309365242       -1.9039899413025781E-014 -0.93998108767454802       0.78539817802780099     
   1.1452834640195420E-003 -0.75361354522023483       -1.9686644654855772E-014 -0.95818462665125814       0.78539817802787382     
   1.3027538919629933E-003 -0.75156100411501292       -2.3419636132430531E-014 -0.97631458145472649       0.78539817802795053     
   1.4998082013537584E-003 -0.74969937875656534       -2.0344187291579476E-014 -0.99430563637283242       0.78539817802803125     
   1.7123193716326313E-003 -0.74791318167069853       -2.1479596177136745E-014  -1.0120789151922587       0.78539817802811596     
   1.9108501258138233E-003 -0.74607581900123066       -1.9015793639740822E-014  -1.0295444228380095       0.78539817802820466     
   2.0617916227489985E-003 -0.74405554434526877       -1.8722181266727630E-014  -1.0466040332519579       0.78539817802829759     
   2.1288731563693375E-003 -0.74172147931786547       -2.0002285889910663E-014  -1.0631548836108706       0.78539817802839573     
   2.0749879489088130E-003 -0.73894942765814875       -2.0291946816961406E-014  -1.0790930078590986       0.78539817802849854     
   1.8642546245573044E-003 -0.73562721765109274       -1.8605161239111998E-014  -1.0943170241124029       0.78539817802860634     
   1.4642119858869762E-003 -0.73165933040715458       -1.7538573432651421E-014  -1.1087316830483758       0.78539817802871970     
   8.4802812197359856E-004 -0.72697060801309732       -1.5847605833810173E-014  -1.1222510887296018       0.78539817802883816     
  -3.4051376580634951E-006 -0.72150888339477603       -1.4971407921814838E-014  -1.1348014193232991       0.78539817802896250     
  -1.0996240046594608E-003 -0.71524642983820641       -1.6366292533553526E-014  -1.1463230018594395       0.78539817802909262     
  -2.4391173165980717E-003 -0.70818018875055877       -1.8915401788745900E-014  -1.1567716305169728       0.78539817802922907     
  -4.0083377602755377E-003 -0.70033079607704352       -1.8994108637525376E-014  -1.1661190598698070       0.78539817802937184     
  -5.7812934815526518E-003 -0.69174048749925632       -1.6587088451017401E-014  -1.1743526504094000       0.78539817802952039     
  -7.7197868725953356E-003 -0.68247001743089086       -2.3086053918917692E-014  -1.1814741911181841       0.78539817802967660     
  -9.7743343502489921E-003 -0.67259477433547588       -1.7249115036694465E-014  -1.1874979701726129       0.78539817802983980     
  -1.1885763226899826E-002 -0.66220031300704996       -1.6107275481700369E-014  -1.1924482076942695       0.78539817803000966     
  -1.3987441068611162E-002 -0.65137755107253703       -1.5377604615241183E-014  -1.1963560011404581       0.78539817803018686     
  -1.6008051526810618E-002 -0.64021789073114022       -1.6854992178338617E-014  -1.1992559624466619       0.78539817803037160     
  -1.7874791197339590E-002 -0.62880852629735351       -1.2449817659463118E-014  -1.2011827440506035       0.78539817803056411     
  -1.9516827551488092E-002 -0.61722818321491424       -1.8158123428448860E-014  -1.2021676572892268       0.78539817803076439     
  -2.0868831192576209E-002 -0.60554350514425082       -1.2264577871474937E-014  -1.2022355802632667       0.78539817803097278     
  -2.1874379232777130E-002 -0.59380626399400782       -1.0910318190230573E-014  -1.2014023333558317       0.78539817803118961     
  -2.2489022281330762E-002 -0.58205151564527302       -1.2081370454578068E-014  -1.1996726699177085       0.78539817803141476     
  -2.2682816538807771E-002 -0.57029676486316117       -1.3951568454283540E-014  -1.1970389891669866       0.78539817803164891     
  -2.2442144950069576E-002 -0.55854214024366033       -1.9483755823169077E-014  -1.1934808305659725       0.78539817803189149     
  -2.1770686532896377E-002 -0.54677151812258007       -2.3045408311464266E-014  -1.1889651571217703       0.78539817803214285     
  -2.0689439195002990E-002 -0.53495447723412237       -1.6136309740102331E-014  -1.1834473827195566       0.78539817803240364     
  -1.9235756164828643E-002 -0.52304891730099090       -1.8845559735057904E-014  -1.1768730494140298       0.78539817803267342     
  -1.7461416394588980E-002 -0.51100413790003874       -1.8193018921353577E-014  -1.1691800181594543       0.78539817803295298     
  -1.5429811440572649E-002 -0.49876415127854301       -2.2508103386199940E-014  -1.1603010039244328       0.78539817803324141     
  -1.3212391263792256E-002 -0.48627099582253752       -2.6591299039286699E-014  -1.1501662659968241       0.78539817803353973     
  -1.0884565148867154E-002 -0.47346782609697868       -2.2572230283709844E-014  -1.1387062584216867       0.78539817803384782     
  -8.5212974610584524E-003 -0.46030158013812361       -2.2288748495189552E-014  -1.1258540544436926       0.78539817803416534     
  -6.1926677214110271E-003 -0.44672506331061035       -1.7310379544161761E-014  -1.1115473823451048       0.78539817803449297     
  -3.9596776351764618E-003 -0.43269833777302136       -1.8738304362525579E-014  -1.0957301463729179       0.78539817803482948     
  -1.8705824227964740E-003 -0.41818936385100258       -2.1120396956432336E-014  -1.0783533529869818       0.78539817803517664     
   4.2000572907596734E-005 -0.40317390010821397       -1.7111936437698013E-014  -1.0593754156230366       0.78539817803553313     
   1.7629956463700580E-003 -0.38763472802150867       -2.4225183058472706E-014  -1.0387618662014240       0.78539817803589940     
   3.2956333245444114E-003 -0.37156032038228881       -2.4196805706970774E-014  -1.0164845541235770       0.78539817803627454     
   4.6609956835510502E-003 -0.35494311556179858       -2.4008569592032258E-014 -0.99252045873309847       0.78539817803665912     
   5.8963419125355188E-003 -0.33777758923426671       -2.9094859190450796E-014 -0.96685027535492862       0.78539817803705281     
   7.0522959580507916E-003 -0.32005832846783089       -2.5322476223092586E-014 -0.93945695460299250       0.78539817803745571     
   8.1890575042784519E-003 -0.30177830926733118       -2.8299300568010216E-014 -0.91032437810449451       0.78539817803786649     
   9.3718681502750201E-003 -0.28292755770708933       -2.1818480253401091E-014 -0.87943634034024587       0.78539817803828660     
   1.0666021193525665E-002 -0.26349233837790909       -2.1031154191480353E-014 -0.84677597699008644       0.78539817803871381     
   1.2131741381409711E-002 -0.24345496500162733       -1.7974990611612407E-014 -0.81232573771708960       0.78539817803914869     
   1.3819277015517883E-002 -0.22279427043086741       -2.1548132389462546E-014 -0.77606794879849517       0.78539817803959189     
   1.5764539151508217E-002 -0.20148671197426271       -2.3832826578383640E-014 -0.73798595375820630       0.78539817804004075     
   1.7985591192399397E-002 -0.17950802796917475       -2.0427402203045112E-014 -0.69806576256498576       0.78539817804049661     
   2.0480238590650401E-002 -0.15683530816899438       -1.7636301119601756E-014 -0.65629808794400368       0.78539817804095835     
   2.3224896126773587E-002 -0.13344929841784037       -1.9332153269228513E-014 -0.61268060518491096       0.78539817804142564     
   2.6174824234278304E-002 -0.10933673321845916       -2.5855734792650136E-014 -0.56722024399900972       0.78539817804189749     
   2.9265732133556099E-002  -8.4492480736502173E-002  -2.7347097139926800E-014 -0.51993531006827043       0.78539817804237400     
   3.2416651083032377E-002  -5.8921294712530603E-002  -2.3960029863873781E-014 -0.47085724142367358       0.78539817804285428     
   3.5533892786880017E-002  -3.2638996108271812E-002  -1.8486478090087387E-014 -0.42003183034877312       0.78539817804333789     
   3.8515832615743761E-002  -5.6729520694158708E-003  -1.1641824206145221E-014 -0.36751978335872870       0.78539817804382339     
   4.1258200627240171E-002   2.1938222820255149E-002  -1.6407112284265143E-014 -0.31339654627871116       0.78539817804431178     
   4.3659529704704880E-002   5.0145752672538180E-002  -2.0943781743890136E-014 -0.25775138409703668       0.78539817804480094     
   4.5626402189057558E-002   7.8892515916361816E-002  -2.6880345400626579E-014 -0.20068577036944024       0.78539817804529122     
   4.7078154726531096E-002  0.10811546863324573       -2.7671494804932718E-014 -0.14231120258076402       0.78539817804578127     
   4.7950744233357767E-002  0.13774849932112510       -2.8917100155649031E-014  -8.2746612384286600E-002  0.78539817804627043     
   4.8199542602080925E-002  0.16772549879605769       -2.9739410756160494E-014  -2.2115577751974591E-002  0.78539817804675804     
   4.7800908655140972E-002  0.19798340710079287       -2.5042038272293920E-014   3.9456435827241343E-002  0.78539817804724377     
   4.6752476759106543E-002  0.22846499801814701       -3.3135666479326536E-014  0.10184457838750482       0.78539817804772716     
   4.5072194965698031E-002  0.25912118135513751       -3.7043388321745056E-014  0.16492665699882281       0.78539817804820677     
   4.2796234394387511E-002  0.28991264230825387       -3.4704213606752995E-014  0.22858455023781321       0.78539817804868206     
   3.9975968728697353E-002  0.32081069259936257       -3.0167230353005794E-014  0.29270488577422071       0.78539817804915257     
   3.6674282397356706E-002  0.35179727503055069       -2.6518532931280493E-014  0.35717893760612718       0.78539817804961798     
   3.2961503885182708E-002  0.38286413583555223       -2.9033151783190830E-014  0.42190177017254094       0.78539817805007706     
   2.8911274071763415E-002  0.41401125121119975       -2.8827669743088821E-014  0.48677072500096763       0.78539817805053014     
   2.4596648313810476E-002  0.44524465942607705       -3.1794069033592318E-014  0.55168340535176519       0.78539817805097534     
   2.0086696648281333E-002  0.47657390188542337       -3.1000379494725782E-014  0.61653535941900550       0.78539817805141321     
   1.5443812723450634E-002  0.50800931096679847       -3.3075013522181571E-014  0.68121768913478675       0.78539817805184309     
   1.0721873799928616E-002  0.53955939599794789       -2.5048942500210972E-014  0.74561481659553941       0.78539817805226442     
   5.9653178240175464E-003  0.57122857018576667       -4.0329056052124454E-014  0.80960262329773158       0.78539817805267687     
   1.2091255998445405E-003  0.60301543130572455       -4.0036933564701140E-014  0.87304714033979103       0.78539817805308010     
  -3.5203766928546543E-003  0.63491176015227779       -4.2918848819294604E-014  0.93580391413918740       0.78539817805347334     
  -8.2040411842143612E-003  0.66690233734143334       -5.1303341252418050E-014  0.99771810707972897       0.78539817805385748     
  -1.2827940795151704E-002  0.69896560685704046       -4.7215763504446861E-014   1.0586253223461419       0.78539817805423129     
  -1.7381150167183890E-002  0.73107513993765849       -3.8096564732360974E-014   1.1183530734155873       0.78539817805459466     
  -2.1853491491143018E-002  0.76320178229766000       -3.8595465673681707E-014   1.1767227580326658       0.78539817805494805     
  -2.6233458629819850E-002  0.79531630731857561       -4.8338162884839026E-014   1.2335519494069516       0.78539817805529133     
  -3.0506502262182877E-002  0.82739235310328851       -4.1308878406570993E-014   1.2886567883265840       0.78539817805562484     
  -3.4653814184117948E-002  0.85940939585340459       -4.3368288298174593E-014   1.3418542512342935       0.78539817805594803     
  -3.8651695113966156E-002  0.89135550796329355       -3.8551820690151218E-014   1.3929640816111188       0.78539817805626100     
  -4.2471532655907751E-002  0.92322966675387619       -4.3820875112067451E-014   1.4418102039860337       0.78539817805656442     
  -4.6080359901202073E-002  0.95504341685287031       -4.1524609559912707E-014   1.4882214878156503       0.78539817805685797     
  -4.9441915351200905E-002  0.98682174262755851       -5.0223393954884111E-014   1.5320317880366261       0.78539817805714207     
  -5.2518085521767510E-002   1.0186030717532581       -5.2609510296164526E-014   1.5730792542381096       0.78539817805741696     
  -5.5270585568527153E-002   1.0504384011666126       -4.3677509388200872E-014   1.6112049649508187       0.78539817805768308     
  -5.7662721989665044E-002   1.0823896063924856       -4.7999992418568522E-014   1.6462510017504428       0.78539817805794054     
  -5.9661084872483450E-002   1.1145270583076190       -4.3954768712100932E-014   1.6780581241933881       0.78539817805819012     
  -6.1237033911333505E-002   1.1469267229851781       -5.1443954253035246E-014   1.7064632374486166       0.78539817805843137     
  -6.2367869952891120E-002   1.1796669559896209       -4.8501443679729188E-014   1.7312968571887453       0.78539817805866541     
  -6.3037618780532156E-002   1.2128252201111565       -4.4913865425992083E-014   1.7523807705826844       0.78539817805889200     
  -6.3237392413482141E-002   1.2464749539657625       -4.1013667586103561E-014   1.7695260691292241       0.78539817805911205     
  -6.2965331487557563E-002   1.2806827990639036       -4.5427558249300424E-014   1.7825316914834275       0.78539817805932577     
  -6.2226166799216998E-002   1.3155063571742716       -2.8899523232605495E-014   1.7911835665267564       0.78539817805953316     
  -6.1030465896828812E-002   1.3509926016697342       -2.6039219290467945E-014   1.7952543934174230       0.78539817805973489     
  -5.9393649743991084E-002   1.3871770105761563       -2.7186947578875235E-014   1.7945040416528464       0.78539817805993095     
  -5.7334873928520214E-002   1.4240834302319492       -2.4685802642909854E-014   1.7886805051413628       0.78539817806012258     
  -5.4875868713757825E-002   1.4617246217445832       -3.1744037864546629E-014   1.7775213041706994       0.78539817806030898     
  -5.2039823411188513E-002   1.5001033923865101       -3.1542352890626477E-014   1.7607552013270080       0.78539817806049050     
  -4.8850384845713801E-002   1.5392141744300538       -3.3145705630934461E-014   1.7381040835606090       0.78539817806066803     
  -4.5330819370318909E-002   1.5790448874152325       -3.9471355708062891E-014   1.7092848633471291       0.78539817806084167     
  -4.1503365535637160E-002   1.6195789077906753       -5.0950082833583207E-014   1.6740112660785593       0.78539817806101064     
  -3.7388782571724621E-002   1.6607969725699938       -4.6981285785206455E-014   1.6319953964977199       0.78539817806117629     
  -3.3006080589160991E-002   1.7026788598908063       -4.2390602253450585E-014   1.5829490108163444       0.78539817806133783     
  -2.8372403564820847E-002   1.7452047170317151       -3.3625999880728117E-014   1.5265844595158127       0.78539817806149581     
  -2.3503026818257222E-002   1.7883559427038236       -4.1376819265522075E-014   1.4626153048572110       0.78539817806165013     
  -1.8411427326710861E-002   1.8321155716506823       -2.8438672903654085E-014   1.3907566529472515       0.78539817806180146     
  -1.3109387499595782E-002   1.8764681523231488       -3.6666530883452178E-014   1.3107252698169143       0.78539817806194834     
  -7.6071002557365208E-003   1.9213991490231450       -3.5754498443694163E-014   1.2222395718253960       0.78539817806209222     
  -1.9132539801254289E-003   1.9668939354273327       -3.1303926990532694E-014   1.1250195915424595       0.78539817806223178     
   3.9649112093811389E-003   2.0129364743353264       -3.4998350620490886E-014   1.0187870206339653       0.78539817806236822     
   1.0021571223270964E-002   2.0595077972381368       -2.9958968199627186E-014  0.90326542192181369       0.78539817806250056     
   1.6252292971110194E-002   2.1065844060473040       -2.9600807901472391E-014  0.77818068522161266       0.78539817806262890     
   2.2653989951937792E-002   2.1541367181585507       -2.4304117720327596E-014  0.64326177800575302       0.78539817806275347     
   2.9224825332101023E-002   2.2021276659004236       -3.1356869700979087E-014  0.49824181506275411       0.78539817806287449     
   3.5964026577336661E-002   2.2505115437363301       -2.4469414763155617E-014  0.34285944383777922       0.78539817806299050     
   4.2871576573756620E-002   2.2992331734932137       -3.0330344552706555E-014  0.17686051668232838       0.78539817806310286     
   4.9947750364827570E-002   2.3482274316416643       -3.6234538309833834E-014  -2.9695850003940106E-014  0.78539817806321066     
