 force-1force-2force-3workmass
   4.4408920985006262E-016   1.0658141036401503E-014  -2.1490512560269858E-014   0.0000000000000000       0.78539817820995284     
  -7.5727029091865461E-009  -1.4057902801454247E-003  -2.2252429937976459E-014  -3.3346232368230630E-007  0.78539817820995284     
  -8.7610771082324845E-008  -5.4205833227527478E-003  -1.6358363617736569E-014  -4.4819288178739314E-006  0.78539817820995261     
  -3.0982730869766328E-007  -1.2103455615694259E-002  -2.2491619463521134E-014  -2.1158622341543171E-005  0.78539817820995284     
  -7.2954240692979511E-007  -2.1512898679269199E-002  -1.4573774627463741E-014  -6.4340160767770160E-005  0.78539817820995261     
  -1.3961738449808081E-006  -3.3701615492606862E-002  -1.2604978719017080E-014  -1.5318204304852479E-004  0.78539817820995261     
  -2.3514898974674736E-006  -4.8708821426462379E-002  -1.8591455854882873E-014  -3.1186427426642405E-004  0.78539817820995284     
  -3.6242037260159066E-006  -6.6549058335596101E-002  -2.2505354668352153E-014  -5.6928641011783077E-004  0.78539817820995261     
  -5.2240041283901917E-006  -8.7220198929674808E-002  -2.2488951237246551E-014  -9.5872690574180797E-004  0.78539817820995272     
  -7.1325658996812535E-006 -0.11070376081179489       -2.0828587706460335E-014  -1.5174285931398301E-003  0.78539817820995261     
  -9.2919562328930283E-006 -0.13694099566262707       -1.6465216135741140E-014  -2.2857640697836468E-003  0.78539817820995306     
  -1.1593296245226981E-005 -0.16583013521521650       -1.8516087923994457E-014  -3.3062519804704649E-003  0.78539817820995284     
  -1.3878552398871591E-005 -0.19725311441823834       -1.9047994775214211E-014  -4.6229269571929077E-003  0.78539817820995284     
  -1.5955047155014057E-005 -0.23107818625961229       -1.8068636540160683E-014  -6.2805463716339993E-003  0.78539817820995284     
  -1.7569548397045054E-005 -0.26707894418908396       -1.1384591416775232E-014  -8.3217016398865473E-003  0.78539817820995284     
  -1.8309727729537428E-005 -0.30478535339201684       -2.0797633649757339E-014  -1.0780219293562321E-002  0.78539817820995261     
  -1.7523504605154727E-005 -0.34337362422477113       -2.1373820562651379E-014  -1.3672234627936986E-002  0.78539817820995284     
  -1.4389248968349477E-005 -0.38170670719831179       -1.7868751264814880E-014  -1.6989598921619442E-002  0.78539817820995284     
  -8.1308163339954831E-006 -0.41853715421033044       -1.2768225999027997E-014  -2.0700181345329138E-002  0.78539817820995295     
   1.7819863828982818E-006 -0.45276916120559463       -1.2103096154670883E-014  -2.4755555231251614E-002  0.78539817820995306     
   1.5585432346476580E-005 -0.48364502073844307       -1.9598664454604447E-014  -2.9101906817534662E-002  0.78539817820995317     
   3.3313714201455014E-005 -0.51078485021340825       -1.8784599425337330E-014  -3.3688573336463357E-002  0.78539817820995350     
   5.4915946690048401E-005 -0.53410179097708266       -2.6419789151955843E-014  -3.8471043583745868E-002  0.78539817820995372     
   8.0303560308525590E-005 -0.55366891168292298       -1.2393310925307743E-014  -4.3409061065732502E-002  0.78539817820995383     
   1.0930581788537452E-004 -0.56960831013724800       -1.5303458041560636E-014  -4.8462762345185872E-002  0.78539817820995417     
   1.4156518550123565E-004 -0.58203262219171137       -2.0229341055038637E-014  -5.3589553748928820E-002  0.78539817820995428     
   1.7644103438874126E-004 -0.59103218688326287       -1.9394975118783877E-014  -5.8742813585380249E-002  0.78539817820995461     
   2.1300631157350480E-004 -0.59668877698701195       -2.0215667464888999E-014  -6.3872364326080344E-002  0.78539817820995506     
   2.5017566779039768E-004 -0.59910528794864071       -2.3638504950573956E-014  -6.8926888603385805E-002  0.78539817820995550     
   2.8689644450352603E-004 -0.59845186796522398       -1.4529896834162245E-014  -7.3859353626782864E-002  0.78539817820995594     
   3.2227471116330619E-004 -0.59502770268549909       -1.8356939925812821E-014  -7.8636519144911876E-002  0.78539817820995617     
   3.5559855593758627E-004 -0.58932362100303237       -1.5526491227461840E-014  -8.3251844270401776E-002  0.78539817820995705     
   3.8638913467137215E-004 -0.58205650346311266       -1.2354550468136605E-014  -8.7738295837478830E-002  0.78539817820995750     
   4.1465894431880201E-004 -0.57414673317777520       -2.1935660559224522E-014  -9.2175665403740670E-002  0.78539817820995828     
   4.4138868466436776E-004 -0.56662939118499267       -1.9134972127218681E-014  -9.6687811793076506E-002  0.78539817820995905     
   4.6898759210911578E-004 -0.56051942142557110       -2.5700469690534920E-014 -0.10142892397006964       0.78539817820995961     
   5.0142226827176728E-004 -0.55667361424224993       -1.9196454025560385E-014 -0.10656265194199976       0.78539817820996083     
   5.4388322797471744E-004 -0.55569472511336215       -1.9737858229427144E-014 -0.11224112697758182       0.78539817820996149     
   6.0216097616461184E-004 -0.55790435934007121       -1.4209519505706056E-014 -0.11859071189845594       0.78539817820996249     
   6.8208243629097609E-004 -0.56338246693420579       -2.6190534368684909E-014 -0.12570800389016146       0.78539817820996316     
   7.8929106770253554E-004 -0.57204749425745760       -1.9546903132995636E-014 -0.13366507741248546       0.78539817820996427     
   9.2940152744258597E-004 -0.58374216767931308       -1.8576986476561924E-014 -0.14251946804629867       0.78539817820996549     
   1.1082865910525541E-003 -0.59829569183631293       -2.4542610186282976E-014 -0.15232322244371765       0.78539817820996660     
   1.3321137239215020E-003 -0.61554705350155103       -1.8712512595582905E-014 -0.16312633022557499       0.78539817820996793     
   1.6068086498552958E-003 -0.63532850908816663       -2.8185202582989631E-014 -0.17497205397530724       0.78539817820996927     
   1.9368576673288729E-003 -0.65741913319338607       -1.9744403489148883E-014 -0.18788419603267670       0.78539817820997060     
   2.3236648858695474E-003 -0.68148518913462119       -2.2150140067506402E-014 -0.20184876781662275       0.78539817820997215     
   2.7639027849986064E-003 -0.70702776996728645       -1.7528536037550038E-014 -0.21679465428776634       0.78539817820997382     
   3.2483316504174908E-003 -0.73335807851670509       -2.2438416294787713E-014 -0.23257923976395833       0.78539817820997559     
   3.7614188921395453E-003 -0.75961522443768814       -1.4542741225924193E-014 -0.24898481726675215       0.78539817820997748     
   4.2818622153966146E-003 -0.78483003375814242       -3.0405294242579488E-014 -0.26572936226700783       0.78539817820997959     
   4.7839206402962020E-003 -0.80802370654084754       -2.3439937743357626E-014 -0.28249117867305706       0.78539817820998192     
   5.2393185404104869E-003 -0.82831762566291545       -2.2100521005890462E-014 -0.29894235603017982       0.78539817820998425     
   5.6193787724581057E-003 -0.84502577199289597       -2.4483918260935859E-014 -0.31478280445808249       0.78539817820998681     
   5.8969516661253607E-003 -0.85770658472932659       -1.8984034178174094E-014 -0.32976632772624814       0.78539817820998958     
   6.0477028862102600E-003 -0.86616473335847566       -2.2794396432725397E-014 -0.34371299601522676       0.78539817820999303     
   6.0505103013879236E-003 -0.87040962403482069       -1.9465829024211089E-014 -0.35650686897498041       0.78539817820999613     
   5.8871318027007291E-003 -0.87059029086743145       -1.4976383057736917E-014 -0.36808300778479097       0.78539817820999924     
   5.5418094341890267E-003 -0.86693140710264238       -1.9699454495758252E-014 -0.37841093595335629       0.78539817821000302     
   5.0018064673054141E-003 -0.85969164006923826       -2.7700640938765842E-014 -0.38748229005937151       0.78539817821000701     
   4.2597617898270101E-003 -0.84915561027663955       -2.5327975812690219E-014 -0.39530836392099022       0.78539817821001079     
   3.3180980445610686E-003 -0.83565804794606180       -2.1687310548714340E-014 -0.40192939036511977       0.78539817821001545     
   2.1947127896533303E-003 -0.81962728676117891       -2.5155297178763724E-014 -0.40743293231271949       0.78539817821001967     
   9.2823662504315507E-004 -0.80162815871430659       -2.4408676992649276E-014 -0.41197497553021289       0.78539817821002478     
  -4.1925943659748555E-004 -0.78238358190434987       -2.2416270522372682E-014 -0.41579539160771528       0.78539817821002988     
  -1.7637982408924557E-003 -0.76275999452505872       -2.4777027634276090E-014 -0.41922012649105778       0.78539817821003488     
  -3.0057725868086749E-003 -0.74371274110787766       -2.4761237066336880E-014 -0.42264581414393998       0.78539817821004054     
  -4.0399419380072743E-003 -0.72620026961505069       -2.7169498005800313E-014 -0.42650766434744192       0.78539817821004609     
  -4.7668765103754396E-003 -0.71108633692737655       -2.9418140532225794E-014 -0.43123678935253373       0.78539817821005231     
  -5.1030947422159301E-003 -0.69905369103914161       -2.1479838880623760E-014 -0.43721671204665569       0.78539817821005808     
  -4.9876202281087245E-003 -0.69054929597797710       -2.5323410991345269E-014 -0.44474921831819358       0.78539817821006452     
  -4.3839563037355589E-003 -0.68577128632374240       -2.2648034533197407E-014 -0.45403668366717831       0.78539817821007141     
  -3.2781081398400858E-003 -0.68469503615579441       -2.1988779060647546E-014 -0.46518253853441216       0.78539817821007851     
  -1.6747392363640756E-003 -0.68712449292322297       -2.7382050356872690E-014 -0.47820560253553879       0.78539817821008540     
   4.0565937850800537E-004 -0.69274898730042445       -1.9663386765104956E-014 -0.49305976824018316       0.78539817821009283     
   2.9259210608412189E-003 -0.70118677396539475       -2.0778133904553440E-014 -0.50964947855609388       0.78539817821010072     
   5.8263184335913820E-003 -0.71200383607467010       -2.9186147649506417E-014 -0.52783398344825549       0.78539817821010893     
   9.0144416095352398E-003 -0.72470724535884656       -2.7247075947311018E-014 -0.54741857822847884       0.78539817821011737     
   1.2354020152502088E-002 -0.73872285710993957       -2.0081656425955745E-014 -0.56813706157704047       0.78539817821012614     
   1.5657561629881300E-002 -0.75337379550829198       -2.6164896436284220E-014 -0.58963432182374476       0.78539817821013558     
   1.8687805449404848E-002 -0.76787681136199915       -1.5804837543526343E-014 -0.61145948737238776       0.78539817821014535     
   2.1171123162122996E-002 -0.78136795504337897       -2.2199304198705553E-014 -0.63307773847031079       0.78539817821015523     
   2.2822501674017559E-002 -0.79295903036567772       -1.8779497667709584E-014 -0.65390333764343112       0.78539817821016622     
   2.3377797623535201E-002 -0.80181546479576227       -2.0753785055524852E-014 -0.67334959311587106       0.78539817821017754     
   2.2626106718247385E-002 -0.80723838394192171       -3.4352217494353480E-014 -0.69088578234996589       0.78539817821018931     
   2.0434614907308912E-002 -0.80873159049051324       -2.4799733799670694E-014 -0.70608859711506433       0.78539817821020175     
   1.6760554996141153E-002 -0.80603848321849014       -1.7263043327908790E-014 -0.71867727801569181       0.78539817821021451     
   1.1649140679194758E-002 -0.79914302801011239       -2.4654671061183736E-014 -0.72852660559605376       0.78539817821022795     
   5.2210205400911036E-003 -0.78823937417540790       -1.8720720271196566E-014 -0.73565842001073811       0.78539817821024138     
  -2.3438889796327800E-003 -0.77368290330373135       -2.1098742639532084E-014 -0.74021803352234272       0.78539817821025548     
  -1.0818676645596881E-002 -0.75593871469781782       -2.2126664032917339E-014 -0.74244489964109839       0.78539817821026991     
  -1.9932666352627137E-002 -0.73554101173096242       -2.4720627930082067E-014 -0.74264639546928635       0.78539817821028424     
  -2.9365115020208776E-002 -0.71306986829045016       -2.7462147368911417E-014 -0.74118002221118928       0.78539817821029922     
  -3.8734220097898842E-002 -0.68914326778840973       -2.9225784117599427E-014 -0.73844424236590100       0.78539817821031466     
  -4.7590255042045726E-002 -0.66441542088161043       -1.9933806653499726E-014 -0.73487354032814167       0.78539817821033020     
  -5.5422506952968575E-002 -0.63956975127775451       -2.2119922401322673E-014 -0.73093089316084559       0.78539817821034608     
  -6.1686616135588679E-002 -0.61529745018237669       -2.6767033589554434E-014 -0.72709156963717270       0.78539817821036240     
  -6.5852564395498803E-002 -0.59225898800286991       -2.4782576512398476E-014 -0.72381573797844823       0.78539817821037927     
  -6.7466010809315691E-002 -0.57103373714644334       -2.0472219747243205E-014 -0.72151235025391713       0.78539817821039637     
  -6.6209799112598944E-002 -0.55206874807736384       -2.9751232329096606E-014 -0.72050119105232469       0.78539817821041435     
  -6.1950784182840835E-002 -0.53563942766137451       -2.5172357796943391E-014 -0.72098202987870330       0.78539817821043267     
  -5.4760679488264685E-002 -0.52183186006594440       -2.8995128189716576E-014 -0.72301862051945953       0.78539817821045199     
  -4.4907365075470551E-002 -0.51055015910450940       -1.8944640942126832E-014 -0.72654126020764132       0.78539817821047231     
  -3.2822180293912595E-002 -0.50154515155199864       -2.1231435880758476E-014 -0.73136631315446721       0.78539817821049285     
  -1.9055624424364481E-002 -0.49445555646573247       -2.9164721744515797E-014 -0.73722657955992865       0.78539817821051450     
  -4.2358080474613757E-003 -0.48885133794275859       -2.6023903516638402E-014 -0.74380435562440894       0.78539817821053726     
   1.0959930134497142E-002 -0.48427116517641355       -3.0970478256162247E-014 -0.75076010294449169       0.78539817821056090     
   2.5818098753461527E-002 -0.48025051064134239       -1.4982330654099446E-014 -0.75775310907914850       0.78539817821058566     
   3.9593913708252160E-002 -0.47634164206315077       -2.3873956731889375E-014 -0.76445465825154635       0.78539817821061164     
   5.1521250161595589E-002 -0.47212957364987229       -2.9607173160598067E-014 -0.77055712186273695       0.78539817821063884     
   6.0841221281730640E-002 -0.46724792486526256       -2.4844848704555980E-014 -0.77578279293654351       0.78539817821066726     
   6.6856525346302931E-002 -0.46139600160244276       -2.4500099748381348E-014 -0.77989426817256557       0.78539817821069680     
   6.9007857159839148E-002 -0.45435485107434470       -1.9806819044565136E-014 -0.78270501108335733       0.78539817821072755     
   6.6957652438912163E-002 -0.44599752276363569       -2.1104466250171443E-014 -0.78408627190256119       0.78539817821075963     
   6.0659912960201012E-002 -0.43628868872865789       -3.2006531665209527E-014 -0.78396624601499543       0.78539817821079327     
   5.0395941082403084E-002 -0.42527128065217701       -3.7093823232568573E-014 -0.78231948187434064       0.78539817821082780     
   3.6764555055672332E-002 -0.41304173618945117       -2.8608579130535680E-014 -0.77914803911217589       0.78539817821086388     
   2.0628604287210806E-002 -0.39971897276899471       -3.8429478621332868E-014 -0.77445896961911442       0.78539817821090063     
   3.0321992158981459E-003 -0.38541372748995673       -2.0336487087152292E-014 -0.76824383472285440       0.78539817821093894     
  -1.4890030610917648E-002 -0.37020385849784321       -3.4820031216404083E-014 -0.76046472031296375       0.78539817821097846     
  -3.1991881783962839E-002 -0.35411831784336600       -2.5629725651532332E-014 -0.75104835181927010       0.78539817821101898     
  -4.7172137332896824E-002 -0.33712935636039121       -2.5159262607801595E-014 -0.73988696980999702       0.78539817821106039     
  -5.9410829347157801E-002 -0.31915071923263749       -2.6114460109195414E-014 -0.72684305714626252       0.78539817821110347     
  -6.7797676864344680E-002 -0.30003990929698565       -3.0660386313965995E-014 -0.71175542979331796       0.78539817821114732     
  -7.1568401990120378E-002 -0.27960455712375643       -2.7148351446953730E-014 -0.69444612217940049       0.78539817821119240     
  -7.0159009963656871E-002 -0.25761508088548046       -2.1679370089262586E-014 -0.67472962502369427       0.78539817821123969     
  -6.3276042812752564E-002 -0.23382649469330730       -2.4704169837990615E-014 -0.65242697639867453       0.78539817821128721     
  -5.0967787601205572E-002 -0.20801053890249843       -2.2998701885175114E-014 -0.62738622585776804       0.78539817821133684     
  -3.3673628312950399E-002 -0.17999570465108139       -2.1121013898636397E-014 -0.59950819725965865       0.78539817821138791     
  -1.2230169302213767E-002 -0.14970881189373930       -2.7093771629929096E-014 -0.56877348902447200       0.78539817821144042     
   1.2176636642589500E-002 -0.11720957037343549       -3.6909990593787947E-014 -0.53526481957838379       0.78539817821149405     
   3.8108484529342235E-002  -8.2710335369013954E-002  -2.7428344711528534E-014 -0.49917921376665841       0.78539817821154956     
   6.4001745736021576E-002  -4.6576917453366562E-002  -2.6368646718346487E-014 -0.46082713501306438       0.78539817821160673     
   8.8298495755889661E-002  -9.3112611933801048E-003  -2.7641636441495085E-014 -0.42061938518008235       0.78539817821166569     
  0.10955847086509252        2.8479203053921154E-002  -1.6991779736362888E-014 -0.37904559013103434       0.78539817821172542     
  0.12653994116129752        6.6119523337386354E-002  -3.7442689619032334E-014 -0.33664880901101224       0.78539817821178726     
  0.13825121335475643       0.10290828233318550       -3.2418089398325601E-014 -0.29399896108009482       0.78539817821185021     
  0.14398435625982486       0.13816092587949313       -1.8891663165802639E-014 -0.25166446223970329       0.78539817821191493     
  0.14334439544750666       0.17125707439033810       -2.5846690730439101E-014 -0.21017900403190382       0.78539817821198077     
  0.13628041775202604       0.20169324495887508       -3.1021840445009204E-014 -0.17000069738393897       0.78539817821204749     
  0.12311383335385528       0.22913893630730264       -3.1703047719816751E-014 -0.13146436041843579       0.78539817821211533     
  0.10454967787764247       0.25348896071945148       -2.4003584033922767E-014  -9.4733131059152598E-002  0.78539817821218438     
   8.1654468270112801E-002  0.27490109651862582       -2.9737921277245743E-014  -5.9759864445940281E-002  0.78539817821225455     
   5.5790529264282185E-002  0.29380815030552476       -2.3654032258624541E-014  -2.6269412048949725E-002  0.78539817821232505     
   2.8509130135738303E-002  0.31089802817040990       -3.6185538111698050E-014   6.2310873569080272E-003  0.78539817821239621     
   1.4178312543222660E-003  0.32706305459857887       -2.0955279785578708E-014   3.8413898220069242E-002  0.78539817821246805     
  -2.3954926782156605E-002  0.34332716102043470       -2.2041401398246009E-014   7.1071379766619813E-002  0.78539817821254043     
  -4.6275731708513845E-002  0.36076335472882626       -2.0290789192216610E-014  0.10504629558737832       0.78539817821261271     
  -6.4488853150260539E-002  0.38041254628958399       -3.3856588742892916E-014  0.14116133381295981       0.78539817821268598     
  -7.7863614828824979E-002  0.40320944897068856       -3.2439554153299090E-014  0.18015288687394460       0.78539817821275848     
  -8.6013743422963529E-002  0.42991528455154793       -2.4476209107558989E-014  0.22260922946485451       0.78539817821283142     
  -8.8898933687671544E-002  0.46105416015887002       -2.5340076315730743E-014  0.26891145873093336       0.78539817821290392     
  -8.6815051767906937E-002  0.49685244147097762       -3.0438590431873523E-014  0.31917808364913647       0.78539817821297619     
  -8.0372455397052178E-002  0.53718676378815644       -4.4407008499353641E-014  0.37321931800606301       0.78539817821304792     
  -7.0456389725420010E-002  0.58155292756480392       -3.8608510923685188E-014  0.43051237872163028       0.78539817821311897     
  -5.8163139327902513E-002  0.62907025806716277       -3.1425214332875146E-014  0.49020969573946616       0.78539817821318869     
  -4.4711059253520702E-002  0.67853151650581012       -2.8888677500127807E-014  0.55118730678444905       0.78539817821325753     
  -3.1334399759579412E-002  0.72849797389399029       -2.3405947269483647E-014  0.61213128341368872       0.78539817821332503     
  -1.9174793942791979E-002  0.77742704250572459       -3.4856542487799796E-014  0.67165022717881584       0.78539817821339120     
  -9.1876081907695806E-003  0.82381167613319306       -2.3266964159655595E-014  0.72839579940439769       0.78539817821345559     
  -2.0761533982120994E-003  0.86630965962149986       -3.6910234306573423E-014  0.78117305327503139       0.78539817821351887     
   1.7412924140511876E-003  0.90384810183399011       -2.1318308706038386E-014  0.82902825774612765       0.78539817821358060     
   2.1349195993636272E-003  0.93569915092958311       -3.7510161174122275E-014  0.87131028864635951       0.78539817821364122     
  -7.5421034426703670E-004  0.96153192084400274       -1.4285792861913728E-014  0.90770878204768124       0.78539817821369973     
  -6.5452132968282228E-003  0.98144755077358781       -2.8752279157083421E-014  0.93827377628472419       0.78539817821375713     
  -1.4657616473547463E-002  0.99599955173022892       -2.8787747399248662E-014  0.96341737247469261       0.78539817821381286     
  -2.4361033745127436E-002   1.0061928542812772       -2.8936138577777733E-014  0.98389282828691371       0.78539817821386737     
  -3.4835703564395359E-002   1.0134487887378754       -4.9175667665792731E-014   1.0007421883332199       0.78539817821391977     
  -4.5242736159055497E-002   1.0195243479935705       -2.3883858550512074E-014   1.0152068958759539       0.78539817821397084     
  -5.4798824799728862E-002   1.0263831402612560       -3.5588740936558161E-014   1.0286041383596416       0.78539817821402025     
  -6.2845359615027796E-002   1.0360295045916068       -2.8259774407262737E-014   1.0421836849501727       0.78539817821406821     
  -6.8900785081492444E-002   1.0503294134758292       -3.9659048772074696E-014   1.0569869189737631       0.78539817821411417     
  -7.2688351539637708E-002   1.0708459547624223       -4.1405990318688597E-014   1.0737310473989918       0.78539817821415825     
  -7.4137172625829528E-002   1.0987118610258513       -2.9899685411980762E-014   1.0927346750305240       0.78539817821420055     
  -7.3360743954489216E-002   1.1345493460110667       -3.2556559675340233E-014   1.1138893380461461       0.78539817821424096     
  -7.0621119999991766E-002   1.1784345459494077       -3.0839189814103399E-014   1.1366728183634134       0.78539817821427971     
  -6.6286677006152761E-002   1.2298972424014387       -2.6652207780882245E-014   1.1601959823666412       0.78539817821431601     
  -6.0789053786012293E-002   1.2879482576662866       -3.3194316062954698E-014   1.1832715131636942       0.78539817821435043     
  -5.4582551315323968E-002   1.3511317832695404       -2.2163077105826061E-014   1.2044997499219718       0.78539817821438263     
  -4.8105911022534364E-002   1.4176081782591758       -3.5262863026061006E-014   1.2223700989363468       0.78539817821441360     
  -4.1746911378424789E-002   1.4852744562293871       -1.9930909728554228E-014   1.2353736365832315       0.78539817821444236     
  -3.5811897578203800E-002   1.5519220914994207       -2.0872549689189269E-014   1.2421209667403215       0.78539817821446889     
  -3.0503483906017426E-002   1.6154205227390328       -3.5181402579426515E-014   1.2414520134798508       0.78539817821449431     
  -2.5909814328415104E-002   1.6739046651140939       -3.2216807285877160E-014   1.2325218217166629       0.78539817821451807     
  -2.2008056161517575E-002   1.7259393555254370       -2.9868693872394748E-014   1.2148512111072129       0.78539817821454017     
  -1.8680716718090462E-002   1.7706381894629004       -4.4883879758930307E-014   1.1883336206087920       0.78539817821456093     
  -1.5740874993692033E-002   1.8077283203411305       -3.0833759061127485E-014   1.1531986173454332       0.78539817821458080     
  -1.2963351490444364E-002   1.8375599636337796       -3.0247442016760275E-014   1.1099437702324861       0.78539817821459890     
  -1.0115156025760297E-002   1.8610712575658823       -3.8306255610111766E-014   1.0592463824461911       0.78539817821461599     
  -6.9810176419669023E-003   1.8797196956179789       -2.5410269854328713E-014   1.0018640538455372       0.78539817821463243     
  -3.3832405419120803E-003   1.8953829359329646       -3.7168413041235289E-014  0.93853570025601396       0.78539817821464730     
   8.0665440360672136E-004   1.9102303860422758       -3.1644892801372960E-014  0.86988892654667094       0.78539817821466162     
   5.6651030437919747E-003   1.9265670947880444       -2.0513347555348266E-014  0.79635781111053960       0.78539817821467461     
   1.1220998457135867E-002   1.9466533998767765       -3.6001569902158408E-014  0.71812067300022076       0.78539817821468727     
   1.7466127593622760E-002   1.9725148612357728       -3.5635017599351147E-014  0.63506693399250969       0.78539817821469848     
   2.4368598462328750E-002   2.0057636684378082       -2.2934474357344507E-014  0.54679792952709727       0.78539817821470925     
   3.1887259690856817E-002   2.0474564666224921       -3.3342016660426818E-014  0.45266373288929662       0.78539817821471924     
   3.9982519836938568E-002   2.0980043267641726       -5.4088138610248238E-014  0.35183108163711951       0.78539817821472901     
   4.8622871529416134E-002   2.1571433223338339       -3.1209869739606947E-014  0.24337341990308148       0.78539817821473756     
   5.7786353459444495E-002   2.2239623073744035       -2.0147801586739153E-014  0.12636955660349780       0.78539817821474611     
   6.7456202023755907E-002   2.2969748936425596       -2.4722119107783913E-014  -2.1377088962519924E-014  0.78539817821475377     
