 force-1force-2force-3workmass
   2.2204460492503131E-015  -8.8817841970012523E-015  -1.9398089615056813E-014   0.0000000000000000       0.78539816362971659     
   2.8536506491150249E-010  -1.3760091356260773E-003  -2.6877011145721214E-014  -3.0440059026410130E-007  0.78539816365187520     
  -1.2331847543123331E-008  -5.3868736730944278E-003  -2.6684481728138988E-014  -4.3278460274773917E-006  0.78539816368824056     
  -6.5042242702872954E-008  -1.2075038401501814E-002  -2.6930843026233725E-014  -2.0797292611243745E-005  0.78539816367279203     
  -1.9088527070110217E-007  -2.1493313582389817E-002  -2.3837970502623040E-014  -6.3718348698400817E-005  0.78539816363925519     
  -4.3477812416981010E-007  -3.3689420945711035E-002  -2.8872016838828394E-014  -1.5225564400193209E-004  0.78539816374403404     
  -8.4197838612354303E-007  -4.8700234851748903E-002  -2.7484976829984613E-014  -3.1057595950229056E-004  0.78539816389382744     
  -1.4584457903588088E-006  -6.6546662052939354E-002  -2.6266981843815795E-014  -5.6760405034397832E-004  0.78539816409586405     
  -2.3196004779180157E-006  -8.7228771150748230E-002  -2.8965372262672723E-014  -9.5665346570103504E-004  0.78539816435706244     
  -3.4409503273380437E-006 -0.11072109411188436       -2.8199825113672173E-014  -1.5149111395753589E-003  0.78539816468403856     
  -4.8065886781856193E-006 -0.13696578273867033       -3.0882646380852850E-014  -2.2827220741078458E-003  0.78539816508320814     
  -6.3861246260010773E-006 -0.16586546985570294       -3.0131607903171193E-014  -3.3026500413652626E-003  0.78539816485740921     
  -8.0135422608762497E-006 -0.19727434636984498       -2.9972873895491957E-014  -4.6182486958614710E-003  0.78539816617271951     
  -9.5348060673572377E-006 -0.23098791781493233       -2.8850841135319343E-014  -6.2724934885375894E-003  0.78539816586108191     
  -1.0697615987265152E-005 -0.26672980856353412       -2.7089632449198227E-014  -8.3058248179772587E-003  0.78539816763820491     
  -1.1197205987301118E-005 -0.30412460470868297       -2.7080423526645020E-014  -1.0753257609135480E-002  0.78539816722901246     
  -1.0568012923428682E-005 -0.34262483288554257       -3.2005819191376655E-014  -1.3639308197415212E-002  0.78539816952706043     
  -8.1457087848235687E-006 -0.38136875541653481       -3.2492346747426311E-014  -1.6968299354222283E-002  0.78539816900812276     
  -2.9341990033238119E-006 -0.41905700422972991       -3.4586479310426754E-014  -2.0711750494132097E-002  0.78539817188675487     
   5.8132327689364161E-006 -0.45409723437343885       -2.9043249390919754E-014  -2.4804145398716115E-002  0.78539817124597922     
   1.8307054857835681E-005 -0.48516694374705338       -2.6431660206734958E-014  -2.9162955118607004E-002  0.78539817476165874     
   3.4026466506187347E-005 -0.51181839037829846       -3.5215856923717417E-014  -3.3725999885552582E-002  0.78539817398918144     
   5.3125692592193019E-005 -0.53445627377930016       -2.9341819693456400E-014  -3.8469108696641108E-002  0.78539817531502787     
   7.5941404380497346E-005 -0.55364766678819777       -3.0950335850187677E-014  -4.3381549916631235E-002  0.78539817440188375     
   1.0295373446078671E-004 -0.56956907976365123       -2.6297073304402995E-014  -4.8431345347877963E-002  0.78539817595814476     
   1.3321508160712980E-004 -0.58211309670888234       -3.0091635391758956E-014  -5.3564533997132235E-002  0.78539817489495212     
   1.6631480103956875E-004 -0.59122436816533330       -2.8575020931974432E-014  -5.8724575548133595E-002  0.78539817669595180     
   2.0123332447985476E-004 -0.59698232532205786       -2.9229412307748054E-014  -6.3861549937331619E-002  0.78539817547447277     
   2.3758823145092478E-004 -0.59952257773870876       -2.9657970916489407E-014  -6.8927521490806054E-002  0.78539817753365915     
   2.7373310657408112E-004 -0.59904364358447282       -2.7456186653312466E-014  -7.3880293115756057E-002  0.78539817724581917     
   3.0897245116445760E-004 -0.59584586368452008       -2.9228372170403821E-014  -7.8688487769440929E-002  0.78539817877818452     
   3.4215283131411312E-004 -0.59035537765107016       -3.1029684852423715E-014  -8.3339473923774943E-002  0.78539817845352977     
   3.7271104838731972E-004 -0.58313976646222088       -2.8698496849383386E-014  -8.7845939658353522E-002  0.78539818017473562     
   4.0050558509330259E-004 -0.57494687518464005       -2.9120164215540183E-014  -9.2258446961113627E-002  0.78539817981164606     
   4.2655428019466868E-004 -0.56673681783158258       -2.7890225037962993E-014  -9.6679054746973137E-002  0.78539818172979736     
   4.5316768455361256E-004 -0.55966935194664202       -2.6443154174805741E-014 -0.10127173158121305       0.78539818132671413     
   4.8480777715464995E-004 -0.55497294223132343       -2.7619233311786174E-014 -0.10625255533851563       0.78539818344954215     
   5.2741668272737741E-004 -0.55367344397252793       -2.7904006500113427E-014 -0.11185009918017608       0.78539818300498188     
   5.8733698139024071E-004 -0.55627392367578210       -3.1148182894369351E-014 -0.11823989886029773       0.78539818534036765     
   6.6886369363761133E-004 -0.56262285794197098       -3.0772698784522945E-014 -0.12549691800943785       0.78539818485258261     
   7.7435818390836353E-004 -0.57212687376081739       -2.9075843372590357E-014 -0.13360573551311283       0.78539818740972123     
   9.0627624575922994E-004 -0.58420797941458247       -3.1318471966347108E-014 -0.14253502054583667       0.78539818687656204     
   1.0706896821286449E-003 -0.59863494088468627       -2.9568857913641981E-014 -0.15230875444310366       0.78539818966593811     
   1.2766030522692873E-003 -0.61548986271544415       -3.1372171852310165E-014 -0.16301676419032862       0.78539818908513914     
   1.5326790900003218E-003 -0.63486868956912446       -3.1869728021732568E-014 -0.17475726403740754       0.78539819211810435     
   1.8434806840477158E-003 -0.65665598771866662       -3.3232130806768593E-014 -0.18758261665827725       0.78539819148710022     
   2.2098050363998922E-003 -0.68050553583901596       -3.6489308503090207E-014 -0.20148076640636070       0.78539819082911633     
   2.6292789920225879E-003 -0.70592613197692700       -3.8703935840856665E-014 -0.21638694920056079       0.78539819014394074     
   3.0955294292036584E-003 -0.73230785638882168       -4.1847098664801287E-014 -0.23218269932366198       0.78539818943072981     
   3.5957227807479342E-003 -0.75889413880926782       -4.2698657814615856E-014 -0.24868234419760693       0.78539818868849787     
   4.1090072673481970E-003 -0.78476872675243392       -3.6084592680662589E-014 -0.26562280023738971       0.78539818791624261     
   4.6065258057526037E-003 -0.80888808267490298       -3.7271888821541074E-014 -0.28266735877901272       0.78539818711298504     
   5.0529917067008157E-003 -0.83015826614875010       -4.1224039135035902E-014 -0.29942581820441827       0.78539818627773905     
   5.4108674241755139E-003 -0.84756847528835522       -3.7814046666672210E-014 -0.31549658860337360       0.78539818540951256     
   5.6476926532114113E-003 -0.86038017228645813       -3.8522491226351396E-014 -0.33053278396013397       0.78539818450734711     
   5.7439241842218713E-003 -0.86830909856827354       -3.9577465184359516E-014 -0.34431423945927531       0.78539818357023172     
   5.6956161787429238E-003 -0.87158655170590471       -3.5285497823023243E-014 -0.35678669302394184       0.78539818259716232     
   5.5073196993968843E-003 -0.87081540127257462       -3.5109864001683329E-014 -0.36803266592538630       0.78539818158692087     
   5.1774878995849427E-003 -0.86666015071419089       -3.6850064306122570E-014 -0.37817698683579870       0.78539818053820831     
   4.6873927058799225E-003 -0.85955074190850134       -3.3527198697462556E-014 -0.38728268186458337       0.78539817944963075     
   4.0056029640709312E-003 -0.84960075910430177       -3.1099714882469995E-014 -0.39531178049682225       0.78539817831972369     
   3.1084127901257474E-003 -0.83678677980203275       -2.7912006680943045E-014 -0.40218042676502908       0.78539817714691873     
   2.0016387771963906E-003 -0.82123066104881559       -3.2794300922657906E-014 -0.40786197190415852       0.78539817592953010     
   7.2761238634289072E-004 -0.80336875731975077       -3.3505086364153840E-014 -0.41245899493720639       0.78539817466578010     
  -6.4372934163259288E-004 -0.78392987224351884       -3.0504329317016351E-014 -0.41620680163274049       0.78539817335375139     
  -2.0261162424199952E-003 -0.76381587675096974       -3.2935197457584356E-014 -0.41943668157824021       0.78539817199142936     
  -3.3197896456798048E-003 -0.74401044690251261       -3.4347142095345961E-014 -0.42254645283498249       0.78539817199147044     
  -4.4099354453424056E-003 -0.72554169284087777       -3.0757661231061838E-014 -0.42599050694315377       0.78539817199153450     
  -5.1723244771952892E-003 -0.70944022882273927       -3.2217388261188379E-014 -0.43026635301710137       0.78539817199159589     
  -5.4909655972625870E-003 -0.69664264239120754       -3.8566847500120799E-014 -0.43587281084713325       0.78539817199159900     
  -5.2823856281971615E-003 -0.68785046539153250       -3.5518479079965119E-014 -0.44324006871718513       0.78539817199166717     
  -4.5169142175947030E-003 -0.68339340975338203       -3.1181580331596892E-014 -0.45265110913389606       0.78539817199173945     
  -3.2269577907957370E-003 -0.68315678817574010       -3.2428698955792375E-014 -0.46418478816877418       0.78539817199185380     
  -1.4932626500936408E-003 -0.68662665299371284       -3.2636897306515783E-014 -0.47771389897385141       0.78539817199192208     
   5.9191488868659548E-004 -0.69306793132069089       -3.2761387758252982E-014 -0.49297637253882076       0.78539817199197381     
   2.9684438924952872E-003 -0.70177415346721617       -3.6868220103619610E-014 -0.50969696595852376       0.78539817199205975     
   5.6279939993491013E-003 -0.71225914018811309       -3.4200921069370005E-014 -0.52769272415812019       0.78539817199218331     
   8.5861448965216525E-003 -0.72427311375265369       -3.9930784940055032E-014 -0.54689085737861376       0.78539817199230166     
   1.1815180761041155E-002 -0.73763462498308030       -4.0977816079779133E-014 -0.56724121180308629       0.78539817199242734     
   1.5179209835782359E-002 -0.75199841553216018       -4.3993726480994844E-014 -0.58858154449242051       0.78539817199256046     
   1.8416401504266489E-002 -0.76671774335708243       -4.7303593633751850E-014 -0.61054712502182262       0.78539817199269923     
   2.1178933641378350E-002 -0.78087406318407027       -4.4870746972338460E-014 -0.63257624602527152       0.78539817199284112     
   2.3100101434806675E-002 -0.79342063744269176       -4.4567189412181686E-014 -0.65398979023183657       0.78539817199298478     
   2.3848847041508137E-002 -0.80333451285120638       -3.8309157141513515E-014 -0.67408541241807818       0.78539817199313033     
   2.3159395570784724E-002 -0.80972012706867247       -4.1087581229810503E-014 -0.69220968527604043       0.78539817199328033     
   2.0853380783977471E-002 -0.81188129513398621       -4.1072864725924204E-014 -0.70781431200555289       0.78539817199343409     
   1.6871277279919994E-002 -0.80939594954610783       -4.2815001295936005E-014 -0.72051476277610860       0.78539817199363804     
   1.1304110416217483E-002 -0.80218896946387908       -4.6835057919844682E-014 -0.73014709744842143       0.78539817199381634     
   4.3967624215213164E-003 -0.79055974713427979       -4.6429851651901733E-014 -0.73679527710535098       0.78539817199392892     
  -3.4981260719959550E-003 -0.77512378458037112       -4.6657632747267839E-014 -0.74076312899235397       0.78539817199410988     
  -1.2007047039189089E-002 -0.75666740897846374       -4.9176596164385454E-014 -0.74248977095529511       0.78539817199431705     
  -2.0823315898343964E-002 -0.73596483081075093       -4.2939510987550586E-014 -0.74243777878488793       0.78539817199452799     
  -2.9743062442271651E-002 -0.71363856319644725       -3.4332400198698803E-014 -0.74100298843143619       0.78539817199475481     
  -3.8617482518416679E-002 -0.69013234365154830       -3.7238995903612417E-014 -0.73848922440868314       0.78539817199497719     
  -4.7239292292383439E-002 -0.66580447235057605       -3.4697620218532923E-014 -0.73515603854027489       0.78539817199521011     
  -5.5230863250219642E-002 -0.64107308080592418       -4.1423761969441920E-014 -0.73130119358082801       0.78539817199546125     
  -6.2009968969498175E-002 -0.61651174447923474       -3.3969561422189776E-014 -0.72731702823376132       0.78539817199572226     
  -6.6863282771880250E-002 -0.59283368970667993       -3.6803254614290341E-014 -0.72368115805229394       0.78539817199603501     
  -6.9091845875220770E-002 -0.57078240032197414       -4.0836818869892859E-014 -0.72088961630720583       0.78539817199633688     
  -6.8159849748802515E-002 -0.55099862554833123       -3.5430795436427592E-014 -0.71937379998325213       0.78539817199663164     
  -6.3798050600215817E-002 -0.53392379384173339       -3.3781686933863424E-014 -0.71943787080908095       0.78539817199690842     
  -5.6054486484930166E-002 -0.51975431008827222       -4.1495685287632659E-014 -0.72122523930869509       0.78539817199717255     
  -4.5303205676209046E-002 -0.50843150233119871       -3.3512135890837801E-014 -0.72470435495174801       0.78539817199745410     
  -3.2208159135622694E-002 -0.49965764502226762       -3.5622639423213061E-014 -0.72966969589834019       0.78539817199774975     
  -1.7626627643126724E-002 -0.49294530097068368       -3.1861472620726452E-014 -0.73576787603598426       0.78539817199808470     
  -2.4558306232922433E-003 -0.48770450184384195       -3.2905450228451777E-014 -0.74255780878459898       0.78539817199844453     
   1.2528653242398491E-002 -0.48334828282081244       -3.0878473908037720E-014 -0.74959366706966524       0.78539817199882245     
   2.6762996501256353E-002 -0.47937648302544122       -3.1316728554446010E-014 -0.75649797433448285       0.78539817199928175     
   3.9855076716371229E-002 -0.47540364523963863       -2.9982490778471363E-014 -0.76299118979415947       0.78539817199969875     
   5.1430187140375949E-002 -0.47112927841749297       -3.0165707802488808E-014 -0.76886894147115381       0.78539817200013629     
   6.0960914725542992E-002 -0.46628449335179223       -3.9144131654128731E-014 -0.77395176823769951       0.78539817200057671     
   6.7704640822309869E-002 -0.46060052876823399       -4.2490697321118597E-014 -0.77804842778172301       0.78539817200102291     
   7.0809638357740567E-002 -0.45382270440132899       -4.3667808495776639E-014 -0.78095868776631594       0.78539817200147177     
   6.9542760952245430E-002 -0.44575620438232111       -3.2428838677050835E-014 -0.78250783291470505       0.78539817200191764     
   6.3523187151787397E-002 -0.43630800136900572       -3.5085704584933390E-014 -0.78258178555106284       0.78539817200237982     
   5.2865741483898887E-002 -0.42549650212685819       -3.0742808663742949E-014 -0.78113603485766703       0.78539817200291440     
   3.8209487861600167E-002 -0.41342512592657865       -2.6435244262723561E-014 -0.77817418152066509       0.78539817200337458     
   2.0656350189135253E-002 -0.40023506579117818       -3.5130949361589281E-014 -0.77371023517283177       0.78539817200385431     
   1.6392686409503199E-003 -0.38605601607524198       -3.7864740322499327E-014 -0.76773211704589217       0.78539817200434292     
  -1.7279394623393785E-002 -0.37096826543200789       -4.3307246074086652E-014 -0.76017850278928822       0.78539817200483630     
  -3.4657099851422402E-002 -0.35498420988296076       -4.4545690378666888E-014 -0.75093578349650159       0.78539817200537898     
  -4.9389598531583090E-002 -0.33805196271971472       -3.9956023625192188E-014 -0.73985584228147427       0.78539817200593609     
  -6.0791801560220904E-002 -0.32007458287060420       -4.0950470236207626E-014 -0.72678510716818590       0.78539817200659190     
  -6.8487401363135803E-002 -0.30092868046464849       -4.5582791702942368E-014 -0.71158585804055008       0.78539817200723960     
  -7.2171777958278227E-002 -0.28046625446771722       -4.1498932931328159E-014 -0.69413351577502835       0.78539817200787754     
  -7.1411699547091700E-002 -0.25849919725480297       -4.9777563940711796E-014 -0.67429258569092587       0.78539817200850226     
  -6.5638161076893908E-002 -0.23478710621398213       -4.9431712577986721E-014 -0.65189596823127771       0.78539817200918471     
  -5.4364216389032549E-002 -0.20905586545916677       -4.9489981864930317E-014 -0.62675619907881663       0.78539817200984097     
  -3.7505829359453458E-002 -0.18105674076778522       -4.0630941258684499E-014 -0.59871540725293193       0.78539817201052187     
  -1.5620267151930989E-002 -0.15064700945624443       -4.3116436063313088E-014 -0.56771132469638252       0.78539817201117357     
   1.0054458996766158E-002 -0.11785900570987495       -4.2437320084099568E-014 -0.53382646356981089       0.78539817201176743     
   3.7748907674103549E-002  -8.2934802241399375E-002  -4.0323131900599111E-014 -0.49730339283786851       0.78539817201245010     
   6.5416528433740240E-002  -4.6322660664710469E-002  -4.8447127866950515E-014 -0.45853059843544042       0.78539817201308271     
   9.1019878692687683E-002  -8.6390407990091234E-003  -3.8370251804908220E-014 -0.41800906476225608       0.78539817201380879     
  0.11280722288087119        2.9401363391307278E-002  -3.9967784001985462E-014 -0.37630245655892436       0.78539817201460738     
  0.12952942334401385        6.7077252064962067E-002  -3.9204855651803766E-014 -0.33397414710208739       0.78539817201528017     
  0.14052042762176598       0.10374330447523317       -4.5766913768295917E-014 -0.29152981221352192       0.78539817201594420     
  0.14559202243691516       0.13886376671335654       -5.3745989198094353E-014 -0.24939561859760140       0.78539817201660278     
  0.14479466852671408       0.17198309289290492       -5.7559752782560939E-014 -0.20794569656395279       0.78539817201727535     
  0.13819802358766253       0.20267092918761165       -5.2367538083333098E-014 -0.16755240103767921       0.78539817201793349     
  0.12584753359885781       0.23051156104436998       -4.9477523788620112E-014 -0.12860295497074770       0.78539817201860718     
  0.10793424847319244       0.25518532872906619       -4.2254749129271955E-014  -9.1439284589785785E-002  0.78539817201927598     
   8.5059415426773199E-002  0.27662099304988885       -3.7132925717951031E-014  -5.6231261280939471E-002  0.78539817201997053     
   5.8405808643307466E-002  0.29513716297050863       -4.5062511756573392E-014  -2.2846515217978869E-002  0.78539817202064499     
   2.9694330044268469E-002  0.31148811598445647       -3.4774361208071786E-014   9.2103815975477232E-003  0.78539817202129436     
   9.4228415533592624E-004  0.32678416440349345       -3.3749577930169662E-014   4.0755143422736673E-002  0.78539817202191453     
  -2.5863356908171653E-002  0.34232057983615682       -3.9320886925326567E-014   7.2794763098722015E-002  0.78539817202253281     
  -4.9060396640985715E-002  0.35937739180160833       -4.5412026106831116E-014  0.10635827941555753       0.78539817202313444     
  -6.7505433240730994E-002  0.37904540588221636       -5.2916847147030069E-014  0.14233610864219060       0.78539817202373230     
  -8.0639423953490663E-002  0.40211945664484716       -4.3684899692997510E-014  0.18137148579828732       0.78539817202432272     
  -8.8418544833920976E-002  0.42908657134247008       -4.8543668221759740E-014  0.22383703262344667       0.78539817202489848     
  -9.1140096241552726E-002  0.46020457224654265       -5.1143739854566082E-014  0.26989696568324106       0.78539817202542483     
  -8.9247717271453197E-002  0.49561078084123089       -5.4004274494128925E-014  0.31960137691840274       0.78539817202600126     
  -8.3224236972018417E-002  0.53536184703919076       -6.7036919735453914E-014  0.37292330652959471       0.78539817202663864     
  -7.3628324490913499E-002  0.57933718402028234       -6.7747915687281614E-014  0.42967845667148374       0.78539817202718809     
  -6.1226140474927249E-002  0.62703841956292727       -7.9259573024714573E-014  0.48935662372988276       0.78539817202775108     
  -4.7093910798649219E-002  0.67741300849503361       -7.3997607834529561E-014  0.55097657033090819       0.78539817202827777     
  -3.2584719127541462E-002  0.72884024214661736       -8.9411042495063478E-014  0.61308153236215190       0.78539817202887419     
  -1.9146043427808124E-002  0.77933033187203371       -8.8052950202408077E-014  0.67391410120798589       0.78539817202940954     
  -8.0666347533870919E-003  0.82687047949065473       -8.6134886764140212E-014  0.73170938079054260       0.78539817202993789     
  -2.6030015248501570E-004  0.86978622485667145       -9.0125203263531950E-014  0.78499308323186412       0.78539817203044904     
   3.8401147392708168E-003  0.90699569919267731       -8.0103556133528830E-014  0.83278437917561732       0.78539817203095075     
   4.2613520109373582E-003  0.93808732899801939       -9.2304190147636503E-014  0.87465216801898116       0.78539817203139095     
   1.3693614882868133E-003  0.96321562532532212       -8.4416674504235638E-014  0.91062788678755169       0.78539817203185169     
  -4.2922846572768236E-003  0.98287835785668776       -1.0322220783152250E-013  0.94103044581214412       0.78539817203223583     
  -1.2134994821391132E-002  0.99770065794816531       -9.6559751523040726E-014  0.96630087045328850       0.78539817203258067     
  -2.1575332567753236E-002   1.0083635591506024       -9.7554887924771840E-014  0.98694494748668582       0.78539817203300855     
  -3.2000368810111368E-002   1.0157340373015842       -9.9232690276494250E-014   1.0036156499959326       0.78539817203338580     
  -4.2704875103904527E-002   1.0211080890732021       -6.5880950997689803E-014   1.0172607972646865       0.78539817203374862     
  -5.2878779414123223E-002   1.0263714346667392       -5.7297586318133453E-014   1.0291940344490538       0.78539817203409146     
  -6.1686678813529738E-002   1.0339086378485582       -5.3378376905878832E-014   1.0409810185725714       0.78539817203442497     
  -6.8414066610035462E-002   1.0462414403694353       -5.7298761957449753E-014   1.0541486854110378       0.78539817203475604     
  -7.2609427703061336E-002   1.0655395625918445       -6.6070003789650797E-014   1.0698363183955184       0.78539817203507778     
  -7.4156335392870254E-002   1.0932100012230173       -7.8733371779730454E-014   1.0885366030455330       0.78539817203540985     
  -7.3251183182123647E-002   1.1297132103215830       -6.1269595453117896E-014   1.1100189062895609       0.78539817203573092     
  -7.0306310790421378E-002   1.1746394600357135       -7.0237814046969285E-014   1.1334384395325987       0.78539817203604734     
  -6.5823206471262274E-002   1.2269751873361834       -6.0223516559233321E-014   1.1575643451069055       0.78539817203639384     
  -6.0283844267897457E-002   1.2854248825285346       -4.1240561733271622E-014   1.1810253779325386       0.78539817203675155     
  -5.4094227524593919E-002   1.3486370307193525       -3.6387065383025015E-014   1.2024765180920678       0.78539817203710482     
  -4.7586602614160700E-002   1.4152311243789697       -4.3731542576731532E-014   1.2206374949243912       0.78539817203749573     
  -4.1055380551265230E-002   1.4836417060902605       -4.6151782582316110E-014   1.2342340840827060       0.78539817203779405     
  -3.4785166551866809E-002   1.5519298475209879       -5.6752001931827061E-014   1.2419407673142029       0.78539817203817541     
  -2.9040883603899115E-002   1.6177629924955212       -4.8451714294720099E-014   1.2424250129767529       0.78539817203847906     
  -2.4022250323269212E-002   1.6786731829815267       -4.4257875319172040E-014   1.2345183731890845       0.78539817203877260     
  -1.9812672141375831E-002   1.7325246430939245       -3.8919625957228818E-014   1.2174413516996134       0.78539817203911222     
  -1.6355470969997121E-002   1.7779832592272555       -5.2789961589733091E-014   1.1909621791789649       0.78539817203936413     
  -1.3470198433988223E-002   1.8147766954377502       -5.4232389779358317E-014   1.1554048578742995       0.78539817203987639     
  -1.0897837484607376E-002   1.8436520459172101       -5.2954010975598899E-014   1.1115054017567161       0.78539817204025075     
  -8.3531775097744898E-003   1.8660882471553322       -4.1346314019976769E-014   1.0601867771827855       0.78539817204081763     
  -5.5676566282949480E-003   1.8839189248162569       -4.2762838553398205E-014   1.0023452853031110       0.78539817204113993     
  -2.3171976700253616E-003   1.8990356332982472       -4.5692107025464510E-014  0.93871495574997432       0.78539817204145423     
   1.5624634002087134E-003   1.9132791336843091       -5.8918159690956767E-014  0.86982496817182398       0.78539817204175733     
   6.1690181932676502E-003   1.9285135231954804       -6.8755200956135498E-014  0.79601551387477132       0.78539817204202089     
   1.1534417404867270E-002   1.9467615396883957       -6.4574183530175372E-014  0.71745420175904639       0.78539817204222739     
   1.7635424244666353E-002   1.9702264101639777       -6.1038434336040409E-014  0.63411176409466563       0.78539817204248807     
   2.4415454649350243E-002   2.0010843531194382       -5.6628058199172602E-014  0.54570268725090854       0.78539817204265749     
   3.1814123574880782E-002   2.0410793563397647       -3.9408228377778334E-014  0.45163985280971075       0.78539817204295947     
   3.9794436443322256E-002   2.0910921921640480       -4.7006334071200431E-014  0.35105799650612757       0.78539817204324769     
   4.8355363909271309E-002   2.1508908998288909       -5.0801668480750312E-014  0.24292378699732342       0.78539817204357543     
   5.7522731018411433E-002   2.2191783620773116       -7.4896097832177551E-014  0.12619952903067544       0.78539817204386320     
   6.7321697276277126E-002   2.2939006245431131       -7.4892988065423556E-014  -2.1359020505423545E-014  0.78539817204413076     
