 force-1force-2force-3workmass
   2.2204460492503131E-015  -8.8817841970012523E-015  -1.9398089615056813E-014   0.0000000000000000       0.78539816362971659     
   1.4210410625992154E-011   4.0817127455738955E-011  -2.4799312756734822E-014  -1.2755364138018494E-008  0.78539816362991544     
  -2.8346214264729497E-012  -2.9253044431243325E-011  -2.8421490694005497E-014  -1.9737263002488417E-007  0.78539816363641757     
   1.7692514120426495E-012   4.7357673338410677E-012  -2.2039454096301780E-014  -9.8122052184963782E-007  0.78539816363927328     
  -2.3708590646265293E-011  -6.0609295360336546E-011  -2.6127530754139266E-014  -3.0516283487684245E-006  0.78539816364734227     
  -2.7169377858626831E-012   6.8585137569243670E-012  -3.0817547016982529E-014  -7.3199759304132944E-006  0.78539816365065818     
  -3.7165825972351740E-012   2.1103119252074976E-011  -2.5111314815232453E-014  -1.4866810070695083E-005  0.78539816371315296     
   1.7180035172259522E-011   9.7005070642808278E-011  -3.0110202838039692E-014  -2.6861756613327098E-005  0.78539816374011107     
  -9.0487617399048759E-012  -3.8864911289238080E-011  -2.6007123721589973E-014  -4.4467226173940111E-005  0.78539816377615213     
   5.8619775700208265E-013   1.3178791391510458E-011  -2.9327456988644533E-014  -6.8716651776466048E-005  0.78539816378644567     
  -2.2746249328520207E-012  -2.6876278980125790E-012  -2.2900053695394777E-014  -1.0038257879015078E-004  0.78539816379909655     
  -4.4653170050423796E-012  -8.8000717823888408E-012  -3.1407324692447800E-014  -1.3983278302548419E-004  0.78539816381425298     
  -1.4705570094974973E-011  -3.7744030123576522E-011  -2.5174715809508789E-014  -1.8689523578212242E-004  0.78539816383215322     
   3.1730174043786974E-012  -5.7180926660294062E-012  -3.0338140712466360E-014  -2.4073732820831251E-004  0.78539816382443906     
   1.1991740933581241E-011   1.7228884985343029E-011  -2.6440943496581436E-014  -2.9979995819290339E-004  0.78539816381538774     
   7.1893602182626637E-012   2.9935165457573021E-011  -2.2260867215694955E-014  -3.6181073822179333E-004  0.78539816380486105     
   8.8284934918192448E-012   3.4344083132964442E-011  -2.4745946128280101E-014  -4.2405105683074318E-004  0.78539816379297456     
   7.9576345513032720E-012   4.2192027649434749E-011  -2.5640731783171072E-014  -4.8411693796969468E-004  0.78539816380964167     
   1.5479173498533783E-011   6.4895644413809350E-011  -2.5599416056651355E-014  -5.4121987361056834E-004  0.78539816382791861     
   2.2752910666667958E-011   9.8975050377703155E-011  -2.8587032243984113E-014  -5.9731036913850122E-004  0.78539816384777150     
   4.8116621798044434E-011   1.6232526434123429E-010  -3.0435239132718305E-014  -6.5658259654799433E-004  0.78539816386916950     
   5.7767568506505995E-011   1.8452084304954042E-010  -2.9844280625568599E-014  -7.2317592504325678E-004  0.78539816389212147     
   4.8063775182072277E-012   3.2981617437144450E-011  -2.9910604406113673E-014  -7.9934763939842890E-004  0.78539816391667350     
   5.0581761001922132E-012   1.4832579608992091E-011  -3.2879922966365504E-014  -8.8627601562854541E-004  0.78539816394278572     
  -1.9801937867214292E-012  -1.9671375639518374E-011  -2.8665658844698492E-014  -9.8606296163042395E-004  0.78539816397044460     
  -4.1764813829558989E-011  -1.0681588946681586E-010  -3.2932661661681746E-014  -1.1019888735017414E-003  0.78539816399966100     
  -5.3619331197296560E-011  -1.3501555429229484E-010  -3.1056784439753459E-014  -1.2371179321533643E-003  0.78539816403044627     
  -6.0166982507325883E-011  -1.3723067127102695E-010  -3.1422875638268709E-014  -1.3933614209558354E-003  0.78539816406284646     
  -5.8705040828499477E-011  -1.3229062290065485E-010  -3.0188232244643518E-014  -1.5712952954166082E-003  0.78539816409690966     
  -4.8432369226247829E-011  -1.2501644164331083E-010  -3.4606294224377729E-014  -1.7697696006296892E-003  0.78539816413270391     
  -3.8635317167745598E-011  -1.2091305734429625E-010  -3.0054981939321022E-014  -1.9853250696324487E-003  0.78539816417027875     
  -3.4319214137212839E-011  -1.2129675042160670E-010  -3.0815186142070401E-014  -2.2119350508846836E-003  0.78539816420966690     
  -4.1239456294306365E-011  -1.2342482591520820E-010  -3.2982094354001366E-014  -2.4412229562127408E-003  0.78539816425082276     
  -4.8700599108997267E-011  -1.1163336921526934E-010  -3.3228361255303762E-014  -2.6633373787829928E-003  0.78539816429357967     
  -3.4984015684358383E-011  -1.0252954041334306E-010  -3.1825755187659195E-014  -2.8687763111646669E-003  0.78539816427208586     
  -1.5890844196064791E-011  -3.9971581600184436E-011  -3.1817130467054764E-014  -3.0510802937542270E-003  0.78539816438777144     
  -4.4589221204205387E-011  -1.6908963118567044E-010  -2.9793895103951853E-014  -3.2091678342451302E-003  0.78539816436606458     
  -1.5401013797600172E-011  -8.4728668525713147E-011  -3.4544343905021586E-014  -3.3479991044906843E-003  0.78539816448463640     
  -5.5708770929641105E-011  -2.2412116607029020E-010  -3.0008899904565942E-014  -3.4760133233819324E-003  0.78539816446303379     
  -3.6816327764199741E-011  -1.6635404165299406E-010  -3.3624764151695011E-014  -3.6011407914152693E-003  0.78539816458369505     
  -6.1109783899837566E-011  -2.4091129091630137E-010  -3.4934036679353924E-014  -3.7280460221059131E-003  0.78539816456214229     
  -4.1652903348676773E-011  -2.0376944576128153E-010  -3.3355186731270170E-014  -3.8595683339339715E-003  0.78539816468473345     
  -5.8018922999281131E-011  -2.1599966260055226E-010  -3.3422730999396734E-014  -4.0001844198975789E-003  0.78539816466352286     
  -1.1364198471142117E-010  -4.4362202800130035E-010  -3.0293054151207743E-014  -4.1581748808796615E-003  0.78539816478656554     
  -5.5810911447906619E-011  -2.0610357864825346E-010  -3.3303489545656676E-014  -4.3436575689406176E-003  0.78539816476556013     
  -1.3291057143760554E-010  -4.8683190811971144E-010  -3.0475136871058222E-014  -4.5651675059531494E-003  0.78539816489036141     
  -5.7726268209989939E-011  -2.1417179141280940E-010  -3.2920648123406317E-014  -4.8269309040187558E-003  0.78539816486880298     
  -1.4157119920810146E-010  -4.7424464355572127E-010  -2.9483314698648773E-014  -5.1282421148891588E-003  0.78539816499809045     
  -6.4704241964363973E-011  -2.2255974840845738E-010  -3.3156267658165470E-014  -5.4628512772039173E-003  0.78539816497543780     
  -1.3488055117250042E-010  -4.4314063529782288E-010  -2.7547821322375482E-014  -5.8188851210633219E-003  0.78539816511045324     
  -5.9043880895615075E-011  -2.3061730303197692E-010  -2.9715901425008984E-014  -6.1793262102485258E-003  0.78539816508717286     
  -1.1186029880150272E-010  -4.2048853288179089E-010  -3.1614080274108416E-014  -6.5247973548836491E-003  0.78539816522450068     
  -5.4121596093636981E-011  -2.2575541436253843E-010  -2.6535220528616364E-014  -6.8372441573166798E-003  0.78539816520270223     
  -1.0027889629782294E-010  -3.8101077848295972E-010  -2.9715058844519559E-014  -7.1043427609096543E-003  0.78539816533295492     
  -6.9823258286305645E-011  -2.0592239025063463E-010  -2.9467708984832611E-014  -7.3217113064942829E-003  0.78539816531512840     
  -2.4015456290271686E-011  -1.2263079440799629E-010  -2.9847198764378026E-014  -7.4926501462796447E-003  0.78539816543011642     
  -8.0752737829925536E-011  -2.1922552662090311E-010  -3.3642009826717476E-014  -7.6241709571673866E-003  0.78539816541683538     
  -1.0824230400885426E-011  -8.5776719060959294E-011  -2.9333871762880614E-014  -7.7230281633710041E-003  0.78539816551649666     
  -8.3094864322674766E-011  -2.4864910130872886E-010  -3.1898890395972700E-014  -7.7936355811151214E-003  0.78539816550740393     
  -1.4986678564810063E-011  -1.0071588008031540E-010  -3.1275633731712928E-014  -7.8407699939428976E-003  0.78539816559187203     
  -9.3727248184904965E-011  -2.7223556742228538E-010  -2.7404823972271859E-014  -7.8734441302923397E-003  0.78539816558761755     
  -3.9959147102308634E-011  -1.8807178037150152E-010  -2.7990401785166814E-014  -7.9075014576326375E-003  0.78539816565397935     
  -8.4066975603036553E-011  -2.4596680248123448E-010  -3.3327662452464349E-014  -7.9630360229641095E-003  0.78539816565367115     
  -1.2576695240795743E-010  -4.6064485559327295E-010  -3.1124586775906205E-014  -8.0595769897535696E-003  0.78539816570807164     
  -6.6780359020413016E-011  -2.1331736377305788E-010  -3.5189073811638585E-014  -8.2106114834346045E-003  0.78539816570849430     
  -1.1988632309112290E-010  -4.2005510181297723E-010  -3.4642957763136753E-014  -8.4211436062000544E-003  0.78539816576308563     
  -6.6942895671218139E-011  -2.1919710491147271E-010  -3.8647071973993946E-014  -8.6865130191275952E-003  0.78539816576202193     
  -1.1349499118296080E-010  -3.8604675012265943E-010  -4.0985950317261347E-014  -8.9934143743342077E-003  0.78539816582219713     
  -7.7317707791735302E-011  -2.5444713003253128E-010  -3.8431973206272730E-014  -9.3214061787658675E-003  0.78539816582071620     
  -1.3695800049617901E-010  -4.3509373881533975E-010  -3.0594178843698960E-014  -9.6469177331763856E-003  0.78539816587865185     
  -9.0343288405847488E-011  -3.0355629121459060E-010  -3.4479790475165849E-014  -9.9473710578523722E-003  0.78539816588123124     
  -2.4463542303010399E-011  -1.7468337887294183E-010  -3.6998342967323913E-014  -1.0205513094498908E-002  0.78539816591819089     
  -9.0891738580012316E-011  -3.3752911576812039E-010  -3.7229878149327305E-014  -1.0410390217572951E-002  0.78539816592891731     
  -5.8841820305133297E-013  -8.0651929579289572E-011  -3.7564596482235782E-014  -1.0556497789506514E-002  0.78539816593329936     
  -8.4220186380434825E-011  -3.3612224115131539E-010  -3.6154685056231051E-014  -1.0640574235907474E-002  0.78539816595262946     
  -2.2817303602096217E-012  -1.4615864074585261E-011  -3.1888940822547391E-014  -1.0660466895941356E-002  0.78539816592547607     
  -8.4192208760214271E-011  -3.2425795382096112E-010  -4.0287383480609810E-014  -1.0615556509380619E-002  0.78539816595355694     
  -9.1926466438962962E-014   1.0214051826551440E-011  -3.7651165808442592E-014  -1.0510282206366517E-002  0.78539816589162237     
  -7.7948314469722391E-011  -3.3392311138413788E-010  -3.7400389029798674E-014  -1.0356269831238274E-002  0.78539816593006995     
   1.0327738664273056E-011  -1.0613732115416497E-011  -3.2036110081611701E-014  -1.0173115236720598E-002  0.78539816582826405     
  -7.8679285309135594E-011  -3.4647840152501885E-010  -3.2773124221804773E-014  -9.9851807493469558E-003  0.78539816587461031     
  -8.2556184111126640E-013  -2.2330581828100549E-011  -3.6187686469748464E-014  -9.8178614692123745E-003  0.78539816574822485     
  -8.7830631656515834E-011  -3.1855051929596812E-010  -3.3264135053035139E-014  -9.6926338738125839E-003  0.78539816579540433     
  -3.9128700279889017E-012   2.0587975768648903E-012  -3.9091995547833178E-014  -9.6241514794324079E-003  0.78539816567105436     
  -7.5105699437472140E-011  -2.5050717056274152E-010  -3.9029390590190598E-014  -9.6177912853869785E-003  0.78539816571439358     
   9.1779916999712441E-012   3.4734881637632498E-011  -3.5285892996407390E-014  -9.6702298452189250E-003  0.78539816560330356     
  -5.2057913535463740E-011  -1.8134649337753217E-010  -3.6408225213253062E-014  -9.7707515178269144E-003  0.78539816564442122     
   1.8386181466212292E-011   7.0215833147813100E-011  -3.7611088751618002E-014  -9.9044463700386220E-003  0.78539816553475195     
  -3.9955594388629834E-011  -1.1120349086013448E-010  -4.0290337561765805E-014  -1.0053912971137668E-002  0.78539816557913478     
   2.4394708475483640E-011   1.4013501470344636E-010  -3.5544774189729698E-014  -1.0200955308999893E-002  0.78539816545029040     
  -1.6763479493420164E-011  -6.0587979078263743E-011  -4.0485171667549413E-014  -1.0326649261367171E-002  0.78539816550166164     
   1.7724488543535699E-011   8.7984730612333806E-011  -3.7873419516663456E-014  -1.0412843824330720E-002  0.78539816534418516     
   2.1254109583423997E-011   1.0769163338864018E-010  -3.3690831469079459E-014  -1.0443441303852774E-002  0.78539816540360818     
   3.7558400833859196E-011   1.4453505059464078E-010  -3.8258314228541644E-014  -1.0407014148024585E-002  0.78539816521381767     
   3.3836045076895971E-011   2.0945734036104113E-010  -4.1871142909128069E-014  -1.0297453884895669E-002  0.78539816528396844     
   1.9822365970867395E-011   1.0091127933264943E-010  -3.4370188382746691E-014  -1.0114233663127692E-002  0.78539816504950233     
   4.1227465885640413E-011   2.2993873471932602E-010  -3.6856187187816900E-014  -9.8607747391741274E-003  0.78539816513284122     
   2.9889868358168314E-011   1.1197087701475539E-010  -3.5303170791331134E-014  -9.5445040419313010E-003  0.78539816484858360     
   3.8247183198336643E-011   1.9490187241899548E-010  -3.5191206955762432E-014  -9.1769855059229410E-003  0.78539816494157644     
   2.2720492154348904E-011   2.3504753698944114E-011  -3.5789926605666683E-014  -8.7754009239189301E-003  0.78539816462716505     
   3.3558489320739682E-011   1.3040590829405119E-010  -2.9762016947209378E-014  -8.3615899974347485E-003  0.78539816472202084     
   1.7159607068606419E-011  -3.6393998925632332E-011  -3.1967906925463972E-014  -7.9601157502209308E-003  0.78539816440606880     
   2.9409807922320397E-011   7.4148687190245255E-011  -2.9063064471729893E-014  -7.5939369324153905E-003  0.78539816449739031     
  -7.1581851557311893E-011  -3.9928238493303070E-010  -3.2076525316770380E-014  -7.2810107866054796E-003  0.78539816466463186     
  -6.3157035157246355E-011  -3.4745539778668899E-010  -3.2752137913059620E-014  -7.0310445620707096E-003  0.78539816482893698     
  -4.6988635205025275E-011  -2.7856117412738968E-010  -2.7458956116877066E-014  -6.8442214034774018E-003  0.78539816499101167     
  -2.2614354833194739E-011  -2.1930190996499732E-010  -3.4624813456292123E-014  -6.7118923090834226E-003  0.78539816515146155     
  -1.0265122085684197E-011  -1.8510348809286370E-010  -3.3562276888928534E-014  -6.6195784430169713E-003  0.78539816531099405     
  -3.9374725702145952E-011  -2.0912338527523389E-010  -3.9050631831774820E-014  -6.5512388818662615E-003  0.78539816547056618     
  -4.2153835977387644E-011  -1.9326407141306845E-010  -3.0081041463248789E-014  -6.4926172142154570E-003  0.78539816563140308     
  -6.1117333416405017E-011  -1.2023804174532415E-010  -3.3564466756538442E-014  -6.4317291125277620E-003  0.78539816579482791     
  -4.5696779693571443E-011  -7.6695982897945214E-011  -2.6249576838154175E-014  -6.3565582207132376E-003  0.78539816596209944     
  -3.7500669236578688E-011  -2.5536905923218001E-011  -3.3234920854942747E-014  -6.2523112426506877E-003  0.78539816613431102     
   4.9798831724956472E-011   1.5683809806432691E-010  -3.4641864410994099E-014  -6.1011062722733378E-003  0.78539816631233883     
   5.4245941072394999E-011   2.6192026325588813E-010  -3.2652590190936618E-014  -5.8851436387552525E-003  0.78539816649676686     
   1.7141843500212417E-013   1.8495072140467528E-010  -3.6608511100893042E-014  -5.5917857242626656E-003  0.78539816668768159     
   7.7755579752647463E-012   2.0256152311048936E-010  -3.4376412095630664E-014  -5.2177271233502243E-003  0.78539816688444697     
   5.6813220794538211E-011   2.2367885321727954E-010  -3.0722074195144895E-014  -4.7702594252525543E-003  0.78539816708560517     
   7.1689321146095608E-011   7.8848927387298318E-011  -3.4653315670414960E-014  -4.2653922250956988E-003  0.78539816728891187     
   3.9203307267143828E-011   5.9383609141150373E-011  -3.0350093850925875E-014  -3.7238944481770009E-003  0.78539816749162683     
   5.1607607076675777E-012  -2.5767832312340033E-011  -3.2417699131573195E-014  -3.1668389287915488E-003  0.78539816769104764     
  -1.0673240069536405E-011  -2.4650148588989396E-010  -3.4809665879682527E-014  -2.6122769186771588E-003  0.78539816788504191     
  -8.3549167584351380E-011  -2.7695179483089305E-010  -2.7729461643656706E-014  -2.0741792309781903E-003  0.78539816807248086     
  -1.5822454457747881E-010  -6.0078519936723751E-010  -3.1212726500879850E-014  -1.5635118095618239E-003  0.78539816825286612     
  -7.2863493016939174E-011  -2.3802471105227596E-010  -3.6645564891886648E-014  -1.0898309529008277E-003  0.78539816842611065     
  -1.0226841595795122E-010  -3.7961100929351232E-010  -3.8733994075351555E-014  -6.6143111232364049E-004  0.78539816859189271     
   7.4729999965938987E-011   5.7730176195036620E-010  -3.7658200800764889E-014  -2.8349382782000276E-004  0.78539816874930346     
   8.1681772456931867E-011   6.8998318170088169E-010  -4.2781045266110371E-014   4.4261909849740988E-005  0.78539816889742009     
   6.7367889045044649E-011   7.6257222758613352E-010  -3.4802850687864260E-014   3.2824130858810641E-004  0.78539816903595205     
   2.5202950837410754E-011   7.0748029656897415E-010  -3.6441075546535100E-014   5.7914758864341387E-004  0.78539816916585292     
  -1.0568879105221640E-011   5.9157656551178661E-010  -3.6243308401238956E-014   8.0897977212357475E-004  0.78539816928929473     
  -1.2412915140203040E-010  -7.1755934527573118E-010  -3.6983710682492755E-014   1.0289907685119282E-003  0.78539816800176832     
  -1.1146461531552632E-010  -6.6521366193228459E-010  -3.8690117701932613E-014   1.2495704200601310E-003  0.78539816674932461     
  -2.1461943333633826E-011  -2.2749091499463248E-010  -4.3353360829343001E-014   1.4814228413431163E-003  0.78539816686962294     
  -5.5604409965326340E-012  -1.0506440162316721E-010  -4.8738150802608625E-014   1.7364517071927210E-003  0.78539816699178044     
   3.0098146197587994E-011   1.2520473546828725E-010  -4.4446815284855851E-014   2.0269091092708358E-003  0.78539816711562649     
   9.1415763847635390E-011   4.5119108449398482E-010  -4.5541037142157327E-014   2.3630996517942648E-003  0.78539816724043898     
   3.0273561435478769E-012  -2.1778134851047071E-011  -4.0106198668013551E-014   2.7505242629315418E-003  0.78539816736508927     
  -1.4170886686315498E-012  -1.2377654456940945E-010  -4.2643443079120887E-014   3.1881894089340612E-003  0.78539816748834002     
   3.5242475604491119E-011   5.4612314670521300E-011  -3.7020799926109504E-014   3.6693343435221237E-003  0.78539816760875536     
   2.5375701540042428E-011  -2.2719603975929203E-011  -4.7417292405250655E-014   4.1843624193729223E-003  0.78539816772485438     
   8.3448803422925266E-012  -8.6473050942004193E-011  -4.2699221839272827E-014   4.7240846613980647E-003  0.78539816783510441     
   2.2903945406937964E-010   1.1922587361823389E-009  -4.8551297250741489E-014   5.2809926252059824E-003  0.78539816793809292     
   2.4590107727817667E-010   1.3160814660295728E-009  -4.3458173273033020E-014   5.8478308211884489E-003  0.78539816803266793     
   6.7732486286331550E-011   5.1518256327653944E-010  -3.6688586636704929E-014   6.4150436527157240E-003  0.78539816811774188     
   9.3836938219737931E-011   5.9439031474539661E-010  -3.9084111411563471E-014   6.9696589135297415E-003  0.78539816819201624     
   1.0719292120597856E-010   6.2004446022001503E-010  -4.2043416558515875E-014   7.4969665881732261E-003  0.78539816825400721     
   1.0805445427308769E-010   6.3150196183414664E-010  -4.3209263969182890E-014   7.9840922090954614E-003  0.78539816830222087     
   9.3495433617363233E-011   6.3060312527341011E-010  -4.5961993481503412E-014   8.4232146925853346E-003  0.78539816833557818     
   7.2262196226802189E-011   6.1436367104761302E-010  -4.1175292565929252E-014   8.8126542437076960E-003  0.78539816835380671     
   1.7822854303517488E-011   3.3353941830682743E-010  -4.6436388503094877E-014   9.1556294246932790E-003  0.78539816835759191     
   8.9679375037121645E-012   2.8204283353261417E-010  -4.8802104339156172E-014   9.4578798119315799E-003  0.78539816834831200     
   6.2796434718848104E-012   1.9560530972739798E-010  -4.6352672802866043E-014   9.7258241404785117E-003  0.78539816832752796     
   4.5667913894931189E-012   7.3452355309200357E-011  -4.8728366929573195E-014   9.9662759079022223E-003  0.78539816829646059     
   3.9326319978272295E-012  -4.7101877953537041E-011  -4.1586881169367170E-014   1.0187301170462959E-002  0.78539816825580677     
   1.7136958518904066E-011  -4.8416382014693227E-011  -4.3515836001622370E-014   1.0398675559340376E-002  0.78539816820596497     
   8.5091045320950798E-011   2.4050805791375751E-010  -3.7053998611310672E-014   1.0610747405757293E-002  0.78539816830072318     
  -1.7557733045237001E-011  -3.0384583737941284E-010  -4.6751169670802330E-014   1.0831723415898775E-002  0.78539816827685383     
   7.2866823686013049E-011   2.3104362867343298E-010  -4.1389760802024305E-014   1.1066110089683612E-002  0.78539816841148258     
  -2.0887069851482920E-011  -1.8068391227643588E-010  -3.9687044423126367E-014   1.1314237666812943E-002  0.78539816837979370     
   6.9824812598540120E-011   2.6444268996783649E-010  -4.8203622479632533E-014   1.1574869500068807E-002  0.78539816854627709     
  -1.6799672764022944E-011   4.5936587866890477E-012  -4.6500294946327388E-014   1.1846841511902406E-002  0.78539816850868527     
   6.5502048229859611E-011   2.9372415610851021E-010  -4.7473404057530482E-014   1.2130266136392676E-002  0.78539816870271184     
  -1.1983303238594090E-011  -1.4392043112820829E-011  -4.6239720104529794E-014   1.2424561482278662E-002  0.78539816865835810     
   3.8330894014393380E-011   2.6882673864747630E-010  -4.4876062814211168E-014   1.2727048561266718E-002  0.78539816888642067     
  -5.3891335838329724E-011  -2.0609292050721706E-010  -4.2391260554159473E-014   1.3031393327442187E-002  0.78539816883197600     
   4.1670000783256000E-011   2.7286972681395127E-010  -3.7538641097646246E-014   1.3329196584308090E-002  0.78539816910851790     
  -4.7423176496863562E-011  -1.8055246187032026E-010  -4.3228882156861736E-014   1.3611441246507816E-002  0.78539816903948501     
   4.9238169097520768E-011   3.1969094038686308E-010  -4.8977179982688340E-014   1.3870799193348438E-002  0.78539816938194829     
   2.1719515075346862E-011   2.0831691927014617E-010  -4.4632715461461496E-014   1.4101072106786017E-002  0.78539816929440986     
   6.3014482520884485E-011   4.0743231011219905E-010  -4.7896283955257479E-014   1.4296778648441144E-002  0.78539816971569376     
   2.0349721907564344E-011   1.8408030655336916E-010  -5.2474185655325939E-014   1.4451614068495378E-002  0.78539816960824083     
   9.5218277706976551E-011   4.8838444399734726E-010  -4.9925761691936886E-014   1.4559680211376547E-002  0.78539817011193780     
   3.5023095534825188E-011   1.5491607996409584E-010  -5.2883675063691732E-014   1.4616475283676378E-002  0.78539816998413792     
   1.1731171589701717E-010   5.6161653105846199E-010  -4.9321562699181255E-014   1.4621062087209369E-002  0.78539817057343364     
   6.1140204010712296E-011   2.5486457388979034E-010  -4.8879482341444377E-014   1.4575372375558837E-002  0.78539817042377436     
   1.5836665312463083E-011   5.7767124417296145E-012  -4.9278082803944441E-014   1.4483524458344998E-002  0.78539817110611776     
   1.4309442519788718E-011   1.7106316363424412E-011  -4.2021836560568287E-014   1.4349427664913206E-002  0.78539817093374920     
   3.7153169429871014E-011   3.1427305202669231E-011  -4.4972804462097720E-014   1.4176652216628449E-002  0.78539817171065629     
   3.8012037961721035E-011   1.6235901512118289E-012  -4.8144569645710370E-014   1.3967928033260413E-002  0.78539817151733304     
   4.8148596221153639E-011   4.3758774381785770E-011  -4.1923866051936164E-014   1.3726360631014844E-002  0.78539817238133480     
   1.1540324251768652E-011  -6.4282801304216264E-011  -4.9478846877270327E-014   1.3454707411285072E-002  0.78539817216996755     
   2.0425217073238855E-011  -8.2209794527443592E-012  -4.7071135256293397E-014   1.3155271695234005E-002  0.78539817311193949     
  -2.3713919716783494E-011  -5.6772364587232005E-012  -4.7292139051497041E-014   1.2828337368095299E-002  0.78539817288468650     
   1.0851985976501055E-011  -9.1091578724444844E-012  -5.1272088313225769E-014   1.2472594412407778E-002  0.78539817389904343     
  -3.4337421794816692E-011  -9.2281737806843012E-011  -4.4848274460163254E-014   1.2085189846907207E-002  0.78539817365664011     
   3.0379476712028008E-011   5.7880811255017761E-011  -4.7757792966258813E-014   1.1663315676059383E-002  0.78539817474309270     
   2.5785151791524186E-011  -5.7951865528593771E-011  -4.2737723005705947E-014   1.1204100124210026E-002  0.78539817448488614     
   4.1062042654971265E-011   1.1270984145994589E-010  -4.5517887892915041E-014   1.0704843738793213E-002  0.78539817564850589     
  -3.7642111649915933E-011  -5.4942717042649747E-011  -4.5177559422288237E-014   1.0161821064974930E-002  0.78539817537277101     
   2.4477753157725601E-011   1.6160228710759839E-010  -4.3642717996486269E-014   9.5704758169304349E-003  0.78539817662025568     
  -7.2130523776081645E-011  -8.2064133266612771E-011  -4.3471643590925446E-014   8.9252857309501388E-003  0.78539817632535058     
  -2.0371038189637147E-011  -1.3194068060329300E-010  -4.2204830190148598E-014   8.2209024167737010E-003  0.78539817766491915     
  -1.0823519858149666E-010  -1.8355095221522788E-010  -4.8481188338722610E-014   7.4522758160681102E-003  0.78539817734795891     
  -4.0256686872908176E-013  -8.9691809534997446E-011  -4.1281575942755509E-014   6.6151810685197709E-003  0.78539817879240059     
  -1.1634981866848193E-010  -1.5551648857581313E-010  -4.8386552258019077E-014   5.7058253568580131E-003  0.78539817845036231     
   1.7690293674377244E-011  -1.1202772043361620E-010  -4.8191919231146856E-014   4.7212095951105482E-003  0.78539818001075623     
  -8.2071904827785147E-011  -4.0130387901626818E-010  -4.1068667296731736E-014   3.6590939039003734E-003  0.78539817964205505     
   2.8845148491996042E-011  -1.6548185044484853E-010  -4.7622819292775944E-014   2.5183656473663635E-003  0.78539818132378747     
  -1.0185008392227246E-010  -5.2988013976573711E-010  -5.3291995811169671E-014   1.2986659466020303E-003  0.78539818092783165     
   2.7884139441880507E-011  -1.6439116734545678E-010  -4.7577477473788437E-014  -2.1790159241860845E-016  0.78539818148823604     
