 force-1force-2force-3workmass
   2.2204460492503131E-015  -8.8817841970012523E-015  -1.9398089615056813E-014   0.0000000000000000       0.78539816362971659     
   1.3398171461176389E-012   4.2561509872030001E-012  -2.0410150469766470E-014   1.1803527293348883E-017  0.78539816362971671     
   1.8713919303081639E-012  -6.9100281052669743E-013  -1.9486916194535937E-014   2.2191125833108376E-017  0.78539816362971693     
   9.6411767458448594E-013  -1.0977885267493548E-012  -1.7411647789063752E-014   3.6869000213984366E-017  0.78539816362971682     
   4.2188474935755949E-014  -1.0569323194431490E-012  -1.8010873914650688E-014   6.3035525657847233E-017  0.78539816362971671     
   2.9309887850104133E-014   2.2186696924109128E-012  -1.5567428090849992E-014   1.9891103994293274E-016  0.78539816362971671     
   3.0198066269804258E-014  -6.2705396430828841E-012  -1.7062616352562949E-014   4.3199795258719821E-016  0.78539816362971682     
   8.4021678503631847E-013   2.3163693185779266E-012  -1.5486452762794903E-014   2.0053789554848580E-016  0.78539816362971659     
  -2.3847590568948362E-013   2.0179413695586845E-012  -2.0330967933817596E-014   5.0823055841960777E-016  0.78539816362971659     
   1.4450662888521038E-012   6.0751403907488566E-013  -1.7148716800366882E-014   6.1441678594148579E-016  0.78539816362971671     
   1.0391687510491465E-013  -2.2168933355715126E-012  -1.7545186528527126E-014   9.6186511923014283E-016  0.78539816362971671     
   8.6686213762732223E-013   4.3876013933186186E-013  -2.0026888891733456E-014   3.4565732639523764E-016  0.78539816362971682     
   2.0881074647149944E-012  -4.8672177399566863E-013  -2.4025428763272361E-014   6.0594526161220251E-016  0.78539816362971682     
   1.9331203304773226E-012  -3.0162539133016253E-012  -1.9722833174656718E-014   1.3874491152863094E-015  0.78539816362971648     
   8.8462570602132473E-013  -6.1639582327188691E-013  -1.4834641342657305E-014   2.3840525626747568E-015  0.78539816362971659     
   1.2034817586936697E-013   3.0375701953744283E-013  -1.6486419817323734E-014   1.6551152993215875E-015  0.78539816362971659     
   5.2136073236397351E-013   3.3750779948604759E-012  -1.9202317450232449E-014   5.5797656088475905E-016  0.78539816362971648     
   7.0077277314339881E-013  -1.1137757383039570E-012  -1.7720044357503537E-014   5.8005526941718351E-016  0.78539816362971671     
  -2.4735768988648488E-013  -3.1299407510232413E-012  -1.6687799795576397E-014   4.2886215977445350E-015  0.78539816362971693     
   1.3335998971797380E-012   1.8367529719398590E-012  -1.8859841999000000E-014   2.6747976289218847E-015  0.78539816362971726     
   9.1437968308127893E-013  -2.8226310178069980E-012  -2.1755122718474458E-014   2.2537280240152492E-015  0.78539816362971671     
   4.7606363295926712E-013  -1.1091572105215164E-011  -1.4079922887448084E-014  -1.0019522687092461E-015  0.78539816362971693     
   9.2681418095708068E-013  -1.1706191571647651E-012  -1.5793152492007758E-014   3.2096901754512342E-015  0.78539816362971682     
  -1.1102230246251565E-013  -5.9330318435968366E-013  -2.0816080721496146E-014   1.3071844668810775E-015  0.78539816362971682     
  -3.1752378504279477E-013   4.5830006456526462E-013  -1.8555323811197825E-014   1.2640986254094744E-015  0.78539816362971659     
  -1.0209610934452940E-012  -5.2757798130187439E-013  -1.4297212637580346E-014   2.8257338286362602E-015  0.78539816362971671     
   4.5430326167661406E-013   3.6930458691131207E-012  -2.1494102243255044E-014   2.0573556410294532E-015  0.78539816362971682     
   1.6191492591133283E-012  -1.8740564655672642E-012  -1.9799400061994971E-014  -2.3021101525120177E-016  0.78539816362971693     
  -2.7267077484793845E-013  -3.1086244689504383E-012  -2.2156439605098627E-014   2.0319642787707891E-015  0.78539816362971671     
  -1.0182965581861936E-012   1.1795009413617663E-012  -1.9474784582797662E-014   4.3678718811303392E-015  0.78539816362971671     
   9.3791641120333225E-013  -7.5139894306630595E-013  -1.7292772993717222E-014   6.1147399797890969E-016  0.78539816362971648     
   1.6306955785694299E-012   3.0144775564622250E-012  -1.8983503392827372E-014   1.1125659713210840E-014  0.78539816362971659     
  -2.0339285811132868E-013   8.3844042819691822E-013  -2.0555480962670066E-014   1.0123066934823550E-014  0.78539816362971671     
   7.9403150721191196E-013  -1.3642420526593924E-012  -2.1583569376025964E-014   8.7804287946245503E-016  0.78539816362971637     
   1.2363443602225743E-012   3.6415315207705135E-013  -2.1537285554229184E-014  -5.9024236997278062E-016  0.78539816362971693     
  -1.1421974477343610E-012  -9.3258734068513149E-013  -1.7734827186078431E-014   7.2319882281343137E-015  0.78539816362971671     
   9.6633812063373625E-013  -3.0002667017470230E-012  -1.8885178872698240E-014   9.3331917558379345E-015  0.78539816362971671     
  -8.3266726846886741E-013   2.0037305148434825E-012  -1.8268562351527761E-014   5.8264874427001512E-015  0.78539816362971693     
   1.5871748360041238E-012   1.1564083024495631E-012  -2.0312156643212293E-014   2.6621603222967344E-015  0.78539816362971693     
   2.9265478929119126E-013  -1.6235901512118289E-012  -1.7159872123102556E-014   2.7872931091233261E-015  0.78539816362971659     
  -7.1054273576010019E-014   1.5010215292932116E-012  -1.5802353539864791E-014   4.3921873527919363E-015  0.78539816362971682     
  -5.1691984026547289E-013  -3.8600234120167443E-012  -9.5340027704241313E-015   3.1438337855059972E-015  0.78539816362971693     
   2.5490720645393594E-013  -1.0764722446765518E-012  -1.1496217540187519E-014   2.2811969930806894E-015  0.78539816362971671     
   4.7428727611986687E-013   2.7888802378583932E-012  -1.6087115406009151E-014   6.3408668540063609E-015  0.78539816362971682     
  -6.1728400169158704E-014  -1.6715517858756357E-012  -2.0248334129004878E-014   9.1608410010443783E-015  0.78539816362971671     
   1.7705836796721997E-012  -8.4376949871511897E-012  -1.9233049219230142E-014   2.6650823557888316E-015  0.78539816362971693     
   3.6726177654600178E-013  -1.2754242106893798E-012  -1.8304654177087235E-014   1.1694545061298084E-014  0.78539816362971682     
  -6.6080474425689317E-013  -1.2434497875801753E-012  -2.3611074979785328E-014   1.2902819137589741E-014  0.78539816362971671     
   1.7217338665886928E-012  -5.4107829328131629E-012  -1.8777165386513592E-014   1.7245998436826012E-014  0.78539816362971648     
  -3.8724579098925460E-013   9.6456176379433600E-013  -2.0825025638846746E-014   1.4502864773486148E-014  0.78539816362971671     
   9.8143715376863838E-014  -1.2647660696529783E-012  -1.8748323105736396E-014   2.6708927823727817E-014  0.78539816362971648     
   5.4090065759737627E-013   5.3290705182007514E-015  -1.5957928046911131E-014   5.8057983568549395E-015  0.78539816362971682     
   4.2987835513486061E-013  -2.1724844145865063E-012  -1.5305923352268247E-014   9.9681171603783113E-016  0.78539816362971704     
   1.0556000518135988E-012  -2.5970336992031662E-012  -1.8751827861743800E-014   7.9468714224309209E-015  0.78539816362971648     
   8.7130302972582285E-013   9.5390362275793450E-013  -1.4695111355950316E-014   4.1136505704199501E-015  0.78539816362971682     
  -1.3811174426336947E-013   2.8101965199311962E-012  -1.4347121904234792E-014  -3.4190287180074613E-015  0.78539816362971671     
  -2.3891999489933369E-013  -3.7623237858497305E-012  -1.5528678226600313E-014   7.4821527747813165E-015  0.78539816362971693     
   1.2434497875801753E-014   6.8389738316909643E-013  -2.6053056516496336E-014   2.7481322887559801E-015  0.78539816362971693     
   1.3238299345630367E-012   2.7817748105007922E-012  -1.5045021913670688E-014   1.5153923289904487E-014  0.78539816362971671     
   2.3590018827235326E-012   1.9753088054130785E-012  -1.8132547493660297E-014   1.3813684271027805E-014  0.78539816362971671     
   7.2919448257380282E-013  -8.2600593032111647E-013  -1.3611810730002492E-014   1.3793572732328101E-014  0.78539816362971693     
  -5.6310511808987940E-013  -4.6185277824406512E-013  -1.9391786528116596E-014   2.4283059074409737E-014  0.78539816362971671     
   3.1388225352202426E-012  -2.7533531010703882E-013  -1.6389510873474763E-014   8.7607981376195241E-015  0.78539816362971682     
   5.7021054544748040E-013  -2.1671553440683056E-013  -1.1996707431844876E-014   2.1271393920940596E-014  0.78539816362971693     
   8.2689410874081659E-013  -4.8832049515112885E-012  -2.4699753158261453E-014  -5.7598525241562622E-015  0.78539816362971671     
  -1.4672707493446069E-012   1.0658141036401503E-013  -1.6795195120850063E-014   1.3215840915878527E-014  0.78539816362971659     
   2.2186696924109128E-012   1.2292389328649733E-012  -2.0708560622450926E-014   2.3964251620307335E-014  0.78539816362971682     
  -2.4336088699783431E-013   1.9948487306464813E-012  -1.9745811081977644E-014   1.3880185171022543E-014  0.78539816362971671     
   2.0152768342995842E-012   2.7320368189975852E-012  -1.7046892121242678E-014   9.8016698124381425E-015  0.78539816362971682     
   3.1841196346249490E-012   1.8918200339612667E-012  -1.7821480699433786E-014   2.6996317741964386E-014  0.78539816362971671     
  -7.6294526252240757E-013  -5.0679460628089146E-012  -1.7512418689322524E-014   3.6867483734512886E-014  0.78539816362971671     
   2.2968293933445239E-012   9.0238927441532724E-013  -1.8945360647622485E-014   3.0377719899607188E-014  0.78539816362971693     
  -6.9455552420549793E-013   6.1639582327188691E-013  -1.9410847792290009E-014   2.3511127683710364E-014  0.78539816362971693     
   1.3002932064409833E-012   1.3340439863895881E-012  -2.1874589497145068E-014   3.8020078308052705E-014  0.78539816362971671     
   2.1991297671775101E-012  -7.4074080202990444E-013  -2.1110343357629002E-014   7.7065549416587706E-015  0.78539816362971693     
  -1.1279865930191590E-013  -3.8902214782865485E-013  -1.4445179152511452E-014   4.3444569896711917E-014  0.78539816362971693     
   5.3645976549887564E-013   1.2789769243681803E-013  -1.6023370942142565E-014   1.4949887479819689E-014  0.78539816362971682     
   2.8990143619012088E-012   4.3964831775156199E-012  -1.8013162675913450E-014   2.8857030600181414E-014  0.78539816362971682     
  -4.8938630925476900E-013   5.5067062021407764E-014  -1.8364848756961082E-014   3.2702661521533763E-014  0.78539816362971671     
  -1.5338841308221163E-012  -1.3766765505351941E-012  -1.8561672701817186E-014  -1.0249436633015319E-014  0.78539816362971682     
   6.3060667798708891E-014  -2.6112445539183682E-013  -1.4064713043213195E-014  -1.6501750004590268E-015  0.78539816362971693     
  -2.8332891588433995E-013  -1.6981971384666394E-012  -1.7112554627397890E-014   9.4371295941925903E-015  0.78539816362971682     
  -1.3855583347321954E-013   1.9717560917342780E-012  -1.5944217816501800E-014   4.1042180496678621E-014  0.78539816362971693     
   6.1994853695068741E-013   1.8829382497642655E-013  -1.7948434176859832E-014   2.0181902854880101E-014  0.78539816362971704     
  -1.3677947663381929E-012  -1.4601653219870059E-012  -2.0267387004130869E-014   3.9359741170869025E-014  0.78539816362971659     
   1.9895196601282805E-013   1.0249578963339445E-012  -2.2250326775380564E-014  -6.7565639537989044E-017  0.78539816362971693     
   2.3003821070233244E-012   1.9610979506978765E-012  -1.6325555086612557E-014   2.1680384031192036E-014  0.78539816362971671     
  -1.1386447340555605E-012  -1.7976731214730535E-012  -1.8283400605978157E-014   3.3749258430052788E-014  0.78539816362971693     
   3.2329694477084558E-013   8.6153306710912148E-013  -1.9723485220932270E-014   4.0536468983031004E-014  0.78539816362971659     
   8.0468964824831346E-013  -1.9930723738070810E-012  -2.0451693357359741E-014   5.1438300925468752E-014  0.78539816362971671     
   6.2172489379008766E-013   1.8474111129762605E-012  -1.9550550742242493E-014  -1.0653325389114223E-014  0.78539816362971682     
   1.9415580254644738E-012   1.0462741784067475E-012  -1.8975978753747788E-014   1.7901964748257999E-014  0.78539816362971671     
  -3.7836400679225335E-013  -5.2580162446247414E-013  -1.5127529445384093E-014   1.1376765218530342E-014  0.78539816362971693     
  -9.7521990483073751E-013  -1.5631940186722204E-012  -1.4229118323001017E-014   3.5775499687482342E-014  0.78539816362971671     
  -2.4087398742267396E-012  -1.3766765505351941E-012  -1.8371725571192295E-014   2.6055423900856878E-014  0.78539816362971659     
   1.1279865930191590E-012  -1.2967404927621828E-012  -1.9273615840029739E-014   2.0396209083147140E-014  0.78539816362971671     
   9.7344354799133725E-013   6.6258110109629342E-013  -1.4988168135071152E-014   1.0199076878631748E-014  0.78539816362971682     
   7.8532735869885073E-012   1.3766765505351941E-012  -1.6959331574509501E-014   3.0706426330056679E-014  0.78539816362971671     
   4.1744385725905886E-012   2.0889956431346945E-012  -1.4553382187692226E-014   2.4964063406456917E-014  0.78539816362971671     
   3.7054803669889225E-012   1.1084466677857563E-012  -1.8689673389224450E-014   1.2360967630918046E-014  0.78539816362971671     
  -1.3038459201197838E-012  -8.4021678503631847E-013  -1.7655254088002858E-014   5.1147353732246117E-015  0.78539816362971671     
  -1.7053025658242404E-013  -2.5170976414301549E-012  -1.8919089792348693E-014   3.2813622447401622E-014  0.78539816362971682     
   1.4921397450962104E-012  -4.1300296516055823E-013  -2.2545262478407792E-014   7.9268098725691550E-015  0.78539816362971671     
   1.8172130467064562E-012  -1.8740564655672642E-013  -1.8583088271377022E-014   1.8017561449567222E-014  0.78539816362971671     
   2.8919089345436078E-012   2.1316282072803006E-014  -1.9782121227997032E-014   1.9201733164157076E-014  0.78539816362971659     
   2.1138646388862981E-012  -2.8421709430404007E-014  -1.8041951276755964E-014   4.5233122877987275E-014  0.78539816362971671     
  -2.6645352591003757E-013   2.1049828546892968E-013  -1.9353660647442800E-014   8.1107453141753930E-015  0.78539816362971693     
   3.7836400679225335E-013   1.0160761121369433E-012  -1.5646380498057622E-014   2.9204092980714818E-014  0.78539816362971648     
   8.9350749021832598E-013  -1.9610979506978765E-012  -2.0707376485162801E-014   4.3771969755756759E-014  0.78539816362971682     
  -2.1689317009077058E-012  -3.3333336091345700E-012  -1.4592427812039793E-014   1.4867410336727249E-014  0.78539816362971693     
   1.7763568394002505E-013  -1.4992451724538114E-012  -1.2537693802111948E-014   2.3324432067863399E-014  0.78539816362971693     
  -1.9113599591946695E-012  -3.0642155479654321E-012  -1.6958631552378456E-014   4.1876924985521978E-014  0.78539816362971693     
  -1.1102230246251565E-012  -1.5063505998114124E-012  -1.9576743314230151E-014   2.2652023855394146E-014  0.78539816362971693     
  -1.9007018181582680E-012  -8.0913054034681409E-013  -1.9986699934663630E-014   9.5913354152872844E-016  0.78539816362971671     
   3.7143621511859237E-012  -6.5769611978794273E-013  -1.7198375559870552E-014   1.4735261527970376E-014  0.78539816362971693     
   3.7125857943465235E-013  -9.9875663295279082E-013  -1.4692078507677396E-014   1.0019484843721608E-014  0.78539816362971671     
   3.7374547900981270E-012  -2.6156854460168688E-013  -2.0969137252790498E-014   5.0033315032487998E-014  0.78539816362971671     
   3.6202152386977104E-012   4.1566750041965861E-013  -1.3288338047758201E-014   4.9470962996463808E-014  0.78539816362971671     
   1.9362289549462730E-012  -1.8673951274195133E-013  -1.6581636073325315E-014   4.4844238545717107E-014  0.78539816362971682     
  -7.2581940457894234E-012  -1.7672530105983242E-012  -1.7512983444661201E-014   3.2027938141837464E-014  0.78539816362971693     
   4.8139270347746788E-013  -1.0924594562311540E-012  -1.3414686718521754E-014   4.4633888014692745E-014  0.78539816362971659     
   3.3093527918026666E-012   1.0742517986273015E-012  -1.8606983528476102E-014   4.6028318214078239E-014  0.78539816362971659     
   1.3855583347321954E-013  -5.3423931944962533E-013  -2.1389029429612746E-014   3.8966318776503990E-014  0.78539816362971693     
  -2.1511681325137033E-012   3.6193270602780103E-013  -1.9776070566905161E-014   2.3586033297540844E-014  0.78539816362971671     
  -6.5725203057809267E-014   9.3347551910483162E-013  -1.9643064145609091E-014   1.7309297131529541E-014  0.78539816362971671     
  -4.2312819914513966E-012   1.6844303729612875E-012  -1.7606717943770270E-014   1.0120330770191574E-014  0.78539816362971693     
   2.2417623313231161E-012  -2.7844393457598926E-013  -1.7815517216187769E-014   1.8085186590920858E-014  0.78539816362971671     
  -2.6716406864579767E-012  -1.1315393066979595E-012  -1.2863728851516696E-014   2.1277161604412666E-014  0.78539816362971671     
  -9.8641095291895908E-012   1.3997691894473974E-012  -1.3977970398550471E-014   3.2672921839688386E-014  0.78539816362971671     
   2.6680879727791762E-012   6.6036065504704311E-013  -1.9867410193484174E-014   1.6864974736000981E-014  0.78539816362971693     
   1.0018652574217413E-012  -1.1453060722033115E-012  -1.9537397582255899E-014   4.3691270119214048E-014  0.78539816362971693     
  -2.1582735598713043E-012  -1.8229862064345070E-012  -2.0889227037045236E-014   3.5000457622464508E-014  0.78539816362971693     
  -3.1974423109204508E-013  -1.0400569294688466E-012  -1.6349306690334516E-014  -6.5607770572542921E-016  0.78539816362971693     
   2.3856472353145364E-012  -3.0948577034450864E-012  -1.5586538082644923E-014   1.8565386360951045E-014  0.78539816362971648     
  -3.9399594697897555E-012  -1.5702994460298214E-012  -1.2875370940905014E-014   4.6998171322703013E-014  0.78539816362971671     
   2.0872192862952943E-012   1.4788170688007085E-012  -2.1200698073381578E-014   3.0952586408168306E-014  0.78539816362971693     
  -3.0127011996228248E-012  -6.3060667798708891E-014  -1.7732026021988373E-014   3.7737333123739856E-014  0.78539816362971704     
   4.1708858589117881E-012  -3.8333780594257405E-012  -1.8688415770285700E-014   3.5073139789723546E-014  0.78539816362971671     
   5.3876902939009597E-012  -1.5134560271690134E-012  -1.8976551126127386E-014   3.7797926440601391E-014  0.78539816362971693     
  -1.0480505352461478E-012   7.6649797620120808E-013  -1.6071334145016834E-014   3.6959352000547524E-014  0.78539816362971682     
   3.0375701953744283E-013  -2.2470914018413168E-013  -1.8441857439158880E-014   1.0933653651130151E-013  0.78539816362971715     
  -2.2151169787321123E-012  -2.6467716907063732E-013  -2.2577746683250989E-014   2.6061092167326432E-014  0.78539816362971671     
  -3.0269120543380268E-012   1.4157564010019996E-012  -1.9142999414144431E-014   5.1183903942282235E-014  0.78539816362971682     
   4.2064129956997931E-012   4.1477932199995848E-013  -1.7711748588748709E-014   3.5977930265442047E-014  0.78539816362971671     
  -1.4370726830748026E-012   9.0860652335322811E-013  -2.1145736875227777E-014   6.6597291542132960E-014  0.78539816362971693     
  -1.2629897128135781E-012   4.0856207306205761E-014  -1.6839399563233877E-014   4.7639618353027996E-014  0.78539816362971682     
  -3.7996272794771357E-012   2.0978774273316958E-012  -2.2754556391318625E-014   1.5230903591075626E-014  0.78539816362971671     
   1.5880630144238239E-012  -1.6164847238542279E-013  -1.9084145766789408E-014   2.7470703769968622E-014  0.78539816362971671     
   1.1706191571647651E-012   7.0876637892069994E-013  -1.6842521262878308E-014   3.6077206785961527E-014  0.78539816362971671     
   1.9095836023552692E-012  -2.4247270857813419E-012  -1.9441726298285646E-014   4.5049767329126419E-014  0.78539816362971671     
  -1.8243184740640572E-012  -5.0981441290787188E-013  -1.7064613463955072E-014  -4.8255162946409013E-015  0.78539816362971682     
  -1.6058265828178264E-012   5.1514348342607263E-014  -1.5731145647276612E-014   6.7544032021825789E-014  0.78539816362971704     
   5.6665783176867990E-013  -1.8633983245308627E-012  -1.5394790537373598E-014   8.0114142782659447E-015  0.78539816362971726     
  -7.0699002208129968E-013   1.3482548411047901E-012  -1.7878001268778869E-014   2.0661390626949135E-014  0.78539816362971671     
  -6.4659388954169117E-013  -2.9309887850104133E-013  -1.7770844493159796E-014   5.6641442487826060E-015  0.78539816362971671     
   1.3642420526593924E-012  -1.9557688801796758E-012  -1.6597680006508343E-014   5.2550352910302117E-014  0.78539816362971671     
  -1.5667467323510209E-012   1.4743761767022079E-012  -1.7853293680485106E-014   3.0785650719135018E-014  0.78539816362971648     
  -4.4231285301066237E-013  -1.7603696278456482E-012  -9.7287590066060578E-015   6.4084568971482736E-014  0.78539816362971693     
  -1.7976731214730535E-012   1.2203571486679721E-012  -1.6625023742656288E-014   6.8229639261008349E-015  0.78539816362971693     
  -3.3866243143165775E-012   3.1210589668262401E-012  -1.5856915576870931E-014  -8.7099887805101851E-015  0.78539816362971671     
  -1.8900436771218665E-012  -2.9487523534044158E-012  -1.8126998929888045E-014   4.0696948586397482E-015  0.78539816362971682     
  -9.2459373490783037E-013   7.1587180627830094E-013  -1.6849738626224461E-014   4.1555256009588482E-014  0.78539816362971682     
   1.5241141682054149E-012  -8.8817841970012523E-014  -2.5572686235147156E-014  -2.9460444824979581E-015  0.78539816362971693     
  -2.0898838215543947E-012   4.5101700152372359E-012  -1.7228427562568744E-014   3.6937405172053566E-014  0.78539816362971671     
  -3.1441516057384433E-013   7.3185901783290319E-013  -1.7766871113884647E-014   4.7246830753298453E-014  0.78539816362971671     
  -1.0658141036401503E-012  -1.3180567748349858E-012  -1.8343379569210246E-014   4.1983334722042046E-014  0.78539816362971671     
  -5.4445337127617677E-013   1.9539925233402755E-014  -1.6037101545982483E-014   5.5899463635239441E-014  0.78539816362971693     
  -1.4246381851990009E-012  -5.7198690228688065E-013  -2.0462960319725210E-014  -2.4343739718667244E-015  0.78539816362971671     
  -1.4042100815458980E-012   2.0001778011646820E-012  -1.9946685888321012E-014   5.5540550684773370E-015  0.78539816362971693     
  -8.4643403397421935E-013   3.3999469906120794E-012  -1.9412086163721971E-014   2.3506787800803676E-014  0.78539816362971693     
  -1.5134560271690134E-012   3.2329694477084558E-013  -1.9018083132999281E-014   4.9281372429728859E-014  0.78539816362971671     
   3.1441516057384433E-013  -6.8745009684789693E-013  -1.4517492681477348E-014   4.0047572790845981E-014  0.78539816362971671     
   7.1587180627830094E-013  -2.0943247136528953E-012  -2.1253307786370180E-014   2.0043587996604055E-014  0.78539816362971671     
  -4.0234482412415673E-013   1.7514878436486470E-012  -1.5824569745992733E-014   7.2664576573133170E-016  0.78539816362971659     
  -2.4660273822973977E-012   3.7481129311345285E-013  -1.8813504194746506E-014   2.5818333131638823E-014  0.78539816362971693     
  -8.3133500083931722E-013   1.6679990721968352E-012  -1.7542672002367282E-014   1.7824113441721671E-014  0.78539816362971671     
  -1.0800249583553523E-012   2.8350655156827997E-012  -1.7467578628234330E-014   1.8291275493271311E-014  0.78539816362971671     
   8.2067685980291571E-013  -5.1798565436911304E-012  -1.8720888581840396E-014   3.1126551311421874E-014  0.78539816362971671     
  -2.1227464230832993E-013   3.1938895972416503E-012  -2.0355775928538319E-014   4.9519643247751897E-015  0.78539816362971671     
  -1.1759482276829658E-012   1.7372769889334450E-012  -2.0201750783935515E-014  -1.5698477873046615E-015  0.78539816362971682     
   9.2814644858663087E-014  -4.6469494918710552E-012  -2.1852540999359019E-014   3.5266819233838147E-014  0.78539816362971704     
  -4.1744385725905886E-013   8.3133500083931722E-013  -2.0140177234745520E-014   2.7933304135532841E-014  0.78539816362971693     
  -1.6551204851111834E-012  -2.5686119897727622E-012  -1.7592079705781169E-014   1.6633905588731840E-014  0.78539816362971693     
  -1.8185453143360064E-012   4.5350390109888394E-012  -1.9597034647124427E-014   4.3282937980009792E-015  0.78539816362971671     
  -1.1255441023649837E-012   2.5011104298755527E-012  -1.5908181724010485E-014   1.5683538439971427E-014  0.78539816362971693     
  -3.7392311469375272E-013  -2.1582735598713043E-012  -1.1261396805198423E-014   1.0455375310629437E-014  0.78539816362971693     
  -5.6643578716375487E-013   2.2080115513745113E-012  -1.4452811542643349E-014   1.2343283751536750E-014  0.78539816362971671     
  -5.0359716396997101E-013   1.6129320101754274E-012  -1.9726518909018350E-014   2.0253573170430454E-014  0.78539816362971693     
   8.3133500083931722E-013   7.9936057773011271E-014  -2.3605968466719072E-014   3.8003631500826280E-015  0.78539816362971659     
   3.6193270602780103E-013   3.1441516057384433E-013  -1.7272838715459618E-014   2.1477893730481911E-015  0.78539816362971659     
  -5.4267701443677652E-013  -1.9468870959826745E-012  -1.1359454898417545E-014   4.3944612811363374E-015  0.78539816362971659     
  -7.8115292012626014E-013   6.6080474425689317E-013  -1.6353265399999161E-014   1.2793762410611321E-014  0.78539816362971648     
  -3.5127456499139953E-013   2.5135449277513544E-012  -1.5536266136993278E-014   8.9532426353171061E-015  0.78539816362971671     
  -2.4722446312352986E-012   1.1155520951433573E-012  -1.5577555930756573E-014  -9.0132435790097246E-015  0.78539816362971704     
  -1.7004175845158898E-012  -3.5278446830488974E-012  -2.1646722076844504E-014   9.2549955185921625E-015  0.78539816362971693     
  -3.8102854205135372E-013   1.2185807918285718E-012  -1.1094873824950575E-014   4.6996966100866209E-015  0.78539816362971671     
   4.0323300254385686E-013   1.2114753644709708E-012  -1.6766831123323096E-014   7.3888309083727547E-015  0.78539816362971693     
  -3.0775382242609339E-012   1.4743761767022079E-013  -2.0212848136154819E-014   4.5877764884626525E-015  0.78539816362971693     
   1.7985612998927536E-013  -2.4549251520511461E-012  -1.8071248140481125E-014   1.0567614560743851E-015  0.78539816362971659     
  -2.1675994332781556E-012  -3.2489566592630581E-012  -1.6181178934183255E-014   2.2285095069503825E-015  0.78539816362971659     
   6.5947247662734299E-013  -7.3896444519050419E-013  -1.4494365732589838E-014  -1.0693601120265960E-028  0.78539816362971671     
