 force-1force-2force-3workmass
   1.1546319456101628E-014   4.4408920985006262E-015  -2.1618456724884384E-014   0.0000000000000000       0.78539909798813223     
   9.4591001698063337E-014  -2.6041391265607672E-012  -1.8801001727369784E-014  -8.2397120579391659E-007  0.78539909798811758     
  -6.3010041628785984E-011   1.0755840662568517E-011  -2.0649002002537676E-014  -8.6012971140147210E-006  0.78539909798791252     
  -1.5260814834050507E-010   3.0807356665718544E-011  -2.4995733590429109E-014  -3.4018765266570353E-005  0.78539909798642027     
  -1.8151968816937369E-010   4.2249315157505407E-011  -1.9441333742213733E-014  -8.9935009481072637E-005  0.78539909798631602     
  -1.5432943811788391E-010   3.7369662919672919E-011  -1.7571581765743999E-014  -1.9049523052403112E-004  0.78539909798277674     
  -1.9561507969001468E-010   4.4790837705477315E-011  -1.9343755090150565E-014  -3.5060713831742963E-004  0.78539909798120489     
  -1.5141043974153945E-010   4.5470294196547911E-011  -1.8032047604699033E-014  -5.8564916369221423E-004  0.78539909798120633     
  -1.4089129862782102E-010   2.9000801760048489E-011  -1.4205955808213010E-014  -9.1118027392685964E-004  0.78539909797166652     
  -2.3452528807865747E-010   3.0174085452472355E-011  -1.8253279601376418E-014  -1.3427409355024043E-003  0.78539909797083873     
  -3.7174618938706772E-010   7.2613914881003438E-011  -1.9001504542525035E-014  -1.8957590862311289E-003  0.78539909796916429     
  -4.7724979523877664E-010   8.1105788751756336E-011  -1.5502669576772034E-014  -2.5853387452440353E-003  0.78539909796784357     
  -4.7883208509347241E-010   8.8067331205365917E-011  -1.7769388407427850E-014  -3.4262339385237287E-003  0.78539909796026430     
  -5.2806914396796856E-010   8.8161034028644281E-011  -1.8019265863998002E-014  -4.4326398977543842E-003  0.78539909795837759     
  -5.9241811456445248E-010   9.8559382877283497E-011  -1.8986598281422805E-014  -5.6183137593415816E-003  0.78539909794754792     
  -6.4133365285101718E-010   9.6754160239242992E-011  -1.4100880471481464E-014  -6.9962751349689073E-003  0.78539909794491991     
  -6.9176708805684939E-010   1.0407052997152277E-010  -1.6256686518114466E-014  -8.5789777432663181E-003  0.78539909793005669     
  -7.4588113463391892E-010   1.0323608634621451E-010  -1.7523602568841880E-014  -1.0378079650230134E-002  0.78539909792635410     
  -7.9708062372674249E-010   1.1238876496122430E-010  -1.6413904440450686E-014  -1.2404605134525588E-002  0.78539909790677198     
  -8.0445339278867323E-010   1.1615641781759223E-010  -1.4873404085031317E-014  -1.4668654494499134E-002  0.78539909790620288     
  -7.7243811347216251E-010   8.8298257594487950E-011  -1.6479670551706439E-014  -1.7179785051740122E-002  0.78539909788126927     
  -7.5936368304496682E-010   8.6682216959843572E-011  -1.7337099819176511E-014  -1.9946416838219468E-002  0.78539909788056250     
  -6.4033223168280529E-010   5.1187498684157617E-011  -1.7262971200079226E-014  -2.2976439431438199E-002  0.78539909788269002     
  -6.2017146973403214E-010   3.8924419243357988E-012  -1.4879446038129946E-014  -2.6276838145138225E-002  0.78539909787307371     
  -5.9656413142761266E-010   2.9189983763444616E-012  -1.4289595170077069E-014  -2.9853700393214909E-002  0.78539909784933326     
  -4.7551917958799095E-010  -1.9983126264833118E-011  -1.8522143988036595E-014  -3.3712230347418458E-002  0.78539909784730244     
  -3.8668179769274502E-010  -4.1081360535599742E-011  -1.8697332542165356E-014  -3.7856958838722782E-002  0.78539909784616957     
  -3.3295854962034355E-010  -5.4966253770771800E-011  -2.3381836118369565E-014  -4.2291477540880217E-002  0.78539909784841067     
  -3.5029801281893924E-010  -8.0483175679546548E-011  -2.1004363545005788E-014  -4.7018645216802518E-002  0.78539909783328055     
  -3.4260327907986721E-010  -6.3936411720533215E-011  -1.9453524220279659E-014  -5.2040362020427028E-002  0.78539909780475925     
  -2.6995605750812501E-010  -6.9749539477470535E-011  -1.9646209629473615E-014  -5.7357693863083328E-002  0.78539909779217032     
  -1.8330537088218080E-010  -7.1570749327065641E-011  -1.5699578229687356E-014  -6.2970992004679649E-002  0.78539909779063832     
  -1.2480283473337295E-010  -7.7139183929375577E-011  -1.6845499571917241E-014  -6.8879855039770899E-002  0.78539909779163763     
  -1.4587975272206677E-010  -8.7822638050738533E-011  -1.7708709284965652E-014  -7.5083095287613311E-002  0.78539909778601125     
  -4.5608850030021131E-011  -7.0383698869136424E-011  -2.1366930568291693E-014  -8.1578613161596036E-002  0.78539909778426042     
   3.6188385621471753E-011  -7.0836225773973638E-011  -1.6485042517314355E-014  -8.8363675814199835E-002  0.78539909778340600     
  -4.3150372164291184E-011  -5.9556803932991897E-011  -1.7710721359831263E-014  -9.5434860478383898E-002  0.78539909777688888     
   1.8308021765278681E-011  -2.4992008462731974E-011  -1.7972576510923488E-014 -0.10278782955373783       0.78539909777500905     
   6.4086513873462536E-011  -1.8274270985330077E-011  -2.4818225969688145E-014 -0.11041769473562144       0.78539909777110406     
  -6.2528204836098666E-011  -2.7653435097363399E-012  -1.5490081125488566E-014 -0.11831893936151403       0.78539909776412664     
  -2.8649083105847239E-011   3.0174085452472355E-011  -1.5190411944489257E-014 -0.12648513350706703       0.78539909776222305     
  -3.6619596244236163E-012   3.2243097081163796E-011  -1.5248928064733347E-014 -0.13490939103743554       0.78539909775370664     
  -1.5943912856641873E-010   4.5644821256018986E-011  -1.6453955885456834E-014 -0.14358426546491931       0.78539909774698069     
  -1.3295586853701025E-010   7.4328987409444380E-011  -1.6758877085010724E-014 -0.15250139621295444       0.78539909774520433     
  -1.5009682385880296E-010   7.7316375524105752E-011  -1.2426385591472175E-014 -0.16165219598337732       0.78539909777015304     
  -2.4247270857813419E-010   1.0269918249150578E-010  -1.1933122458402661E-014 -0.17102717485433835       0.78539909777946382     
  -3.8253533674037499E-010   1.1907896890761549E-010  -6.4611851740070581E-015 -0.18061646628862063       0.78539909777476613     
  -3.3015767897381920E-010   1.3344836347073397E-010  -1.0763149142332113E-014 -0.19040956578972268       0.78539909777348427     
  -3.3996228054888888E-010   1.2875700505787790E-010  -1.4856671740233461E-014 -0.20039574891260095       0.78539909782402728     
  -4.2979397818498910E-010   1.4917889146204288E-010  -1.1763227204353660E-014 -0.21056338477944131       0.78539909784558315     
  -5.6954796434638411E-010   1.6168266725458125E-010  -1.1865070654989138E-014 -0.22090059867593198       0.78539909784570106     
  -4.9744564023512794E-010   1.6098944399800530E-010  -1.3392043039514158E-014 -0.23139493797478577       0.78539909784541995     
  -4.8790660400754859E-010   1.4354473165667514E-010  -1.0320168068659300E-014 -0.24203388247895469       0.78539909793422180     
  -5.5861093528619676E-010   1.5549339593690092E-010  -1.2610015483750757E-014 -0.25280398069718568       0.78539909797454244     
  -6.7995831187772637E-010   1.6475176778385503E-010  -1.6821977770781162E-014 -0.26369167534776783       0.78539909798333318     
  -5.7396043473545433E-010   1.4918377644335123E-010  -1.5981078982474647E-014 -0.27468289154029701       0.78539909798472729     
  -5.3408033551249900E-010   1.2174350416671587E-010  -1.2520797337880332E-014 -0.28576364495322815       0.78539909812786113     
  -5.7744653503277732E-010   1.3046896896184990E-010  -1.2700762230242184E-014 -0.29691898069909706       0.78539909819524756     
  -6.7516703339265405E-010   1.4442935736269646E-010  -1.0710319182156684E-014 -0.30813398136923315       0.78539909821777809     
  -5.3750026651755434E-010   1.2152412409704993E-010  -7.7328279752196349E-015 -0.31939327420636854       0.78539909822171061     
  -3.5382941021566694E-010   6.0015103997557162E-011  -5.8905802098679726E-015 -0.33068151975257526       0.78539909822648879     
  -2.2485968642627086E-010  -4.0385472743764694E-012  -3.0857069171215270E-015 -0.34198290634456974       0.78539909823213339     
  -1.1898659835196668E-010  -5.1235460318821424E-011  -5.7650537503726068E-015 -0.35328141154718296       0.78539909823871823     
  -2.3193891252049070E-011  -8.9038998396517854E-011  -3.9361813085136217E-015 -0.36456080507272337       0.78539909824632070     
   8.1421980269169580E-011  -1.2222223233493423E-010  -7.5708030506504096E-015 -0.37580461569215234       0.78539909820780762     
   1.8666046486259802E-010  -1.6890755460963192E-010  -1.4614533400865353E-014 -0.38699630944598712       0.78539909816592413     
   2.7333779684113324E-010  -2.0483703622176108E-010  -1.5320818283826596E-014 -0.39811914225580702       0.78539909812046294     
   3.4911895596678733E-010  -2.3461854681272598E-010  -1.9584876646578134E-014 -0.40915622965827603       0.78539909807121144     
   4.1547654205942308E-010  -2.5951951698743869E-010  -2.0164074333668225E-014 -0.42009057471028821       0.78539909801794972     
   4.7388493129574272E-010  -2.7914115463545386E-010  -2.2432644278251647E-014 -0.43090508580205383       0.78539909796045049     
   4.5018744287972368E-010  -2.6671642672226881E-010  -2.2490348043415460E-014 -0.44158267677201057       0.78539909796695118     
   4.3471448663012779E-010  -2.3239188351453777E-010  -1.9632733520992539E-014 -0.45210601413060553       0.78539909797400220     
   4.2878678385704916E-010  -2.0527224364741414E-010  -1.0794631029864193E-014 -0.46245784942779194       0.78539909798163543     
   4.1722714172465203E-010  -1.7749091085761393E-010  -1.5219273566150832E-014 -0.47262090526904121       0.78539909798988272     
   3.9522785044709963E-010  -1.4589129904152287E-010  -1.5504857991071483E-014 -0.48257790150872076       0.78539909799877772     
   3.6190783703204943E-010  -1.0968914665454577E-010  -1.0222257278258893E-014 -0.49231157548957172       0.78539909800835361     
   3.1779645581764271E-010  -6.9870331742549752E-011  -1.4417772190506085E-014 -0.50180470166127711       0.78539909801864538     
   2.6447466439094569E-010  -2.7806201785551821E-011  -1.5337277230259671E-014 -0.51104011085522094       0.78539909802968788     
   1.9959145447501214E-010   1.7239543126379431E-011  -9.5294016017787333E-015 -0.52000070941841381       0.78539909804149688     
   1.3044054725241949E-010   6.0251359457197395E-011  -1.5540431583874914E-014 -0.52866949837279853       0.78539909805412922     
   5.8272497938105516E-011   9.9265484720945096E-011  -1.0670616428182406E-014 -0.53702959245126314       0.78539909806762198     
  -1.4960477301428909E-011   1.3269119136793961E-010  -1.6536423044997590E-014 -0.54506423923084402       0.78539909808201203     
  -8.6504137186693697E-011   1.5952839049759859E-010  -1.8400733759387481E-014 -0.55275683825928112       0.78539909809733843     
  -1.5250201101935090E-010   1.7881518488138681E-010  -1.9548113633995817E-014 -0.56009096022082572       0.78539909811364061     
  -2.0845014603310119E-010   1.8875567775467061E-010  -1.3365800938435963E-014 -0.56705036618617677       0.78539909813097641     
  -2.5616486709623132E-010   1.9030288456178823E-010  -1.2313618798653738E-014 -0.57361902686408628       0.78539909814936715     
  -2.9273694579501353E-010   1.8688783853804125E-010  -1.7283182904862092E-014 -0.57978114207687459       0.78539909816885278     
  -3.1790881038773477E-010   1.7800783069787940E-010  -9.6629459246443047E-015 -0.58552116026500256       0.78539909818947251     
  -3.3177371960846358E-010   1.6434320571079297E-010  -9.6466916871293504E-015 -0.59082379809959495       0.78539909821126708     
  -3.3492764117681872E-010   1.4605561204916739E-010  -9.0383529662268279E-015 -0.59567406021420333       0.78539909823427645     
  -3.2752156542414923E-010   1.2439205221426164E-010  -1.0949057723261933E-014 -0.60005725904041540       0.78539909825854082     
  -3.1083979834534148E-010   9.9797503594345471E-011  -7.6528851073138250E-015 -0.60395903475548229       0.78539909828409993     
  -2.8551871977811061E-010   7.2765793390772160E-011  -1.3843921007580255E-014 -0.60736537534330970       0.78539909831099319     
  -2.5260105118718457E-010   4.4551917710577982E-011  -1.4477763458920246E-014 -0.61026263678101345       0.78539909833925958     
  -2.1332935418172383E-010   1.5802470443304628E-011  -9.4573309114491162E-015 -0.61263756335451935       0.78539909836893740     
  -1.6856294138278827E-010  -1.2225775947172224E-011  -1.3989962154587196E-014 -0.61447730810912438       0.78539909840006472     
  -1.2047385311575454E-010  -3.8749448094677064E-011  -1.5440604323759926E-014 -0.61576945344287526       0.78539909843267930     
  -7.0556893660977948E-011  -6.2658322974584735E-011  -2.0701155089147088E-014 -0.61650203185182351       0.78539909846681655     
  -2.1136425942813730E-011  -8.3295148556317145E-011  -2.1814728437146963E-014 -0.61666354682168956       0.78539909850251355     
   2.6154411969514513E-011  -9.9657171404032852E-011  -1.5461768219294485E-014 -0.61624299387953285       0.78539909853980316     
   6.9708461225559404E-011  -1.1167511360099525E-010  -1.3953033738104392E-014 -0.61522988180528937       0.78539909857871848     
   1.0773781866646459E-010  -1.1911271968756409E-010  -9.6784897953436823E-015 -0.61361425400448133       0.78539909861929291     
   1.3905121498680728E-010  -1.2175593866459167E-010  -1.4358815358834600E-014 -0.61138671004004297       0.78539909866155500     
   1.6352408316322453E-010  -1.2007550509451903E-010  -1.2731484187975979E-014 -0.60853842732651864       0.78539909870553504     
   1.8015822167427586E-010  -1.1431300350750462E-010  -1.3825484951251760E-014 -0.60506118297898526       0.78539909875125991     
   1.8897361453440453E-010  -1.0477307910150557E-010  -9.7546096447304859E-015 -0.60094737581614943       0.78539909879875580     
   1.8993251416077328E-010  -9.2228447101661004E-011  -1.8398128755114425E-014 -0.59619004851077895       0.78539909884804460     
   1.8353396580295112E-010  -7.6982864527508355E-011  -1.2888208159071763E-014 -0.59078290988043225       0.78539909889914883     
   1.7024955750732929E-010  -5.9623417314469407E-011  -1.0960089557506541E-014 -0.58472035731548866       0.78539909895208682     
   1.5094864247444661E-010  -4.1000092210197181E-011  -1.4248072911671745E-014 -0.57799749933607192       0.78539909900687599     
   1.2641915292377348E-010  -2.1744384071098466E-011  -1.7108330151902605E-014 -0.57061017827368876       0.78539909906352956     
   9.7711283508772340E-011  -2.4913404672588513E-012  -7.9767489338723236E-015 -0.56255499306863244       0.78539909912206007     
   6.5521699177395476E-011   1.4508394485801546E-011  -1.4094179524965135E-014 -0.55382932349282077       0.78539909907375294     
  -4.9086290587752046E-012   3.3934188792272835E-011  -1.4261798654015791E-014 -0.54443137496178007       0.78539909923871032     
  -5.6171955975514720E-011   3.4853453456662464E-011  -1.5284656231395033E-014 -0.53436008221707976       0.78539909918771222     
  -1.1163181490303486E-010   5.0347281899121299E-011  -1.2695510139127538E-014 -0.52361539085610842       0.78539909936255792     
  -1.3412293498049621E-010   5.4229509771630546E-011  -7.3365659608902011E-015 -0.51219793850769246       0.78539909930881047     
  -1.7460877188568702E-010   6.8454575341547752E-011  -9.5460426381574437E-015 -0.50010943991097989       0.78539909949350761     
  -1.8837353898959464E-010   6.7131633585404415E-011  -1.2847061633862245E-014 -0.48735234485144463       0.78539909943704900     
  -2.1944313033372964E-010   7.6629369516467705E-011  -2.8938517591853390E-015 -0.47393023082774677       0.78539909963149601     
  -2.2385782116884911E-010   6.9478645059461996E-011  -7.3724943923272769E-015 -0.45984745385197057       0.78539909957238496     
  -2.4350477190182573E-010   7.4937389626938966E-011  -9.0050315785612242E-015 -0.44510954795713153       0.78539909977640809     
  -2.3578650143463165E-010   6.3473226674659600E-011  -1.3278614607670991E-014 -0.42972286926294134       0.78539909971472421     
  -2.4019275457476397E-010   6.6004091081595107E-011  -1.3199055832814976E-014 -0.41369500197995751       0.78539909992807555     
  -2.1784130055380047E-010   5.1047610583054848E-011  -1.9098741301766936E-014 -0.39703439600801382       0.78539909986391931     
  -2.0624746355224488E-010   5.1567639047789271E-011  -2.1550061162832682E-014 -0.37975077897708465       0.78539910008627312     
  -1.7021717368947975E-010   3.4239278079439828E-011  -1.9479637909363332E-014 -0.36185478778409530       0.78539910001976887     
  -1.4600631814687404E-010   3.3558045231529832E-011  -1.5129814438668683E-014 -0.34335838610749025       0.78539910025072146     
  -1.0178835552210330E-010   1.5382362050786469E-011  -1.4111978436651788E-014 -0.32427449028598820       0.78539910018201531     
  -7.1971761883560248E-011   1.4976020423773662E-011  -1.3285136297344378E-014 -0.30461739162444612       0.78539910042108430     
  -2.7516655620729580E-011  -2.8790303474579559E-012  -1.2332354691916743E-014 -0.28440237735253349       0.78539910035034310     
   1.0871303857129533E-012  -1.9482193636122247E-012  -1.6456396674986819E-014 -0.26364615692006865       0.78539910059696516     
   3.9522163319816173E-011  -1.7976287125520685E-011  -1.2105488552358392E-014 -0.24236647855639357       0.78539910052438033     
   6.1658234074002394E-011  -1.4449330620891487E-011  -1.6977070459048597E-014 -0.22058255863338469       0.78539910077791364     
   9.0992102741438430E-011  -2.7833735316562525E-011  -5.5962966682189805E-015 -0.19831469483953107       0.78539910070369456     
   1.0457590349233215E-010  -2.1447732478918624E-011  -9.7026122861767056E-015 -0.17558469723182987       0.78539910096342180     
   1.2326140108598338E-010  -3.1656455234951864E-011  -1.3395458139017428E-014 -0.15241549913123664       0.78539910088779907     
   1.2748380129323778E-010  -2.2239987629291136E-011  -1.7399881884324286E-014 -0.12883158863338484       0.78539910115292699     
   1.3478906879527131E-010  -2.9130475809324707E-011  -1.6048109339819377E-014 -0.10485861848114000       0.78539910107615118     
   1.2935963411564444E-010  -1.7530865648041072E-011  -2.0937000365672763E-014  -8.0523836761777254E-002  0.78539910134581692     
   1.2563905471552061E-010  -2.1683987938558857E-011  -1.5837138601730984E-014  -5.5855697092368997E-002  0.78539910126815582     
   1.1125589338689679E-010  -8.0460083040634345E-012  -2.3328848216320629E-014  -3.0884286850823395E-002  0.78539910154143144     
   9.7898578133026604E-011  -9.7806207577377791E-012  -1.4522854097203120E-014  -5.6409395364253713E-003  0.78539910146316627     
   7.6628481338048005E-011   4.8894222004491894E-012  -1.4480109959506029E-014   1.9841342042657136E-002  0.78539910173906458     
   5.6727067487827298E-011   4.7872816821836750E-012  -1.2691207153650139E-014   4.5528270372227536E-002  0.78539910166049187     
   3.1731062222206674E-011   1.9444890142494842E-011  -8.7988707890072982E-015   7.1383856651660887E-002  0.78539910193797291     
   8.9084295495922561E-012   1.9777957049882389E-011  -9.6265555634853729E-015   9.7370789143325642E-002  0.78539910185939943     
  -1.5758061522319622E-011   3.2992275578180852E-011  -5.8692415656887288E-015  0.12345002530194119       0.78539910213738029     
  -3.7583269829610799E-011   3.3173019886589827E-011  -7.6189809575655047E-015  0.14958116206611077       0.78539910205912067     
  -5.8405724701060535E-011   4.4059422776854262E-011  -2.5678547760589208E-015  0.17572203925629695       0.78539910233648436     
  -7.6293638073821057E-011   4.2923442578057802E-011   2.7398477242250469E-015  0.20182909942936406       0.78539910225885834     
  -9.1093355081284244E-011   5.0941917351110533E-011  -1.5230705657004005E-014  0.22785700508615825       0.78539910253446299     
  -1.0274892048300899E-010   4.8401282981558325E-011  -1.1134575780149417E-014  0.25375898557237603       0.78539910245779232     
  -1.1000977906405751E-010   5.3204551875296602E-011  -1.3240017323161257E-014  0.27948647073743260       0.78539910273048419     
  -1.1435385971481082E-010   4.9268589208395497E-011  -3.5310072718215629E-015  0.30498942223690922       0.78539910265508928     
  -1.1378453734778304E-010   5.0602189105575235E-011  -9.9513678566342976E-015  0.33021598632535071       0.78539910292371140     
  -1.1122924803430578E-010   4.5599968245824130E-011  -1.3887224625431905E-014  0.35511280684031449       0.78539910284990722     
  -1.0332357192055497E-010   4.4073633631569464E-011  -1.2721330243851557E-014  0.37962469980438784       0.78539910311331473     
  -9.4181551446581580E-011   3.8302694349567901E-011  -9.1486201301378849E-015  0.40369494531597205       0.78539910304140725     
  -8.0867756935276702E-011   3.4175329233221419E-011  -1.1334593404866954E-014  0.42726498643943683       0.78539910329848039     
  -6.7247540869175282E-011   2.8428592813156683E-011  -1.5835046614510554E-014  0.45027469777349549       0.78539910322876394     
  -5.0240700488757284E-011   2.2078117112300788E-011  -1.7094846225768054E-014  0.47266211128976843       0.78539910347842046     
  -3.4400926551825250E-011   1.7204127011893888E-011  -1.3752178767544773E-014  0.49436365791473358       0.78539910341117125     
  -1.6592949236837740E-011   9.7034602575263307E-012  -7.1168353088591375E-015  0.51531392247082364       0.78539910365238130     
  -6.5103478164019180E-013   6.0629279374779799E-012  -9.5149958471749788E-015  0.53544585675345324       0.78539910358785836     
   1.5498713423767185E-011  -1.8088308628705363E-012  -1.0055624673165681E-014  0.55469056578153941       0.78539910381965483     
   2.9508839816116961E-011  -3.1565861036142451E-012  -1.1916652956211721E-014  0.57297748993158970       0.78539910375809308     
   4.1719516730154282E-011  -1.0712326858897114E-011  -1.6116931631205112E-014  0.59023422359529620       0.78539910397958768     
   5.1888271457301016E-011  -9.5470020777810305E-012  -9.2164927479440608E-015  0.60638666509117711       0.78539910392119505     
   5.9142024610991939E-011  -1.6793344492782580E-011  -1.0522283722904129E-014  0.62135886897729509       0.78539910413158864     
   6.3422156415526842E-011  -1.6760259846648751E-011  -1.4055351964753133E-014  0.63507313206481653       0.78539910420392489     
   5.9900528981415846E-011  -5.0995208056292540E-011  -1.1974791119324896E-014  0.64745000191777247       0.78539910427383464     
   5.4983573249955953E-011  -7.0225825155034727E-011  -1.1219390514512506E-014  0.65840816329515217       0.78539910434123306     
   5.0461856915262615E-011  -7.3184347471055844E-011  -1.2148521473460925E-014  0.66786451474844388       0.78539910440607885     
   4.3624215351201201E-011  -7.0991212908211310E-011  -1.1348716194204338E-014  0.67573413766401136       0.78539910446833572     
   3.4869884757426917E-011  -6.6466832038258872E-011  -1.9569104540638125E-014  0.68193028763489494       0.78539910452797479     
   2.4295676581687076E-011  -6.1268545792358964E-011  -2.3597484957693866E-014  0.68636438471872463       0.78539910458497553     
   1.2271961224996630E-011  -5.5493387662863825E-011  -2.0993034965787418E-014  0.68894600286532071       0.78539910463932405     
  -9.0194518520547717E-013  -4.9583892547389041E-011  -1.3882432653240987E-014  0.68958285832813426       0.78539910469101382     
  -1.4889423027852899E-011  -4.3139269934044933E-011  -1.1750477346944604E-014  0.68818079701401480       0.78539910474004571     
  -2.9275248891735828E-011  -3.6223468669049907E-011  -1.1314395152181040E-014  0.68464378046413588       0.78539910478642883     
  -4.3860248766236509E-011  -2.8101521110102112E-011  -1.8570787333472176E-014  0.67887387025124801       0.78539910483017872     
  -5.7917226570225466E-011  -1.8711698857032388E-011  -1.6384281408635983E-014  0.67077121073924761       0.78539910487131892     
  -7.0689676334723117E-011  -8.1477047331190988E-012  -1.2564254611282396E-014  0.66023400982644764       0.78539910490987952     
  -8.1800788365171684E-011   3.1197266991966899E-012  -1.2513276195626169E-014  0.64715851756502984       0.78539910494589793     
  -9.0376151007376393E-011   1.4927614699900005E-011  -1.7903343974265627E-014  0.63143900239099948       0.78539910497941934     
  -9.6150198913846907E-011   2.6011193199337868E-011  -2.2153476647187335E-014  0.61296772471174621       0.78539910501049326     
  -9.9254382490698845E-011   3.5649705409923627E-011  -1.7549926043859157E-014  0.59163490754131920       0.78539910503917798     
  -9.9199315428677437E-011   4.3023806739483916E-011  -1.3246762034577925E-014  0.56732870389344592       0.78539910506553567     
  -9.6646690650459277E-011   4.7989168194817466E-011  -1.7556462546765939E-014  0.53993516069073744       0.78539910508963684     
  -9.2056140488239180E-011   5.0393023087735855E-011  -1.3845241865802439E-014  0.50933817886262478       0.78539910511155309     
  -8.5820683892734451E-011   4.9941828450528192E-011  -1.1060458492783714E-014  0.47541946927868928       0.78539910513136568     
  -7.8042461382210604E-011   4.7601922403828212E-011  -6.3171045545891770E-015  0.43805850418048498       0.78539910514915690     
  -6.8695271693286486E-011   4.3371972680006365E-011  -8.9909835605235490E-015  0.39713246373793515       0.78539910516501332     
  -5.8173466044308952E-011   3.7797764917968379E-011  -1.4030527353064836E-014  0.35251617734203983       0.78539910517902545     
  -4.6676440490500681E-011   3.1036506698001176E-011  -1.7611212524325750E-014  0.30408205924890441       0.78539910519128686     
  -3.4616309818602531E-011   2.3204105303875622E-011  -1.6927957550468120E-014  0.25170003816955622       0.78539910520189338     
  -2.2364776697259003E-011   1.4556800209675202E-011  -9.3047760891350050E-015  0.19523748037551328       0.78539910521094303     
  -2.5481838861196593E-011   6.8136607467295107E-012  -1.5950878837669462E-014  0.13455908562128288       0.78539910506461963     
  -2.8218760661502529E-011  -9.4591001698063337E-014  -1.7438105780801981E-014   6.9526880221813372E-002  0.78539910493211096     
  -2.8140156871359068E-011  -7.5708328495238675E-012  -1.4965595019965608E-014  -1.1694954804439073E-014  0.78539910481283848     
