 force-1force-2force-3workmass
   2.6645352591003757E-015   7.1054273576010019E-015  -1.9398089615056806E-014   0.0000000000000000       0.78539816362971748     
   4.4349235395202413E-010  -1.3760086443781461E-003  -2.7793424743998183E-014  -3.0437933749415808E-007  0.78539816362971726     
  -1.4596409414480149E-008  -5.3869077181207814E-003  -2.4852651063046037E-014  -4.3278820790228212E-006  0.78539816362971815     
  -7.5990568504380462E-008  -1.2075109990949073E-002  -2.6615170439388093E-014  -2.0797748841481362E-005  0.78539816362972092     
  -2.2378736685979561E-007  -2.1493274582248034E-002  -2.6163016450825341E-014  -6.3719255134833674E-005  0.78539816362972625     
  -5.0785983685130986E-007  -3.3689749006891034E-002  -2.9859870494764336E-014  -1.5225842447027377E-004  0.78539816362973558     
  -9.8282839910979192E-007  -4.8700205378914063E-002  -2.7287115668579407E-014  -3.1057838141058947E-004  0.78539816362974924     
  -1.7018644666855209E-006  -6.6545593669975034E-002  -2.7656712789943949E-014  -5.6759993655633445E-004  0.78539816362976855     
  -2.7075964355027793E-006  -8.7228209739695473E-002  -3.0022378237712671E-014  -9.5665447030762740E-004  0.78539816362979431     
  -4.0218445689355065E-006 -0.11072146766595736       -2.9345534237415848E-014  -1.5149271469006576E-003  0.78539816362982695     
  -5.6346943964058482E-006 -0.13696611935940517       -3.2359936164231209E-014  -2.2827456764375753E-003  0.78539816362986770     
  -7.4914058894037794E-006 -0.16586538692028086       -3.0295347264922993E-014  -3.3026745413744507E-003  0.78539816362991699     
  -9.4796694054544162E-006 -0.19727412882558149       -2.8877963629776438E-014  -4.6182776817293991E-003  0.78539816362997628     
  -1.1421478063766699E-005 -0.23098751427948194       -3.0621986052438010E-014  -6.2725340817418873E-003  0.78539816363004533     
  -1.3072035497163625E-005 -0.26672914553014238       -2.9012450395806549E-014  -8.3058687264060405E-003  0.78539816363012527     
  -1.4113822050632052E-005 -0.30412474049244054       -3.0861269637871349E-014  -1.0753344687668198E-002  0.78539816363021697     
  -1.4098650379601452E-005 -0.34262856409294962       -2.9746169383357800E-014  -1.3639527367439674E-002  0.78539816363032144     
  -1.2321185306252147E-005 -0.38137749592296544       -3.1758366873254544E-014  -1.6968734395317209E-002  0.78539816363043868     
  -7.8199503423803662E-006 -0.41906432155463946       -3.1857360401874565E-014  -2.0712167378484470E-002  0.78539816363056980     
   2.0656906007943121E-007 -0.45409301462631824       -2.9095335469853858E-014  -2.4804092072021611E-002  0.78539816363071557     
   1.1867006560528637E-005 -0.48515500563400416       -2.8528055911826962E-014  -2.9162540586789687E-002  0.78539816363087633     
   2.6794062860435730E-005 -0.51181870399477702       -3.1913604839222335E-014  -3.3726253036831744E-002  0.78539816363105341     
   4.5006890233789676E-005 -0.53447509938255067       -3.1315093382757488E-014  -3.8470531886628967E-002  0.78539816363124682     
   6.7031305415188314E-005 -0.55366608300664666       -3.0044578519776159E-014  -4.3383029611852475E-002  0.78539816363145731     
   9.3031442395474784E-005 -0.56957537041177808       -3.1280592880403790E-014  -4.8432151151811320E-002  0.78539816363168569     
   1.2244039206610324E-004 -0.58211667383389809       -3.1013579399645736E-014  -5.3565184670464561E-002  0.78539816363193249     
   1.5449751110807597E-004 -0.59123391977156281       -2.9836934481582984E-014  -5.8725852514647015E-002  0.78539816363219817     
   1.8852373840072545E-004 -0.59699321213510714       -3.0272257776323151E-014  -6.3862979518752194E-002  0.78539816363248371     
   2.2365851916461565E-004 -0.59953282195556312       -3.0412687722288879E-014  -6.8929121380916669E-002  0.78539816363278980     
   2.5878604142137718E-004 -0.59905520999577178       -2.9699325706406958E-014  -7.3882065922270757E-002  0.78539816363311643     
   2.9275663020822407E-004 -0.59586065351547290       -2.7806003071450146E-014  -7.8690811073317990E-002  0.78539816363346449     
   3.2457821353970573E-004 -0.59037178822302572       -3.1660961171555025E-014  -8.3342180762679074E-002  0.78539816363383519     
   3.5358587881884063E-004 -0.58315599092009052       -2.7515223240218023E-014  -8.7848883714621184E-002  0.78539816363422821     
   3.7970438046697197E-004 -0.57496082426306749       -2.8611725917708753E-014  -9.2261276088555277E-002  0.78539816363464465     
   4.0383284170264488E-004 -0.56674850394985476       -3.1769819071705248E-014  -9.6681792251567256E-002  0.78539816363508530     
   4.2837886487534504E-004 -0.55968191821675539       -3.0401499357300389E-014 -0.10127476946457525       0.78539816363555015     
   4.5772368278917952E-004 -0.55499202459548336       -3.0317385372968944E-014 -0.10625699050400472       0.78539816363603998     
   4.9794107204004234E-004 -0.55369949876084235       -3.4697136563692744E-014 -0.11185613337876399       0.78539816363655568     
   5.5525108170195736E-004 -0.55629887620133545       -3.4561218169205346E-014 -0.11824637346837719       0.78539816363709747     
   6.3405053378007281E-004 -0.56263454885230324       -3.7352029191271968E-014 -0.12550133413201126       0.78539816363766612     
   7.3667208902761239E-004 -0.57212439321839170       -3.5830707615188326E-014 -0.13360770812351230       0.78539816363826298     
   8.6586333027649509E-004 -0.58420386984408701       -4.0329651122569468E-014 -0.14253670893642001       0.78539816363888826     
   1.0276454849629246E-003 -0.59864310814295330       -3.5067440058149351E-014 -0.15231343710872380       0.78539816363954285     
   1.2310284373784341E-003 -0.61550836857278490       -3.7822134295322579E-014 -0.16302417340683695       0.78539816364022763     
   1.4845001053112039E-003 -0.63488629860848356       -3.8136487078795123E-014 -0.17476519795928969       0.78539816364094373     
   1.7929366896507481E-003 -0.65666536932716824       -3.4567966902907452E-014 -0.18758897099176064       0.78539816364169168     
   2.1572811401435743E-003 -0.68051020651054550       -4.0423652975681796E-014 -0.20148641986099713       0.78539816364247306     
   2.5752230930604636E-003 -0.70593037842031947       -4.3729054496794880E-014 -0.21639302152153483       0.78539816364328896     
   3.0403217621355338E-003 -0.73231196310250013       -4.5944153660502395E-014 -0.23218933482776993       0.78539816364413984     
   3.5398127555490433E-003 -0.75889803157108382       -4.7551220814959041E-014 -0.24868953010464434       0.78539816364502757     
   4.0529541535230251E-003 -0.78477457277162799       -4.3240525886478202E-014 -0.26563114587977132       0.78539816364595372     
   4.5508527472981619E-003 -0.80889732346065024       -4.7640251263808471E-014 -0.28267734309306913       0.78539816364691928     
   4.9981069019251478E-003 -0.83016897495841846       -5.4288853736850674E-014 -0.29943697551962423       0.78539816364792547     
   5.3571617857075537E-003 -0.84757726388428090       -4.2620068087993325E-014 -0.31550800467412721       0.78539816364897419     
   5.5956623731323596E-003 -0.86038657596895973       -4.3101553404527688E-014 -0.33054444536484873       0.78539816365006665     
   5.6941442678670739E-003 -0.86831823661348473       -5.4983110722478315E-014 -0.34432793639367087       0.78539816365120463     
   5.6484736727737683E-003 -0.87160662500803809       -4.8291052088412288E-014 -0.35680527452714994       0.78539816365238924     
   5.4626239991506509E-003 -0.87085025559077067       -4.4509937619751389E-014 -0.36805756424821823       0.78539816365362225     
   5.1344028375348572E-003 -0.86670356584639130       -4.3053952092666757E-014 -0.37820615011650194       0.78539816365490567     
   4.6450351454181416E-003 -0.85959025859451721       -3.6149539852845499E-014 -0.38731174707466653       0.78539816365624149     
   3.9638491109008633E-003 -0.84962926644888626       -3.1797563628119506E-014 -0.39533819111503554       0.78539816365763193     
   3.0678882111256911E-003 -0.83680960238945090       -3.2032163993639817E-014 -0.40220621006095492       0.78539816365907822     
   1.9626446353795401E-003 -0.82125966924125038       -3.9300979347882498E-014 -0.40789175624199103       0.78539816366058346     
   6.8916605576152534E-004 -0.80341034825722701       -4.2923107737241752E-014 -0.41249543443133341       0.78539816366214998     
  -6.8352797480475402E-004 -0.78398054323288058       -3.6712249968892230E-014 -0.41624866370613844       0.78539816366378024     
  -2.0688636082555334E-003 -0.76386838172525451       -4.2293970226708817E-014 -0.41948113612871207       0.78539816366547710     
  -3.3662253540933662E-003 -0.74406079778912115       -4.1011475518895437E-014 -0.42259187427115386       0.78539816366724347     
  -4.4604708067188525E-003 -0.72558983152788059       -3.7741109305752334E-014 -0.42603694304555439       0.78539816366908222     
  -5.2275589699881664E-003 -0.70948693480040426       -3.6029334206321249E-014 -0.43031420736091874       0.78539816367099669     
  -5.5515333852245163E-003 -0.69668852834994865       -4.2269127375235566E-014 -0.43592245664444906       0.78539816367298954     
  -5.3487637524369802E-003 -0.68789632338370765       -4.1246886389844457E-014 -0.44329201406660701       0.78539816367506565     
  -4.5897326557131635E-003 -0.68343889364252774       -3.7347235422840652E-014 -0.45270532806369168       0.78539816367722748     
  -3.3071627487153421E-003 -0.68319863432537176       -4.5232617378965045E-014 -0.46423975031275599       0.78539816367947979     
  -1.5813227250154327E-003 -0.68666018747377677       -4.2054813658204555E-014 -0.47776721677136624       0.78539816368182624     
   4.9724780670423741E-004 -0.69309189306015107       -3.8431443221307233E-014 -0.49302729199951933       0.78539816368427262     
   2.8702824152482265E-003 -0.70179392509603744       -4.0431664277322715E-014 -0.50974824986246503       0.78539816368682258     
   5.5295853530274997E-003 -0.71228387484004330       -4.0331739575185004E-014 -0.52774932479531778       0.78539816368948179     
   8.4885157104954700E-003 -0.72430827243941565       -4.6264208976887413E-014 -0.54695586671543595       0.78539816369225512     
   1.1716644508393159E-002 -0.73767700522890145       -5.4681215908896798E-014 -0.56731290544976254       0.78539816369514748     
   1.5077829957926170E-002 -0.75203918395927793       -6.1230591738881565E-014 -0.58865488546845413       0.78539816369816540     
   1.8313326922839934E-002 -0.76675079465498897       -6.7588001731555442E-014 -0.61061853735345117       0.78539816370131432     
   2.1079134064612148E-002 -0.78090126616378441       -6.8529641754029750E-014 -0.63264681114002208       0.78539816370460036     
   2.3009591505472216E-002 -0.79344926576043662       -7.3397456610614147E-014 -0.65406385881973783       0.78539816370802940     
   2.3771274566794176E-002 -0.80337079383316379       -5.9063823334672992E-014 -0.67416677574094486       0.78539816371160742     
   2.3095271360270786E-002 -0.80976582464741398       -6.7453676952357364E-014 -0.69229950232564619       0.78539816371534066     
   2.0801970101519629E-002 -0.81193519328978425       -7.7814077968798276E-014 -0.70791202155257871       0.78539816371923454     
   1.6832600967699562E-002 -0.80945681675745362       -7.9565013285279105E-014 -0.72061986301441472       0.78539816372329407     
   1.1279340211471478E-002 -0.80225695310658374       -6.3523456490961733E-014 -0.73025987502286505       0.78539816372752536     
   4.3873857786813630E-003 -0.79063615607753235       -7.7782105413394357E-014 -0.73691655956074520       0.78539816373193427     
  -3.4914928193821027E-003 -0.77521004203728516       -6.0798992802874706E-014 -0.74089367693713726       0.78539816373652649     
  -1.1985814519249516E-002 -0.75676333901599335       -5.6169687184032012E-014 -0.74262936606578833       0.78539816374130766     
  -2.0791355201902562E-002 -0.73606722354616494       -4.8987943159033279E-014 -0.74258441275948606       0.78539816374628491     
  -2.9705362429425008E-002 -0.71374198955897228       -4.4729930105268359E-014 -0.74115329337044855       0.78539816375146543     
  -3.8577356201177082E-002 -0.69023256438526381       -5.0352039247860374E-014 -0.73864046464125721       0.78539816375685501     
  -4.7196617814808661E-002 -0.66590155895457315       -4.4477834457696418E-014 -0.73530801706543691       0.78539816376246152     
  -5.5183673432692260E-002 -0.64117082518102997       -5.3603438895208184E-014 -0.73145595444928801       0.78539816376829141     
  -6.1958473608363818E-002 -0.61661350085559619       -5.1369385717865857E-014 -0.72747633003615420       0.78539816377435179     
  -6.6812495647795345E-002 -0.59293866115922889       -4.8590864954086320E-014 -0.72384414380457329       0.78539816378064942     
  -6.9050069573510342E-002 -0.57088592717368591       -4.2589251448661788E-014 -0.72105296822711118       0.78539816378719229     
  -6.8134420474548207E-002 -0.55109578285900795       -3.5843114569623027E-014 -0.71953405973975748       0.78539816379398708     
  -6.3792292420187025E-002 -0.53401246381232603       -3.5123651280997100E-014 -0.71959350291166491       0.78539816380104133     
  -5.6068052115140432E-002 -0.51983515963834925       -4.3740494182270463E-014 -0.72137666789166044       0.78539816380836169     
  -4.5334351025992703E-002 -0.50850588434374266       -4.8097049399334832E-014 -0.72485251830365094       0.78539816381595484     
  -3.2255192770204388E-002 -0.49972606679863318       -2.8524647326727151E-014 -0.72981488256966021       0.78539816382382788     
  -1.7687479100109371E-002 -0.49300769147901935       -3.9027199482990134E-014 -0.73590981497042041       0.78539816383198580     
  -2.5267899747216660E-003 -0.48776145659434089       -3.4388818278403873E-014 -0.74269658379728565       0.78539816384043437     
   1.2453388917695207E-002 -0.48340184609299808       -3.9090192884433251E-014 -0.74973042673121704       0.78539816384917893     
   2.6690078754182167E-002 -0.47942969673736169       -2.9185769937899820E-014 -0.75663470575348679       0.78539816385822225     
   3.9789625215028934E-002 -0.47545912845384475       -1.6156533468900402E-014 -0.76312958818002397       0.78539816386756889     
   5.1374313011468331E-002 -0.47118791391088788       -2.1243881573851771E-014 -0.76900922706570007       0.78539816387722194     
   6.0915206580311576E-002 -0.46634539636547423       -4.3157028366664323E-014 -0.77409256066826604       0.78539816388718331     
   6.7672081914523119E-002 -0.46066242167667060       -7.1858752970003457E-014 -0.77818791191397807       0.78539816389745498     
   7.0798306797193788E-002 -0.45388542909762553       -8.3093704541140196E-014 -0.78109596814156834       0.78539816390803785     
   6.9564018621555590E-002 -0.44582092874120072       -5.9649829044908667E-014 -0.78264313030853305       0.78539816391893225     
   6.3586337251571479E-002 -0.43637599854215336       -6.0781985136573377E-014 -0.78271537521040280       0.78539816393013639     
   5.2973883012903400E-002 -0.42556781391342957       -3.3566138212316621E-014 -0.78126716751649194       0.78539816394164819     
   3.8359900543877501E-002 -0.41349833018199345       -3.0689517740571212E-014 -0.77830106570690472       0.78539816395346351     
   2.0843940082215795E-002 -0.40030812938116656       -5.4903839350596262E-014 -0.77383090164288326       0.78539816396557738     
   1.8589528398322841E-003 -0.38612728177378086       -7.2322085073146211E-014 -0.76784520764216824       0.78539816397798434     
  -1.7033306633429390E-002 -0.37103684113439028       -8.9277929577958311E-014 -0.76028344077798193       0.78539816399067730     
  -3.4392705523135447E-002 -0.35504977468141741       -9.0115798717208983E-014 -0.75103253525324654       0.78539816400364926     
  -4.9117394225469013E-002 -0.33811440426749284       -1.0101906859929951E-013 -0.73994464337918586       0.78539816401689166     
  -6.0521970978804518E-002 -0.32013373874775430       -1.0000287595536566E-013 -0.72686619467329372       0.78539816403039608     
  -6.8226451225385176E-002 -0.30098421970532474       -1.2898891939260437E-013 -0.71165911948481431       0.78539816404415175     
  -7.1921835289963099E-002 -0.28051774662635465       -1.2383739074797179E-013 -0.69419826618125646       0.78539816405814744     
  -7.1173982687227522E-002 -0.25854652513417808       -1.1914767991296521E-013 -0.67434791126250493       0.78539816407237084     
  -6.5418097082172721E-002 -0.23483115594163317       -9.7798255503868194E-014 -0.65194165320135711       0.78539816408680796     
  -5.4173056365250716E-002 -0.20909888396135390       -8.2919209850214189E-014 -0.62679343163541579       0.78539816410144436     
  -3.7356069931060887E-002 -0.18110163083871544       -6.8371720674598893E-014 -0.59874628831974031       0.78539816411626440     
  -1.5518226574990024E-002 -0.15069569917300774       -5.1013238720334527E-014 -0.56773723825093569       0.78539816413125085     
   1.0112366715368637E-002 -0.11791112467826448       -6.5935203600751223E-014 -0.53384664619135846       0.78539816414638586     
   3.7773397696643229E-002  -8.2987799227671744E-002  -4.5405250838875554E-014 -0.49731496713275192       0.78539816416165098     
   6.5419835412665606E-002  -4.6373049885452211E-002  -6.5498654681068743E-014 -0.45852984520563611       0.78539816417702601     
   9.1012789389239401E-002  -8.6833503735999074E-003  -3.9498872254811220E-014 -0.41799252631015049       0.78539816419248965     
  0.11279992176149634        2.9366764975883086E-002  -2.4392257646507952E-014 -0.37626696243199431       0.78539816420802000     
  0.12953269453806726        6.7056739464152137E-002  -2.7683528216045592E-014 -0.33391629011495638       0.78539816422359510     
  0.14054420677960167       0.10374177140744401       -7.2585302446217413E-014 -0.29144594656269573       0.78539816423919018     
  0.14564235675736370       0.13888546758895703       -1.0445590326405915E-013 -0.24928260111102762       0.78539816425478204     
  0.14487272287879449       0.17203075054013794       -1.1954140045650226E-013 -0.20780149946771864       0.78539816427034626     
  0.13830296487262572       0.20274625051034967       -1.0814933787366902E-013 -0.16737571246661620       0.78539816428585885     
  0.12598095068552340       0.23061678232891936       -7.9091594786692823E-014 -0.12839200929950767       0.78539816430129550     
  0.10810154163185715       0.25532394148632775       -4.4992624562024621E-014  -9.1191291044232514E-002  0.78539816431663323     
   8.5265887197568446E-002  0.27679609707794839       -2.8925367849235930E-014  -5.5943637367516175E-002  0.78539816433184995     
   5.8650305120288238E-002  0.29534814265655385       -4.5493172955318445E-014  -2.2519466419328005E-002  0.78539816434692244     
   2.9966102668836925E-002  0.31172839988562373       -5.8799006697116081E-014   9.5720193980319834E-003  0.78539816436182974     
   1.2239247180154678E-003  0.32704220259167727       -5.2717559596347068E-014   4.1142484313739125E-002  0.78539816437655241     
  -2.5589723262891440E-002  0.34258318300461355       -6.3934481902230434E-014   7.3197278259598875E-002  0.78539816439107157     
  -4.8808863624582699E-002  0.35963250265567481       -7.9825208199550283E-014  0.10676581155328080       0.78539816440537047     
  -6.7286063809495644E-002  0.37928260529015212       -8.6425030419410701E-014  0.14273923297250946       0.78539816441943300     
  -8.0459659883805656E-002  0.40232932650542175       -1.1150091942226363E-013  0.18176115859940012       0.78539816443324473     
  -8.8283425008205185E-002  0.42926084829052158       -1.5107960615492267E-013  0.22420501120132208       0.78539816444679289     
  -9.1051414472943293E-002  0.46033713393117814       -1.6495848595739754E-013  0.27023687329446844       0.78539816446006627     
  -8.9204253674427747E-002  0.49569781531697998       -1.7943985917304213E-013  0.31990893269704834       0.78539816447305477     
  -8.3223710520996974E-002  0.53540056398379932       -2.1449966372027548E-013  0.37319519604628937       0.78539816448575062     
  -7.3669046683361827E-002  0.57932485472168338       -2.2546142228090202E-013  0.42991143247754060       0.78539816449814726     
  -6.1306110448406059E-002  0.62697405204731815       -2.5453647402513567E-013  0.48954885020882166       0.78539816451024047     
  -4.7207736862922900E-002  0.67730141552871004       -2.6396471318511488E-013  0.55113102014527549       0.78539816452202715     
  -3.2721370108232506E-002  0.72869516269687118       -3.1435942809886375E-013  0.61320858364194564       0.78539816453350608     
  -1.9289966781990131E-002  0.77917329789852019       -3.0378076399360599E-013  0.67403055177387117       0.78539816454467948     
  -8.2017374667291421E-003  0.82672558042856537       -3.2054575854389493E-013  0.73183404780984240       0.78539816455555078     
  -3.7385344423235267E-004  0.86967433829671492       -3.2292814050077276E-013  0.78514201849687559       0.78539816456612588     
   3.7559793503252337E-003  0.90693155010624338       -2.8008634907316188E-013  0.83296851069706968       0.78539816457641365     
   4.2103672595015240E-003  0.93807960226315856       -3.0410873953575796E-013  0.87487752458326717       0.78539816458642353     
   1.3524033600269547E-003  0.96326816562398676       -2.5244035785661410E-013  0.91089670838602643       0.78539816459616751     
  -4.2763361843736192E-003  0.98299128843028427       -2.8150416395360891E-013  0.94134210053383782       0.78539816460565703     
  -1.2088554054619394E-002  0.99787187419457268       -2.2853974016171596E-013  0.96665285286287528       0.78539816461490797     
  -2.1501340465865937E-002   1.0085905332441669       -1.8557750264147782E-013  0.98733398071746592       0.78539816462393441     
  -3.1902050768934487E-002   1.0160139733566353       -1.6865018661908319E-013   1.0040376528901387       0.78539816463275258     
  -4.2586577739004206E-002   1.0214346305367314       -1.0009185344973626E-013   1.0177086761641370       0.78539816464137768     
  -5.2747229659966699E-002   1.0267294855585831       -5.1391665840570181E-014   1.0296545770841696       0.78539816464982759     
  -6.1551131751865107E-002   1.0342720301653152       -3.7440282489456879E-014   1.0414340801404975       0.78539816465811896     
  -6.8284569205316004E-002   1.0465769890336141       -6.2890848840835072E-014   1.0545706672575701       0.78539816466626899     
  -7.2494144336237909E-002   1.0658159052998784       -5.3185029000253178E-014   1.0702063790229488       0.78539816467429224     
  -7.4059714019052869E-002   1.0934055891017280       -3.1633079467626326E-014   1.0888417176859306       0.78539816468220636     
  -7.3173904573330617E-002   1.1298189491685413       -1.4446757328620455E-014   1.1102551241054144       0.78539816469002599     
  -7.0246517591055380E-002   1.1746562437499719        2.1135567461841414E-014   1.1336088942463558       0.78539816469776536     
  -6.5777924368974894E-002   1.2269098010034902        1.3995475906748867E-014   1.1576763661058376       0.78539816470543777     
  -6.0249974086414859E-002   1.2852869738342001        1.3468924767094211E-014   1.1810882813158958       0.78539816471305635     
  -5.4069073252312805E-002   1.3484374970819388        1.9628300839434570E-014   1.2025002137935346       0.78539816472063184     
  -4.7567968031388741E-002   1.4149817390039594       -1.9832873906272630E-014   1.2206318346130374       0.78539816472817603     
  -4.1041200253407073E-002   1.4833566440480865       -5.5229539155351390E-014   1.2342092885427114       0.78539816473569612     
  -3.4772896817838017E-002   1.5516291645723754       -4.9485778834622293E-014   1.2419087674758718       0.78539816474320001     
  -2.9027250044187269E-002   1.6174754795641419       -2.2626700695426135E-014   1.2424002025499332       0.78539816475069268     
  -2.4003807337588334E-002   1.6784346767050522       -4.4328474733096374E-015   1.2345160313948949       0.78539816475817847     
  -1.9786929012005849E-002   1.7323706120887685       -4.6186893979691843E-014   1.2174738067654038       0.78539816476565916     
  -1.6321793747840374E-002   1.7779393406534716       -9.9811933370022672E-014   1.1910350082601733       0.78539816477313495     
  -1.3429884198214559E-002   1.8148529540933040       -1.0757098474205287E-013   1.1555156902498327       0.78539816478060365     
  -1.0853456864862387E-002   1.8438438181870609       -1.2585498115922363E-013   1.1116458779285718       0.78539816478806146     
  -8.3077596318754665E-003   1.8663815441941871       -8.4771508146312046E-014   1.0603459986839940       0.78539816479550262     
  -5.5241759400992407E-003   1.8842960687611061       -1.2972641761976654E-013   1.0025126367041146       0.78539816480291968     
  -2.2784005588136758E-003   1.8994782611679604       -1.5368613591398893E-013  0.93888135770170855       0.78539816481030345     
   1.5941094003859568E-003   1.9137683028576262       -1.6131190778419076E-013  0.86998289891770497       0.78539816481764302     
   6.1914114452987778E-003   1.9290278778181360       -1.4807318251235553E-013  0.79615855295519422       0.78539816482492808     
   1.1545939664248994E-002   1.9472747367441450       -1.2103337957755243E-013  0.71757672061620603       0.78539816483214586     
   1.7634989256430256E-002   1.9707056200258997       -9.6969511302916638E-014  0.63420920664671909       0.78539816483928360     
   2.4402407849510421E-002   2.0014922731956588       -1.0467581754928002E-013  0.54577257517755529       0.78539816484632752     
   3.1787975649376854E-002   2.0413807694062349       -1.0374521145589882E-013  0.45168300450872767       0.78539816485326508     
   3.9754520919898173E-002   2.0912627553397058       -1.2229664143032861E-013  0.35107898109168456       0.78539816486008385     
   4.8300588013509449E-002   2.1509233720304834       -1.0371656186209804E-013  0.24292997432122132       0.78539816486677305     
   5.7451585663989446E-002   2.2190826822806073       -8.4938635525668169E-014  0.12619910052532335       0.78539816487332414     
   6.7232582295380761E-002   2.2936983589009898       -4.8290378106493998E-014  -2.1358490442951637E-014  0.78539816487973724     
