 force-1force-2force-3workmass
  -8.8817841970012523E-015  -8.8817841970012523E-016  -2.1618456724884375E-014   0.0000000000000000       0.78539909798813157     
   2.4913404672588513E-013   4.8849813083506888E-014  -2.5345344909853285E-014  -9.6757651489500635E-009  0.78539909798813157     
  -1.8429702208777599E-013  -1.3056222769591841E-013  -1.7966422674384416E-014  -1.9264116678588405E-007  0.78539909798813157     
   4.8405723873656825E-014  -4.5297099404706387E-013  -2.6355940054428102E-014  -9.5930751948733461E-007  0.78539909798813135     
   1.3100631690576847E-013   3.8857805861880479E-013  -1.8495551972382822E-014  -2.9504311025267682E-006  0.78539909798813135     
  -2.1183055309847987E-013  -1.2123635428906709E-013  -2.1175286048353596E-014  -7.1265741528568627E-006  0.78539909798813135     
  -1.3722356584366935E-013  -7.1498362785860081E-014  -2.0054428492217693E-014  -1.4545266682007563E-005  0.78539909798813090     
   3.7969627442180354E-013  -3.9923619965520629E-013  -2.0630843138272318E-014  -2.6317417140889199E-005  0.78539909798813135     
   1.7985612998927536E-013   4.9871218266162032E-013  -1.9189584702653716E-014  -4.3644840202278212E-005  0.78539909798813157     
   1.4210854715202004E-013  -3.6015634918840078E-013  -2.0436808178756423E-014  -6.7547379744820057E-005  0.78539909798813135     
  -2.2559731860383181E-013   2.0072832285222830E-013  -2.2491790059756094E-014  -9.8623585037121986E-005  0.78539909798813146     
   1.0302869668521453E-013   2.6600943670018751E-013  -2.3383269277443127E-014  -1.3694025338270577E-004  0.78539909798813090     
  -1.8651746813702630E-014   2.6645352591003757E-014  -1.5130225238727496E-014  -1.8192920156213932E-004  0.78539909798813135     
  -2.4424906541753444E-014   4.3520742565306136E-014  -1.9111386779603001E-014  -2.3246304558420527E-004  0.78539909798813201     
   1.8873791418627661E-013   1.1368683772161603E-013  -1.9970074089669780E-014  -2.8713219959333736E-004  0.78539909798813268     
   7.4162898044960457E-014   1.2700951401711791E-013  -1.9664789069646735E-014  -3.4454230229050142E-004  0.78539909798813312     
   1.4077627952246985E-013  -1.5143442055887135E-013  -2.0766566501446871E-014  -4.0358040628402092E-004  0.78539909798813357     
  -4.2277292777725961E-013   6.1861626932113722E-013  -1.1151990997469754E-014  -4.6364412356444951E-004  0.78539909798813334     
  -2.2915003228263231E-013  -3.1397107136399427E-013  -1.9201633274996138E-014  -5.2478969560854072E-004  0.78539909798813334     
   2.9709568138969189E-013   5.3290705182007514E-015  -2.3490156763065800E-014  -5.8780391223031692E-004  0.78539909798813434     
  -1.9451107391432743E-013   2.3492319201068312E-013  -2.1328885440567381E-014  -6.5421790596020823E-004  0.78539909798813512     
  -1.6742163211347361E-013  -1.5365486660812167E-013  -2.0773899239641151E-014  -7.2623678497757416E-004  0.78539909798813556     
  -4.7473136532971694E-013  -4.0589753780295723E-013  -1.0687321678564563E-014  -8.0655583569266831E-004  0.78539909798813512     
   1.8651746813702630E-014  -9.4591001698063337E-014  -1.7232855769734468E-014  -8.9806207012349537E-004  0.78539909798813479     
  -3.2196467714129540E-013   3.1086244689504383E-015  -2.2397646719340921E-014  -1.0034468965759435E-003  0.78539909798813712     
  -1.3633538742396922E-013   1.7763568394002505E-015  -2.4233422358571654E-014  -1.1247872289658623E-003  0.78539909798813823     
  -1.7763568394002505E-014   2.5845992013273644E-013  -1.8800242706260883E-014  -1.2631735436024472E-003  0.78539909798813801     
   1.4122036873231991E-013  -1.0569323194431490E-013  -1.7480016319641569E-014  -1.4184560783915834E-003  0.78539909798813756     
  -4.1433523279010842E-013   1.1102230246251565E-014  -1.9018519554960292E-014  -1.5891539769801177E-003  0.78539909798814178     
   4.2721381987576024E-013  -2.4558133304708463E-013  -1.7294719098513799E-014  -1.7725413825201430E-003  0.78539909798814578     
   1.4122036873231991E-013   1.8562928971732617E-013  -1.7311198099571588E-014  -1.9648970175936142E-003  0.78539909798814878     
  -1.2123635428906709E-013  -3.1086244689504383E-015  -1.9579302801641764E-014  -2.1618849211043623E-003  0.78539909798814744     
  -1.1013412404281553E-013  -1.3145040611561853E-013  -1.8348337452062953E-014  -2.3590239868900298E-003  0.78539909798814711     
   9.4591001698063337E-014   1.3455903058456897E-013  -1.8907613048186378E-014  -2.5521975733084901E-003  0.78539909798814622     
   9.5035090907913400E-014   2.6467716907063732E-013  -2.3880183604063896E-014  -2.7381487814621686E-003  0.78539909798815077     
  -3.6859404417555197E-014   2.9531932455029164E-013  -2.2781158829857730E-014  -2.9149028571875402E-003  0.78539909798815499     
  -2.2515322939398175E-013   7.5495165674510645E-014  -2.1421948474856631E-014  -3.0820593529217177E-003  0.78539909798815599     
  -1.7053025658242404E-013   6.7945649107059580E-014  -1.5021108384793890E-014  -3.2409064142113753E-003  0.78539909798815544     
   3.5660363550960028E-013   1.7585932710062480E-013  -2.1122382531484448E-014  -3.3943292957510085E-003  0.78539909798815455     
   3.3706371027619753E-013  -2.2382096176443156E-013  -2.1119951951647583E-014  -3.5465123624319750E-003  0.78539909798815855     
  -2.6023627697213669E-013  -3.8902214782865485E-013  -1.9719093999335526E-014  -3.7024630537435543E-003  0.78539909798816210     
   3.8902214782865485E-013  -1.6919798895287386E-013  -1.9366932406722951E-014  -3.8674119431675313E-003  0.78539909798816265     
  -1.6653345369377348E-013   3.5527136788005009E-015  -1.7158036439880879E-014  -4.0461604315449318E-003  0.78539909798816232     
   1.2256862191861728E-013  -1.7319479184152442E-013  -1.6040647900574133E-014  -4.2424549620561081E-003  0.78539909798816143     
  -8.5265128291212022E-014   9.8143715376863838E-014  -2.3150347132904274E-014  -4.4584639019158434E-003  0.78539909798816510     
   2.2337687255458150E-013  -6.2172489379008766E-014  -2.4018072871661129E-014  -4.6944217021720469E-003  0.78539909798816931     
   1.5454304502782179E-013   1.2922996006636822E-013  -2.1891420147969403E-014  -4.9484866091487056E-003  0.78539909798817020     
  -1.4432899320127035E-013   1.9539925233402755E-013  -1.6550344549519734E-014  -5.2168345666809834E-003  0.78539909798816920     
   5.7287508070658077E-014  -1.5809575870662229E-013  -1.5279528051579817E-014  -5.4939853550184381E-003  0.78539909798816820     
   1.0302869668521453E-013   1.3677947663381929E-013  -1.7542885870599414E-014  -5.7733298138362699E-003  0.78539909798817420     
  -2.7178259642823832E-013  -1.1812772982011666E-013  -1.1059618909074027E-014  -6.0478021526975123E-003  0.78539909798818097     
  -1.4788170688007085E-013  -7.0610184366159956E-014  -1.9032868553063776E-014  -6.3106224101887598E-003  0.78539909798818175     
   1.5720758028692217E-013   8.8373752760162461E-014  -1.6382195219388381E-014  -6.5560235283321777E-003  0.78539909798818119     
  -7.2830630415410269E-014   4.8272497110701806E-013  -1.3061798211158904E-014  -6.7798774478955437E-003  0.78539909798817997     
   6.7057470687359455E-014  -5.3290705182007514E-014  -1.3680461940334632E-014  -6.9801451893138911E-003  0.78539909798818408     
   3.5971225997855072E-014   5.3868021154812595E-013  -1.6085169658839569E-014  -7.1570956945978814E-003  0.78539909798818830     
   1.7097434579227411E-013   5.5955240441107890E-014  -1.8398859374374042E-014  -7.3132650699019308E-003  0.78539909798818885     
  -3.3884006711559778E-013   1.1546319456101628E-013  -2.0486339021775558E-014  -7.4531579256504887E-003  0.78539909798818863     
   2.4780177909633494E-013   2.3758772726978350E-013  -1.7831584349786463E-014  -7.5827226531264280E-003  0.78539909798819074     
  -5.9019455989073322E-013  -1.9095836023552692E-014  -1.8027680492834263E-014  -7.7086589373001058E-003  0.78539909798819052     
   1.6298074001497298E-013  -2.0872192862952943E-013  -1.8821108452898858E-014  -7.8376355872193937E-003  0.78539909798819063     
   5.9063864910058328E-014   1.2789769243681803E-013  -2.3504217979549622E-014  -7.9755073386071906E-003  0.78539909798819130     
  -3.4638958368304884E-013  -1.1945999744966684E-013  -1.0572801994787343E-014  -8.1266200849499093E-003  0.78539909798819119     
  -1.5099033134902129E-014  -1.0658141036401503E-013  -1.2498753275168537E-014  -8.2932837797868864E-003  0.78539909798818863     
   3.1974423109204508E-013   3.6415315207705135E-014  -1.1268774398914589E-014  -8.4754731619494095E-003  0.78539909798818952     
  -1.3766765505351941E-013  -5.3912430075797602E-013  -1.1821385465966922E-014  -8.6707902205320764E-003  0.78539909798818974     
  -1.1324274851176597E-013   1.5232259897857148E-013  -1.1591531945560991E-014  -8.8746919487228126E-003  0.78539909798819008     
   1.5498713423767185E-013  -1.8474111129762605E-013  -1.7738946759920807E-014  -9.0809565548739535E-003  0.78539909798818930     
   1.5720758028692217E-013   2.2204460492503131E-015  -1.2711068973119783E-014  -9.2823342346521898E-003  0.78539909798818752     
  -2.8910207561239076E-013   2.6112445539183682E-013  -8.2202048280190532E-015  -9.4713079549579859E-003  0.78539909798818919     
   1.6164847238542279E-013  -2.8643754035329039E-013  -1.5380898081569678E-014  -9.6408782409933558E-003  0.78539909798818908     
  -1.1501910535116622E-013   1.9362289549462730E-013  -1.6719017887809585E-014  -9.7852842048142818E-003  0.78539909798819063     
   2.9798385980939202E-013  -2.4069635173873394E-013  -2.0385201511327422E-014  -9.9005817090547232E-003  0.78539909798819085     
   1.1812772982011666E-013  -9.2814644858663087E-014  -1.1222281477076355E-014  -9.9850170579456332E-003  0.78539909798819030     
  -3.3306690738754696E-014   5.0848214527832170E-013  -1.7915736459292797E-014  -1.0039158686293348E-002  0.78539909798818774     
  -7.9047879353311146E-014   1.3589129821411916E-013  -2.5383579452730572E-014  -1.0065777286694999E-002  0.78539909798818386     
  -9.2370555648813024E-014  -3.0642155479654321E-014  -1.9742632103127451E-014  -1.0069492986017448E-002  0.78539909798818530     
   2.0206059048177849E-013  -1.7541523789077473E-013  -1.3938504707067127E-014  -1.0056233855444408E-002  0.78539909798818375     
   1.0791367799356522E-013   8.5265128291212022E-014  -1.9970420979230838E-014  -1.0032569371880129E-002  0.78539909798817964     
  -2.6911806116913795E-013   1.8651746813702630E-014  -2.2856385741537342E-014  -1.0004994736471762E-002  0.78539909798817220     
  -4.6185277824406512E-014   3.2462921240039577E-013  -2.0968721614693230E-014  -9.9792444834383431E-003  0.78539909798817431     
  -3.7747582837255322E-014   5.4178883601707639E-014  -2.1034119757049392E-014  -9.9597081520474973E-003  0.78539909798817176     
   1.0658141036401503E-014  -3.0020430585864233E-013  -1.7724753685845278E-014  -9.9490065170524389E-003  0.78539909798816776     
  -8.1268325402561459E-014   3.2862601528904634E-014  -2.0976105551566411E-014  -9.9477675063295301E-003  0.78539909798815954     
  -3.4194869158454821E-014   1.3322676295501878E-015  -2.4302335373364607E-014  -9.9546173834137441E-003  0.78539909798816188     
  -1.1679546219056647E-013   2.1627144519698049E-013  -1.7084576231558959E-014  -9.9663793896622721E-003  0.78539909798814000     
   1.1235457009206584E-013  -4.0500935938325711E-013  -2.0711340835303289E-014  -9.9784499847137553E-003  0.78539909798812702     
  -2.3847590568948362E-013   3.0775382242609339E-013  -2.3147622221631554E-014  -9.9853061929571219E-003  0.78539909798812446     
   5.0182080713057076E-014   1.5143442055887135E-013  -2.2343570043392519E-014  -9.9810858825537530E-003  0.78539909798812890     
  -2.1715962361668062E-013   1.6919798895287386E-013  -1.9100596516361561E-014  -9.9601786789582647E-003  0.78539909798813190     
   8.7929663550312398E-014   2.0561330416057899E-013  -1.9755817123575403E-014  -9.9177676904367296E-003  0.78539909798810348     
   1.2256862191861728E-013  -3.1352698215414421E-013  -1.3765890171086305E-014  -9.8502705569747384E-003  0.78539909798809049     
  -1.0302869668521453E-013  -6.0129679013698478E-013  -1.5420358746497280E-014  -9.7556417161213105E-003  0.78539909798809493     
   2.3980817331903381E-014   6.9855232709414850E-013  -1.6430719535562502E-014  -9.6335135695717611E-003  0.78539909798809071     
   4.8094861426761781E-013  -1.3233858453531866E-013  -1.6066875629330813E-014  -9.4851714266139808E-003  0.78539909798808316     
  -4.2188474935755949E-014  -2.8288482667448989E-013  -1.1871902126247269E-014  -9.3133735719543864E-003  0.78539909798806462     
  -1.7497114868092467E-013  -3.1130653610489389E-013  -1.5623508572040274E-014  -9.1220415242361241E-003  0.78539909798807006     
   2.0294876890147862E-013   2.9176661087149114E-013  -2.1327314337125264E-014  -8.9158564436799814E-003  0.78539909798806462     
  -4.3121062276441080E-013  -4.2543746303635999E-013  -1.9963488467565423E-014  -8.6998037289998109E-003  0.78539909798805596     
   2.0472512574087887E-013  -1.3011813848606835E-013  -1.5183407414794881E-014  -8.4787103997943092E-003  0.78539909798803365     
   0.0000000000000000       -9.0949470177292824E-013  -1.8791213008043028E-014  -8.2568175315143044E-003  0.78539909798803964     
   2.1760371282653068E-014   5.1558757263592270E-013  -1.6365339816603979E-014  -8.0374248199355236E-003  0.78539909798803387     
  -3.9523939676655573E-014   3.8191672047105385E-013  -1.4940162138613577E-014  -7.8226356727730817E-003  0.78539909798802476     
  -2.4646951146678475E-013  -2.0117241206207837E-013  -2.3606505221516495E-014  -7.6132214034210222E-003  0.78539909798800112     
   1.6520118606422329E-013  -4.1611158962950867E-013  -1.3884559848489604E-014  -7.4086115668690056E-003  0.78539909798800789     
  -3.1086244689504383E-015   1.9584334154387761E-013  -1.8943642974137220E-014  -7.2070065286289342E-003  0.78539909798800134     
   1.7053025658242404E-013  -2.9709568138969189E-013  -1.4576884356236198E-014  -7.0055975725962227E-003  0.78539909798801033     
  -1.9451107391432743E-013  -2.1049828546892968E-013  -1.8013582930315229E-014  -6.8008713080236483E-003  0.78539909798801744     
   3.8058445284150366E-013   3.4061642395499803E-013  -1.6635185075184353E-014  -6.5889680803894457E-003  0.78539909798796370     
  -4.5297099404706387E-014  -8.7485574340462335E-014  -1.9939505700250696E-014  -6.3660602097659336E-003  0.78539909798792418     
  -3.3972824553529790E-013   1.2612133559741778E-013  -1.6320619121191264E-014  -6.1287149315374378E-003  0.78539909798791696     
  -1.2345680033831741E-013   6.6613381477509392E-015  -9.0040964758325034E-015  -5.8742089014223176E-003  0.78539909798792651     
  -7.9936057773011271E-015  -2.6778579353958776E-013  -1.4389638499207707E-014  -5.6007664015185199E-003  0.78539909798793528     
   5.0182080713057076E-014   6.0129679013698478E-013  -1.8105797718301851E-014  -5.3077012138960100E-003  0.78539909798787333     
   5.4178883601707639E-014  -2.9665159217984183E-013  -1.6271896650173989E-014  -4.9954517588131075E-003  0.78539909798782537     
  -2.0561330416057899E-013   2.8865798640254070E-014  -1.7493868499293386E-014  -4.6655099447336923E-003  0.78539909798781671     
  -1.3011813848606835E-013   3.2196467714129540E-013  -1.5015208343508920E-014  -4.3202546159357702E-003  0.78539909798782803     
   2.5357493882438575E-013  -9.6989083431253675E-013  -1.4899140838602266E-014  -3.9627098663101989E-003  0.78539909798783802     
  -2.3714363805993344E-013   2.8776980798284058E-013  -1.2978734664490062E-014  -3.5962554836292959E-003  0.78539909798776886     
  -9.1482377229112899E-014   6.1506355564233672E-013  -1.7031007290638616E-014  -3.2243205377855411E-003  0.78539909798771501     
  -1.0080825063596421E-013  -3.1752378504279477E-013  -8.9146042670477001E-015  -2.8500914884235229E-003  0.78539909798770591     
   2.8776980798284058E-013   4.1966430330830917E-013  -1.5492641091518663E-014  -2.4762627853118779E-003  0.78539909798771745     
   1.9406698470447736E-013   4.7073456244106637E-014  -7.9627951701462028E-015  -2.1048516780481918E-003  0.78539909798772789     
  -2.2737367544323206E-013  -2.5401902803423582E-013  -1.3240313443833832E-014  -1.7370905126417036E-003  0.78539909798765639     
   2.3048229991218250E-013   1.1635137298071641E-013  -8.8636408676464166E-015  -1.3734003553729224E-003  0.78539909798760099     
  -2.0206059048177849E-013  -4.2144066014770942E-013  -7.1957991979513417E-015  -1.0134408156456942E-003  0.78539909798761687     
   6.7501559897209518E-014  -3.2773783686934621E-013  -1.3973757441258056E-014  -6.5622332624970525E-004  0.78539909798762841     
  -1.2256862191861728E-013  -2.6023627697213669E-013  -1.3564337064228771E-014  -3.0027000116827907E-004  0.78539909798756380     
  -3.0286884111774270E-013   9.3258734068513149E-015  -1.4903135238936497E-014   5.6202110192415944E-005  0.78539909798747465     
  -2.2470914018413168E-013  -8.7219120814552298E-013  -1.7975775643285410E-014   4.1509114809290537E-004  0.78539909798741903     
   1.4077627952246985E-013  -3.8635761256955448E-014  -2.0308424123219793E-014   7.7823202104276845E-004  0.78539909798743590     
   1.9229062786507711E-013  -6.2172489379008766E-014  -1.2038878268899940E-014   1.1472421761333784E-003  0.78539909798744767     
  -3.5305092183079978E-013  -2.6512125828048738E-013  -1.4073898565730288E-014   1.5233995502712538E-003  0.78539909798737684     
  -1.0169642905566434E-013  -1.9717560917342780E-013  -1.1654085791648476E-014   1.9075561596655355E-003  0.78539909798728336     
  -1.1102230246251565E-013   1.6076029396572267E-013  -1.8709391148018717E-014   2.3000872679599382E-003  0.78539909798722429     
   1.9895196601282805E-013  -7.7715611723760958E-014  -1.5095692557285535E-014   2.7008738449705305E-003  0.78539909798724272     
   1.4521717162097048E-013   9.3258734068513149E-014  -2.1305783311417065E-014   3.1093150100542921E-003  0.78539909798725538     
  -1.1635137298071641E-013   3.8813396940895473E-013  -2.5526923954899836E-014   3.5243670818823070E-003  0.78539909798717589     
   2.1493917756743031E-013  -5.8220095411343209E-013  -1.2876957849922557E-014   3.9446061049108749E-003  0.78539909798707785     
  -7.1942451995710144E-014   1.0835776720341528E-013  -1.2862934315404958E-014   4.3683108080991850E-003  0.78539909798701513     
  -1.9895196601282805E-013   6.2927441035753873E-013  -1.1576653048391608E-014   4.7935623784338688E-003  0.78539909798703522     
  -3.0198066269804258E-013  -7.9669604247101233E-013  -2.0188257868962253E-014   5.2183562490539792E-003  0.78539909798704743     
  -2.1316282072803006E-014  -7.4695805096780532E-013  -2.0021455165242674E-014   5.6407193205663120E-003  0.78539909798696339     
   2.5046631435543532E-013   8.6020079947957129E-013  -2.0413908875488266E-014   6.0588242664296743E-003  0.78539909798686569     
  -1.1413092693146609E-013  -2.6556534749033744E-013  -2.0328316737036158E-014   6.4710913392711511E-003  0.78539909798680307     
  -2.7355895326763857E-013   4.4053649617126212E-013  -2.0631843269508357E-014   6.8762678387161991E-003  0.78539909798682350     
  -8.5265128291212022E-014   1.2390088954816747E-013  -2.1364817695674099E-014   7.2734768622439994E-003  0.78539909798683516     
  -1.8474111129762605E-013   3.4194869158454821E-013  -1.2730710695161479E-014   7.6622297560615671E-003  0.78539909798674956     
  -1.3145040611561853E-013   2.4247270857813419E-013  -2.1509392580251129E-014   8.0424008554236259E-003  0.78539909798665497     
   2.4913404672588513E-013   3.0819791163594346E-013  -1.4106224124602728E-014   8.4141678222322547E-003  0.78539909798659457     
  -1.3100631690576847E-013  -3.4017233474514796E-013  -1.7382591270478706E-014   8.7779251243813583E-003  0.78539909798661500     
   3.5793590313915047E-013   5.0803805606847163E-013  -1.4875660194911419E-014   9.1341816798831132E-003  0.78539909798662622     
   2.3980817331903381E-013  -3.7303493627405260E-014  -1.2565097564796201E-014   9.4834550910012361E-003  0.78539909798653995     
   2.9931612743894220E-013   5.9241500593998353E-013  -1.9877104553297141E-014   9.8261744792655925E-003  0.78539909798644880     
  -2.3980817331903381E-014  -4.7961634663806763E-014  -1.8052463123302160E-014   1.0162601593411313E-002  0.78539909798639018     
  -4.8405723873656825E-013   3.3839597790574771E-013  -1.2931732919328131E-014   1.0492775892985584E-002  0.78539909798641072     
   1.1723955140041653E-013  -7.9936057773011271E-014  -2.0868876959445794E-014   1.0816485310974677E-002  0.78539909798642160     
  -2.4424906541753444E-014  -5.4178883601707639E-014  -1.0492141301482905E-014   1.1133260312527149E-002  0.78539909798633323     
  -2.6645352591003757E-014  -1.6875389974302379E-013  -1.8916082384416067E-014   1.1442386225306578E-002  0.78539909798624508     
  -2.8510527272374020E-013   1.1457501614131615E-013  -1.5704042704239894E-014   1.1742927669919911E-002  0.78539909798618712     
   2.0872192862952943E-014   1.6076029396572267E-013  -1.6152591649774788E-014   1.2033759011527145E-002  0.78539909798620866     
   8.7485574340462335E-014  -8.7041485130612273E-014  -1.1586905052302516E-014   1.2313596687501871E-002  0.78539909798621887     
  -1.1279865930191590E-013   2.8066438062523957E-013  -1.9004744968916339E-014   1.2581031173663604E-002  0.78539909798612872     
  -1.8074430840897548E-013   1.3855583347321954E-013  -1.6043628835043647E-014   1.2834558522453410E-002  0.78539909798604457     
   1.8030021919912542E-013   1.5720758028692217E-013  -1.4637757202001449E-014   1.3072612693632024E-002  0.78539909798598906     
   1.4654943925052066E-013   1.2700951401711791E-013  -2.7180349621977681E-014   1.3293599704645942E-002  0.78539909798601082     
   1.3455903058456897E-013  -4.0945025148175773E-013  -9.0355140046932002E-015   1.3495934058943337E-002  0.78539909798601970     
  -5.2136073236397351E-013  -3.2063240951174521E-013  -1.6859801653984397E-014   1.3678075981860882E-002  0.78539909798593155     
  -3.5083047578154947E-014   3.1530333899354446E-013  -1.3959404595917250E-014   1.3838566423765020E-002  0.78539909798585539     
   2.4202861936828413E-013   4.0856207306205761E-014  -1.1270240197103598E-014   1.3976055651110819E-002  0.78539909798580454     
   4.3076653355456074E-014  -2.0250467969162855E-013  -1.3466124930382028E-014   1.4089320699557817E-002  0.78539909798582486     
   1.2434497875801753E-013   3.8458125573015423E-013  -1.8336268398624476E-014   1.4177268395825671E-002  0.78539909798583274     
  -1.2656542480726785E-013  -4.2987835513486061E-013  -1.3135847053888693E-014   1.4238922373574603E-002  0.78539909798574814     
   1.2478906796786760E-013   1.2612133559741778E-013  -1.8671798418112147E-014   1.4273395294851721E-002  0.78539909798568197     
   1.3011813848606835E-013   1.9184653865522705E-013  -2.2251797702695624E-014   1.4279850044264464E-002  0.78539909798563712     
   1.6164847238542279E-013  -4.2810199829546036E-013  -1.7566655166402172E-014   1.4257455084119464E-002  0.78539909798565666     
   1.5831780331154732E-013  -1.1279865930191590E-013  -1.8524930765879581E-014   1.4205340250141640E-002  0.78539909798566254     
   1.0880185641326534E-013  -2.9842794901924208E-013  -1.4160698633761582E-014   1.4122558299127341E-002  0.78539909798558294     
  -1.6653345369377348E-014  -2.6822988274943782E-013  -2.0181115579979704E-014   1.4008056062612351E-002  0.78539909798552698     
   1.1124434706744069E-013   1.0755840662568517E-012  -1.7729182079904926E-014   1.3860656861343301E-002  0.78539909798548813     
  -1.1768364061026659E-013  -9.4768637382003362E-013  -1.1986945084551752E-014   1.3679053271370867E-002  0.78539909798550678     
   1.3855583347321954E-013  -3.3928415632544784E-013  -1.6239794641910871E-014   1.3461808150508903E-002  0.78539909798551166     
   1.1057821325266559E-013   4.9116266609416925E-013  -1.9729173301614882E-014   1.3207360774300403E-002  0.78539909798543717     
  -1.3966605649784469E-013  -2.2204460492503131E-014  -2.2257871612952960E-014   1.2914035357991738E-002  0.78539909798539154     
   2.2537527399890678E-013  -1.7408297026122455E-013  -1.3855191228221324E-014   1.2580050218804928E-002  0.78539909798535812     
   1.6986412276764895E-013   7.2830630415410269E-013  -2.1356728027220200E-014   1.2203526702500245E-002  0.78539909798537610     
  -1.6053824936079764E-013  -7.3807626677080407E-013  -1.2654373377202652E-014   1.1782498481292203E-002  0.78539909798537966     
   8.6819440525687241E-014  -3.7925218521195347E-013  -1.6863069154079349E-014   1.1314921994871607E-002  0.78539909798531105     
   8.6819440525687241E-014   2.6645352591003757E-013  -2.4091295992610113E-014   1.0798688825702785E-002  0.78539909798527718     
  -2.2248869413488137E-013  -1.1368683772161603E-013  -2.1532160634886159E-014   1.0231640056551417E-002  0.78539909798525132     
   1.4210854715202004E-013   1.3500311979441904E-013  -1.8391956690484607E-014   9.6115813351994595E-003  0.78539909798526797     
  -4.3298697960381105E-014   5.0359716396997101E-013  -1.9409357028018691E-014   8.9362968474402393E-003  0.78539909798526919     
   3.2862601528904634E-014  -5.3823612233827589E-013  -1.7676416387564499E-014   8.2035596791317777E-003  0.78539909798521013     
   1.0702549957386509E-013  -6.3060667798708891E-014  -1.5106824308147884E-014   7.4111364332588581E-003  0.78539909798519059     
   1.0480505352461478E-013  -2.4424906541753444E-013  -1.5881140190620886E-014   6.5567848011689467E-003  0.78539909798517393     
  -3.1552538359846949E-013  -7.0166095156309893E-013  -1.4303223587747819E-014   5.6382437923856443E-003  0.78539909798518792     
  -6.5281113847959205E-014   2.4513724383723456E-013  -2.2741340936706595E-014   4.6532178769795873E-003  0.78539909798518748     
   7.9714013168086240E-014  -2.9309887850104133E-014  -1.9690706580212442E-014   3.5993570162087263E-003  0.78539909798519136     
   3.3839597790574771E-013  -1.1368683772161603E-013  -1.8819438185735264E-014   2.4742351227767245E-003  0.78539909798518881     
  -1.0613732115416497E-013   2.3891999489933369E-013  -2.0628086827465139E-014   1.2753290847818122E-003  0.78539909798518259     
  -7.7715611723760958E-014  -9.8587804586713901E-014  -1.4540750626807154E-014  -2.1403585958800219E-016  0.78539909798518082     
