 force-1force-2force-3workmass
  -3.9968028886505635E-015   1.0658141036401503E-014  -2.1490512560269842E-014   0.0000000000000000       0.78539817820995317     
  -6.6017857847100458E-011  -1.2623561401454708E-003  -1.7084811631502554E-014  -2.0017029785449059E-007  0.78539817820995328     
  -4.4394266041081210E-010  -5.1092918581723268E-003  -1.6120408951891302E-014  -3.2235545003901633E-006  0.78539817820995306     
  -1.3348828709069949E-009  -1.1625112974570584E-002  -1.8709552381215734E-014  -1.6411979905251589E-005  0.78539817820995284     
  -2.6360300608985199E-009  -2.0884434518549710E-002  -1.7337443542002894E-014  -5.2116435466258160E-005  0.78539817820995328     
  -3.2049154441438077E-009  -3.2949673820418468E-002  -1.7276790354161287E-014  -1.2771234894469463E-004  0.78539817820995228     
   4.4556403011597467E-010  -4.7868236854462509E-002  -1.3834730725588320E-014  -2.6551949980978262E-004  0.78539817820995239     
   1.6494552390611261E-008  -6.5670030936924917E-002  -1.7832313851071970E-014  -4.9261412126450077E-004  0.78539817820994595     
   6.1318010224908903E-008  -8.6361149990128894E-002  -2.2993278523014046E-014  -8.4048437802680676E-004  0.78539817820994862     
   1.6440960637353896E-007 -0.10991867023822621       -1.8233816904428443E-014  -1.3445138889831287E-003  0.78539817820994495     
   3.7467742330932197E-007 -0.13628529606958395       -1.9471987241497794E-014  -2.0432702123466262E-003  0.78539817820994517     
   7.6661965220381489E-007 -0.16536341462750670       -1.8708045444294737E-014  -2.9775719066028050E-003  0.78539817820992619     
   1.4485593329283120E-006 -0.19700740088251578       -1.8467533134605102E-014  -4.1892892677647953E-003  0.78539817820993219     
   2.5687392599671455E-006 -0.23100704867143662       -1.7441692522531007E-014  -5.7196581027893489E-003  0.78539817820992441     
   4.2995258189293395E-006 -0.26707633175170997       -1.3113331819178357E-014  -7.6072361207879524E-003  0.78539817820992441     
   6.8275384998983668E-006 -0.30485204427450086       -1.8694931939232267E-014  -9.8857177519576789E-003  0.78539817820989088     
   1.0445444773576895E-005 -0.34381500291135580       -2.0726970094362406E-014  -1.2579001559926861E-002  0.78539817820990054     
   1.5689902942650491E-005 -0.38306672710054812       -2.1510542861552334E-014  -1.5688979963227379E-002  0.78539817820988922     
   2.3207470507546901E-005 -0.42117916991414717       -1.7189592858210398E-014  -1.9180542680883872E-002  0.78539817820988900     
   3.3294923338811344E-005 -0.45648272743603258       -1.5648430000934081E-014  -2.2981849655723807E-002  0.78539817820985236     
   4.5701173211121215E-005 -0.48773167823829411       -1.7767221634403835E-014  -2.7010263918360811E-002  0.78539817820986124     
   6.0108685991711042E-005 -0.51455423067161732       -1.8003405612539826E-014  -3.1204715255600091E-002  0.78539817820985203     
   7.6693818962247917E-005 -0.53726599726876501       -2.3658609031015696E-014  -3.5533788901639385E-002  0.78539817820985180     
   9.5988689424952867E-005 -0.55631602307708405       -1.5468198666875575E-014  -3.9975931645822804E-002  0.78539817820982216     
   1.1829102988469842E-004 -0.57192182976969086       -1.5568441754525640E-014  -4.4497320940161345E-002  0.78539817820981905     
   1.4340487690578385E-004 -0.58408386437910842       -2.1360323380043323E-014  -4.9047486077060443E-002  0.78539817820981606     
   1.7084008854739707E-004 -0.59276390807728063       -1.5608930199251456E-014  -5.3568436634066519E-002  0.78539817820981339     
   2.0003442287386264E-004 -0.59800041291042305       -1.9690915601023337E-014  -5.8003700215254472E-002  0.78539817820981117     
   2.3037504263578867E-004 -0.59992897061057171       -1.9476032516913797E-014  -6.2302290900077661E-002  0.78539817820980939     
   2.6116402788201043E-004 -0.59877616046097870       -1.7034166825936433E-014  -6.6421027697726398E-002  0.78539817820980762     
   2.9167939327301440E-004 -0.59486672623432035       -1.9089374509748298E-014  -7.0328492134622334E-002  0.78539817820980629     
   3.2134153042973068E-004 -0.58864050749622088       -1.5440905408089784E-014  -7.4010798019087165E-002  0.78539817820980540     
   3.4993816043638049E-004 -0.58067668570495812       -1.8532511707883188E-014  -7.7479578419462403E-002  0.78539817820980495     
   3.7788112398651208E-004 -0.57174053485464071       -1.8212853727179968E-014  -8.0785189548385095E-002  0.78539817820980506     
   4.0655070783301994E-004 -0.56284351097653307       -1.7576039892449944E-014  -8.4035513468887935E-002  0.78539817820980518     
   4.3881307297954919E-004 -0.55523718969871005       -1.8576157932795430E-014  -8.7408773071818491E-002  0.78539817820980529     
   4.7944744142025542E-004 -0.55023670705280558       -1.7668763288767748E-014  -9.1138687240695404E-002  0.78539817820980562     
   5.3467442936039333E-004 -0.54888035523384104       -1.7149991470539270E-014  -9.5461738547011343E-002  0.78539817820980495     
   6.1035113085416981E-004 -0.55161377441114290       -1.6595446866597514E-014 -0.10054955732862281       0.78539817820980373     
   7.1005332634666019E-004 -0.55823960460180544       -1.6463565794888167E-014 -0.10647306743548901       0.78539817820980085     
   8.3520635217038119E-004 -0.56819320476934188       -1.9200773787091455E-014 -0.11322728457823583       0.78539817820979740     
   9.8764984744814655E-004 -0.58094405952133776       -1.7219692461890840E-014 -0.12079671465034814       0.78539817820979252     
   1.1721601293768202E-003 -0.59623845058332670       -1.5850356577150558E-014 -0.12920874743875288       0.78539817820978652     
   1.3962283597468428E-003 -0.61406393894232103       -1.5860978851263317E-014 -0.13853821396725641       0.78539817820977964     
   1.6672711227192494E-003 -0.63444605358639095       -1.9346999581643293E-014 -0.14887057393776360       0.78539817820977142     
   1.9897998253997073E-003 -0.65726670471317838       -1.8500642191830024E-014 -0.16025843109767468       0.78539817820976243     
   2.3642758196933400E-003 -0.68219956750533051       -1.9112026819187557E-014 -0.17269681589332286       0.78539817820975277     
   2.7870612824383301E-003 -0.70873141008693530       -1.7815622051142019E-014 -0.18611724645394112       0.78539817820974289     
   3.2499768165425991E-003 -0.73619622452381428       -1.5804672303787543E-014 -0.20038695593774136       0.78539817820973257     
   3.7388804922864338E-003 -0.76378391985142002       -1.6031583769613363E-014 -0.21530384643623623       0.78539817820972235     
   4.2318629493660609E-003 -0.79053199343429270       -2.2880355051821594E-014 -0.23058828962921574       0.78539817820971214     
   4.6983822895994010E-003 -0.81533508304920055       -2.1826002390100194E-014 -0.24588119594587177       0.78539817820970215     
   5.1011054403069522E-003 -0.83701722990723759       -1.7933275137053879E-014 -0.26076267548032117       0.78539817820969204     
   5.4017529843921608E-003 -0.85449730978886507       -1.9306860825201754E-014 -0.27480345475493095       0.78539817820968150     
   5.5698532813917012E-003 -0.86702082148398851       -1.5020115218219197E-014 -0.28764475148219582       0.78539817820967062     
   5.5899414987683471E-003 -0.87435244067072126       -1.7529750169044044E-014 -0.29907537373190340       0.78539817820965918     
   5.4616462377135022E-003 -0.87679756756359417       -1.4026000475578175E-014 -0.30906000893430985       0.78539817820964664     
   5.1907956405390365E-003 -0.87500343303725181       -1.3420096744987808E-014 -0.31769268989054744       0.78539817820963287     
   4.7765408542543852E-003 -0.86963884288131155       -1.8167315504073334E-014 -0.32509802859748493       0.78539817820961833     
   4.2040642196905509E-003 -0.86114414591977706       -1.5714485102060212E-014 -0.33134205399366401       0.78539817820960256     
   3.4498597358645355E-003 -0.84969303408286478       -2.0361826598247126E-014 -0.33640859345209240       0.78539817820958591     
   2.4977775293528737E-003 -0.83535508146735005       -1.4481149774661696E-014 -0.34024924532572953       0.78539817820956837     
   1.3561068667371501E-003 -0.81832153690496057       -2.2433518633181184E-014 -0.34286576075643183       0.78539817820955005     
   6.5956109093434634E-005 -0.79905039731220562       -1.4543626312468383E-014 -0.34437193884278727       0.78539817820953184     
  -1.3011693347060316E-003 -0.77827963604034522       -1.3294487516468291E-014 -0.34500993256866241       0.78539817820951330     
  -2.6509130131646685E-003 -0.75695402065259110       -1.8739107079940416E-014 -0.34513235047856661       0.78539817820949520     
  -3.8722317252553040E-003 -0.73613840020635379       -1.3377159324087179E-014 -0.34517621927801390       0.78539817820947788     
  -4.8415548684737075E-003 -0.71695126470755000       -2.0715002763963852E-014 -0.34564260288346382       0.78539817820946012     
  -5.4304857608897805E-003 -0.70049927392878608       -1.8902192599810326E-014 -0.34707366105277515       0.78539817820944213     
  -5.5229522301676326E-003 -0.68777416978748285       -1.7953799713849143E-014 -0.35000786675070827       0.78539817820942193     
  -5.0410619204956930E-003 -0.67950138041251762       -1.7889395367850641E-014 -0.35490405019822546       0.78539817820939972     
  -3.9691985274181718E-003 -0.67598434750721026       -1.5055257561577078E-014 -0.36205139862401481       0.78539817820937308     
  -2.3603409692256605E-003 -0.67702914376025269       -1.4540522765376227E-014 -0.37150788756738784       0.78539817820934243     
  -3.1410333421888481E-004 -0.68201995731605258       -2.1601235681544832E-014 -0.38311078634655971       0.78539817820930691     
   2.0669730180369328E-003 -0.69013940404723861       -1.5267432055731385E-014 -0.39656860993333076       0.78539817820926650     
   4.7180196998493074E-003 -0.70063268157854353       -2.0111854975420296E-014 -0.41159111711833241       0.78539817820922186     
   7.6205145057457457E-003 -0.71297450899295178       -2.0675399337062394E-014 -0.42798215943557061       0.78539817820917279     
   1.0767801810704469E-002 -0.72685321072206754       -1.9566297911700142E-014 -0.44563936803499615       0.78539817820911961     
   1.4104748313302551E-002 -0.74200188304852333       -1.6226251413113712E-014 -0.46446481041260945       0.78539817820906266     
   1.7476764846341197E-002 -0.75799612214085244       -1.7345648046225836E-014 -0.48424670671061243       0.78539817820900282     
   2.0616988675415726E-002 -0.77413886209044058       -1.0176428242213356E-014 -0.50458306227654326       0.78539817820894009     
   2.3175751138918343E-002 -0.78947805959490758       -1.4717196625404403E-014 -0.52488192677258816       0.78539817820887559     
   2.4773813562548597E-002 -0.80292026907140901       -1.6038826755138487E-014 -0.54442466341098061       0.78539817820881042     
   2.5056573945029470E-002 -0.81337161929253199       -1.4642520575229672E-014 -0.56245487206047606       0.78539817820874447     
   2.3739369078320749E-002 -0.81986230474734434       -2.0229898072712117E-014 -0.57826485031732666       0.78539817820867819     
   2.0647959150389639E-002 -0.82165108235391493       -1.9625364844403623E-014 -0.59127329701711240       0.78539817820861102     
   1.5757756781859200E-002 -0.81832021246191822       -1.4667563295739150E-014 -0.60109706175348343       0.78539817820854152     
   9.2203594124509181E-003 -0.80985039674721371       -1.9846028796072593E-014 -0.60760900157023912       0.78539817820846947     
   1.3531308895551319E-003 -0.79663702879793519       -1.6642603913323940E-014 -0.61095812809571726       0.78539817820839297     
  -7.4241741704810238E-003 -0.77940996047273536       -1.5139044406335706E-014 -0.61152859364260870       0.78539817820831259     
  -1.6690211040042868E-002 -0.75906160059046890       -1.7834899326382222E-014 -0.60983893068536865       0.78539817820822733     
  -2.6111054299635228E-002 -0.73644701821135072       -1.9284981277030507E-014 -0.60641840239773437       0.78539817820813707     
  -3.5462523720841688E-002 -0.71224832102261715       -2.1998942777908258E-014 -0.60171629786064962       0.78539817820804270     
  -4.4565794136316228E-002 -0.68696468049423487       -2.0855681470310542E-014 -0.59608408412698566       0.78539817820794433     
  -5.3171269982835057E-002 -0.66101522835669613       -1.8349176004364877E-014 -0.58982707033209536       0.78539817820784208     
  -6.0861173799466428E-002 -0.63487663590752241       -2.0114402065167444E-014 -0.58328155742603016       0.78539817820773650     
  -6.7031166374700746E-002 -0.60916596012361524       -2.0031506436607334E-014 -0.57686372453717105       0.78539817820762825     
  -7.0965073776168452E-002 -0.58462441688629241       -1.8099670861178889E-014 -0.57106140169658204       0.78539817820751789     
  -7.1969812257279386E-002 -0.56201991202056867       -1.6414128201680524E-014 -0.56637708983639179       0.78539817820740532     
  -6.9519976862590482E-002 -0.54202132547375559       -1.6265727370840289E-014 -0.56325263782333224       0.78539817820729096     
  -6.3374724550005368E-002 -0.52509198427924275       -2.0783814171164220E-014 -0.56200293882860741       0.78539817820717361     
  -5.3650532466544831E-002 -0.51142371694542721       -2.2596423117802896E-014 -0.56277010079912237       0.78539817820705293     
  -4.0840287586146218E-002 -0.50091453941461417       -1.5863369650516898E-014 -0.56549981368223445       0.78539817820692837     
  -2.5763397652099229E-002 -0.49319132510696129       -1.6452370466609122E-014 -0.56994456343674305       0.78539817820679825     
  -9.4357842855430363E-003 -0.48768017848595235       -1.6742786407209901E-014 -0.57570293801936412       0.78539817820666269     
   7.1192229519319028E-003 -0.48371558954293814       -2.0115055053862922E-014 -0.58229577296776647       0.78539817820652225     
   2.3050610123007687E-002 -0.48065713633548413       -2.0766714549181070E-014 -0.58925820964123421       0.78539817820637670     
   3.7760664435531055E-002 -0.47797027339292519       -1.4570406069217878E-014 -0.59621002981166260       0.78539817820622704     
   5.0838480497073846E-002 -0.47524330188093433       -1.9210635397388697E-014 -0.60287414268005968       0.78539817820607360     
   6.1886136791382995E-002 -0.47214971307403131       -1.6819596342557362E-014 -0.60904397326967086       0.78539817820591729     
   7.0352716429873396E-002 -0.46839618388304505       -1.9165854866876962E-014 -0.61453164388008297       0.78539817820575974     
   7.5491831937721798E-002 -0.46369773601648090       -1.8965840910207672E-014 -0.61913571316239491       0.78539817820560165     
   7.6481393059065539E-002 -0.45779452837579049       -1.8000779458886527E-014 -0.62264639232716235       0.78539817820544500     
   7.2649363524739385E-002 -0.45049311835454819       -1.7508182791714125E-014 -0.62487685236228696       0.78539817820529056     
   6.3703796379517286E-002 -0.44170167718411046       -1.8596404100952444E-014 -0.62569409403590548       0.78539817820513957     
   4.9886875379691276E-002 -0.43143742332466650       -2.1120887882481460E-014 -0.62502849974769958       0.78539817820499092     
   3.2022035498165735E-002 -0.41980254641076264       -2.1839134836765900E-014 -0.62285723800425608       0.78539817820484448     
   1.1453023835112930E-002 -0.40693835823542912       -2.2008660728997180E-014 -0.61917002285948275       0.78539817820469859     
  -1.0123034514656126E-002 -0.39297270928826378       -2.2022478958223090E-014 -0.61393182623129006       0.78539817820455349     
  -3.0916819902941484E-002 -0.37797646376182570       -2.4112267103842765E-014 -0.60705797139948769       0.78539817820440794     
  -4.9347794240276244E-002 -0.36194261387057503       -2.1088796606230541E-014 -0.59841308525530490       0.78539817820426239     
  -6.4276820149149927E-002 -0.34479342889215725       -1.6627206608616219E-014 -0.58783465371277988       0.78539817820411639     
  -7.5057776158136136E-002 -0.32640647394498057       -1.5630046748059675E-014 -0.57516682293727905       0.78539817820397095     
  -8.1377928357994733E-002 -0.30663824333013601       -2.2275751647740583E-014 -0.56028114436007104       0.78539817820382551     
  -8.2988172689837825E-002 -0.28532723884280697       -1.4726869546992784E-014 -0.54306901883471848       0.78539817820368107     
  -7.9506953649762124E-002 -0.26227858701342077       -1.5846926684627674E-014 -0.52341366375476017       0.78539817820353908     
  -7.0441303376988174E-002 -0.23725429284918942       -1.7527708146539450E-014 -0.50116974633426925       0.78539817820339886     
  -5.5426887091137189E-002 -0.20999654223966058       -1.6102757511852832E-014 -0.47617750497830613       0.78539817820326252     
  -3.4551219760651009E-002 -0.18029135112280503       -1.5757358446832147E-014 -0.44831460058346218       0.78539817820313096     
  -8.5869794324366922E-003 -0.14805303198734610       -1.9205274922219110E-014 -0.41756303048046117       0.78539817820300484     
   2.0967571948407482E-002 -0.11339763022155758       -2.3392517804582048E-014 -0.38406102152882005       0.78539817820288493     
   5.2041789867104171E-002  -7.6680494066684091E-002  -1.8172925023738305E-014 -0.34812221713928704       0.78539817820277213     
   8.2280107389820500E-002  -3.8486984138774716E-002  -2.5495453617849142E-014 -0.31022041876041717       0.78539817820266733     
  0.10939374443270111        4.2512458521848373E-004  -1.5699368185084514E-014 -0.27094458769155638       0.78539817820257118     
  0.13150295556173575        3.9224078667281503E-002  -1.4796702036922317E-014 -0.23093002253544848       0.78539817820248370     
  0.14737762327913373        7.7119000369183510E-002  -1.8302654127856174E-014 -0.19077980158217400       0.78539817820240632     
  0.15648504753643167       0.11344818533231305       -2.3604429247828377E-014 -0.15100505596127167       0.78539817820233848     
  0.15882064940526419       0.14770057409648807       -1.7589231536320740E-014 -0.11201481994687601       0.78539817820228164     
  0.15461614466320839       0.17946801243988908       -1.6594832787650006E-014  -7.4160194814511193E-002  0.78539817820223412     
  0.14410540966975205       0.20837921467895093       -1.9621097340951367E-014  -3.7794611104914999E-002  0.78539817820219682     
  0.12749826831086608       0.23409068354590801       -2.1796237051113679E-014  -3.2877346171646948E-003  0.78539817820216906     
  0.10517290928700262       0.25637681725362782       -1.9263525935244397E-014   2.9047485614293933E-002  0.78539817820215152     
   7.7948887731572825E-002  0.27529022155832195       -2.0252915839133822E-014   5.9097462913611842E-002  0.78539817820214375     
   4.7253324145057007E-002  0.29130741170070173       -1.9518060842059669E-014   8.7092070690468759E-002  0.78539817820214486     
   1.5066839267486642E-002  0.30537506286508531       -1.8570457635890508E-014  0.11367386897188503       0.78539817820215529     
  -1.6337713108988794E-002  0.31882148030874369       -1.7886852846585854E-014  0.13985128295618487       0.78539817820217617     
  -4.4761093892365267E-002  0.33315768760341946       -1.8513475483440999E-014  0.16684441832807195       0.78539817820220736     
  -6.8425744541301015E-002  0.34983084637755901       -2.2174584369045120E-014  0.19587091766114817       0.78539817820224989     
  -8.6208198899514699E-002  0.37000550729110060       -2.3421784342300249E-014  0.22793978005705462       0.78539817820230584     
  -9.7696884190304090E-002  0.39444143065619741       -2.2900241262150719E-014  0.26372238003411397       0.78539817820237345     
 -0.10306892233254850       0.42350537664560406       -1.6801034778227545E-014  0.30354329185187900       0.78539817820245528     
 -0.10284975988954770       0.45729298020739151       -1.5382479843779283E-014  0.34747507893733243       0.78539817820255098     
  -9.7678691822524755E-002  0.49576877213298687       -1.4569968418508369E-014  0.39545606271023637       0.78539817820266034     
  -8.8201011794032169E-002  0.53880931849505131       -2.8163640552016445E-014  0.44732782451297126       0.78539817820278301     
  -7.5125782032579025E-002  0.58609178627245484       -1.7282244919088547E-014  0.50274097304550480       0.78539817820291846     
  -5.9375529181817654E-002  0.63688160655959436       -2.2434114439636767E-014  0.56097686043035289       0.78539817820306634     
  -4.2191841654782181E-002  0.68985991264513302       -2.6124373499073402E-014  0.62080775736858129       0.78539817820322622     
  -2.5092312866160427E-002  0.74312845961117091       -2.1204340943664443E-014  0.68051195830640587       0.78539817820339730     
  -9.6696199893617774E-003  0.79444013446700978       -1.9560359814822187E-014  0.73807999730539464       0.78539817820357927     
   2.6874670276946233E-003  0.84159012997339033       -2.6635311423497912E-014  0.79155124498128693       0.78539817820377233     
   1.1038072607883365E-002  0.88283053256170518       -2.8099514774988433E-014  0.83936196237703165       0.78539817820397706     
   1.5009358532045880E-002  0.91716257388467071       -1.7566788982169000E-014  0.88058420317855379       0.78539817820419422     
   1.4760195007115229E-002  0.94440733085406947       -1.3656237560687359E-014  0.91497917837108034       0.78539817820442426     
   1.0819078704562557E-002  0.96504297341092027       -1.6576902233609908E-014  0.94286292835607455       0.78539817820466662     
   3.8774277716466798E-003  0.97990338285584500       -2.3699174720779902E-014  0.96486563865496322       0.78539817820492164     
  -5.3655863757793298E-003  0.98991123879098097       -2.0281791337982869E-014  0.98172022406215120       0.78539817820518876     
  -1.6246394049209911E-002  0.99600670372055689       -2.1467064984262661E-014  0.99419693752162352       0.78539817820546776     
  -2.8081456326498611E-002  0.99931104661938264       -2.4039409364637597E-014   1.0032020698924722       0.78539817820575686     
  -4.0090355407954803E-002   1.0013981378550660       -1.7230074575518205E-014   1.0099373432441343       0.78539817820605551     
  -5.1385469625021329E-002   1.0044522326407623       -2.1816054130592013E-014   1.0159597699589185       0.78539817820636193     
  -6.1065748131127862E-002   1.0111417279636363       -1.8230650427205895E-014   1.0230351457307165       0.78539817820667512     
  -6.8380091372402418E-002   1.0242017375301948       -2.4869859106566146E-014   1.0328048235131302       0.78539817820699254     
  -7.2882304817115440E-002   1.0458819417987613       -2.4820353842259024E-014   1.0463973875780344       0.78539817820731184     
  -7.4506213672462351E-002   1.0774838676230338       -2.5631316782219331E-014   1.0641479526595923       0.78539817820763203     
  -7.3531922799129568E-002   1.1191640072391777       -2.2229270741823694E-014   1.0855339624500129       0.78539817820795088     
  -7.0463575534765788E-002   1.1700587325936382       -2.1414030860992971E-014   1.1093386870794752       0.78539817820826774     
  -6.5873419544633549E-002   1.2286506153094123       -1.9898669188302104E-014   1.1339595996611607       0.78539817820857993     
  -6.0275654372660803E-002   1.2931928982324408       -2.2806254828717817E-014   1.1577243309084100       0.78539817820888813     
  -5.4073399630773178E-002   1.3619857299381231       -1.3865332454078747E-014   1.1790862625132590       0.78539817820919078     
  -4.7580765159266569E-002   1.4333837769658579       -2.4760683806573991E-014   1.1966482292045786       0.78539817820948854     
  -4.1080859033871153E-002   1.5055832122240140       -9.4258948218794025E-015   1.2090707491399009       0.78539817820977986     
  -3.4865343332849186E-002   1.5763908673743430       -1.7672569268035940E-014   1.2149937966600453       0.78539817821006486     
  -2.9221920545871249E-002   1.6432101221133699       -1.9757037754363080E-014   1.2130855320809166       0.78539817821034430     
  -2.4376874460091846E-002   1.7033533509828978       -2.3177701072265761E-014   1.2022357603363547       0.78539817821061741     
  -2.0430556486304319E-002   1.7545882338782235       -2.8909801226793930E-014   1.1818040367106528       0.78539817821088409     
  -1.7325100045965103E-002   1.7956779912807939       -2.9568573995844355E-014   1.1517865359666857       0.78539817821114499     
  -1.4860315787694978E-002   1.8266710576506320       -2.4210643401287386E-014   1.1128068142268459       0.78539817821139934     
  -1.2746222105229799E-002   1.8488232064654326       -2.9034643217397602E-014   1.0659284930556865       0.78539817821164570     
  -1.0666705444427493E-002   1.8642125882194804       -2.6087922852794517E-014   1.0123727319525919       0.78539817821188296     
  -8.3319910406876030E-003   1.8752432570122757       -2.2643312733865665E-014  0.95325614717938123       0.78539817821210856     
  -5.5100130298144645E-003   1.8842650434501280       -3.1782137318562599E-014  0.88943594480788235       0.78539817821231916     
  -2.0381576602996887E-003   1.8934533067358466       -2.8635035212997294E-014  0.82148016603480301       0.78539817821251356     
   2.1784835602192132E-003   1.9049300661182542       -1.7300274923139951E-014  0.74971241354984741       0.78539817821268831     
   7.1777949334130842E-003   1.9209539751792057       -1.8236808728552372E-014  0.67425198038669265       0.78539817821284197     
   1.2958930084145726E-002   1.9439553265505012       -1.7599224329296366E-014  0.59499788142196497       0.78539817821297131     
   1.9507024809416240E-002   1.9762848166226803       -1.8749874455746670E-014  0.51156763686697770       0.78539817821307434     
   2.6819116377228669E-002   2.0197291639762049       -1.3456441659349846E-014  0.42325261725822605       0.78539817821314961     
   3.4921491241922675E-002   2.0750060943652144       -2.5947414406125919E-014  0.32905420964139886       0.78539817821319546     
   4.3868643728094625E-002   2.1414852776822997       -1.0431718840445770E-014  0.22781915298756883       0.78539817821320912     
   5.3720571954062546E-002   2.2172740450033359       -1.4066291029613342E-014  0.11843313373576569       0.78539817821319136     
   6.4505446220272322E-002   2.2996267256062914       -4.7060909386287181E-015  -2.0057182583136225E-014  0.78539817821314073     
