 Quad/Tri Motion iRe Mesh #elems   p  Nt   sdof   tdof                     W                     I           CPU
        1      1   1    0     80   1  16    320    112 -1.03528448090687E-02 -1.37403815463667E-02  1.082179E+01
        1      1   1    0     80   1  32    320    224 -1.01373672586960E-02 -1.31020641389595E-02  2.284413E+01
        1      1   1    0     80   1  64    320    448 -1.00921921052486E-02 -1.30313781895163E-02  4.360920E+01
        1      1   1    0     80   1 128    320    896 -1.00833841399521E-02 -1.30221995212139E-02  5.067695E+01
        1      1   1    0     80   2  16    720    112 -1.02870821102985E-02 -1.44755381581864E-02  3.392574E+01
        1      1   1    0     80   2  32    720    224 -1.01232892796691E-02 -1.31817940953875E-02  6.631758E+01
        1      1   1    0     80   2  64    720    448 -1.00881897319996E-02 -1.30776979091656E-02  1.186470E+02
        1      1   1    0     80   2 128    720    896 -1.00811557989270E-02 -1.30666762335691E-02  1.408002E+02
        1      1   1    0     80   3  16   1280    112 -1.02956659044474E-02 -1.56033062305704E-02  8.858025E+01
        1      1   1    0     80   3  32   1280    224 -1.01181835667145E-02 -1.32450620591735E-02  1.728047E+02
        1      1   1    0     80   3  64   1280    448 -1.00843146607933E-02 -1.30776011506519E-02  3.309618E+02
        1      1   1    0     80   3 128   1280    896 -1.00779920968788E-02 -1.30639875015411E-02  3.561322E+02
        1      1   1    0     80   4  16   2000    112 -1.03115132472717E-02 -1.70370789625882E-02  2.367425E+02
        1      1   1    0     80   4  32   2000    224 -1.01186163656310E-02 -1.33343998863308E-02  4.587596E+02
        1      1   1    0     80   4  64   2000    448 -1.00841473632909E-02 -1.30828698803612E-02  8.839545E+02
        1      1   1    0     80   4 128   2000    896 -1.00778824522176E-02 -1.30641549729933E-02  9.225332E+02
        1      1   1    1    320   1  16   1280    112 -1.03038721110604E-02 -1.47031529473873E-02  3.843754E+01
        1      1   1    1    320   1  32   1280    224 -1.01253126726486E-02 -1.31854362968362E-02  7.229869E+01
        1      1   1    1    320   1  64   1280    448 -1.00886750555080E-02 -1.30666364063437E-02  1.164483E+02
        1      1   1    1    320   1 128   1280    896 -1.00813959130314E-02 -1.30548307209561E-02  1.631260E+02
        1      1   1    1    320   2  16   2880    112 -1.03086377421806E-02 -1.68155193242826E-02  1.411232E+02
        1      1   1    1    320   2  32   2880    224 -1.01184844726196E-02 -1.33205845012668E-02  2.741522E+02
        1      1   1    1    320   2  64   2880    448 -1.00841062423009E-02 -1.30819123029753E-02  3.449227E+02
        1      1   1    1    320   2 128   2880    896 -1.00777772166566E-02 -1.30638755063933E-02  5.897578E+02
        1      1   1    1    320   3  16   5120    112 -1.03421310970219E-02 -1.97487077178832E-02  3.855525E+02
        1      1   1    1    320   3  32   5120    224 -1.01198815371687E-02 -1.35043618223789E-02  7.388805E+02
        1      1   1    1    320   3  64   5120    448 -1.00839983584803E-02 -1.30932008832602E-02  1.072165E+03
        1      1   1    1    320   3 128   5120    896 -1.00776320742997E-02 -1.30644497674966E-02  1.590969E+03
        1      1   1    1    320   4  16   8000    112 -1.03845592840526E-02 -2.35131295536211E-02  1.086151E+03
        1      1   1    1    320   4  32   8000    224 -1.01219135092243E-02 -1.37408121789093E-02  1.855024E+03
        1      1   1    1    320   4  64   8000    448 -1.00841029701591E-02 -1.31079768827083E-02  3.526133E+03
        1      1   1    1    320   4 128   8000    896 -1.00776343906867E-02 -1.30653647290230E-02  4.194437E+03
        1      1   1    2   1280   1  16   5120    112 -1.03085100204158E-02 -1.63851261691874E-02  1.625390E+02
        1      1   1    2   1280   1  32   5120    224 -1.01205815746970E-02 -1.32939862996121E-02  2.940923E+02
        1      1   1    2   1280   1  64   5120    448 -1.00856268897791E-02 -1.30796664864036E-02  4.379774E+02
        1      1   1    2   1280   1 128   5120    896 -1.00790374022013E-02 -1.30627819485003E-02  6.398579E+02
        1      1   1    2   1280   2  16  11520    112 -1.03517334136171E-02 -2.05730418650646E-02  6.790333E+02
        1      1   1    2   1280   2  32  11520    224 -1.01202923644842E-02 -1.35558853172929E-02  1.044428E+03
        1      1   1    2   1280   2  64  11520    448 -1.00840249988866E-02 -1.30964343622354E-02  1.460270E+03
        1      1   1    2   1280   2 128  11520    896 -1.00776368825597E-02 -1.30646532075326E-02  2.418433E+03
        1      1   1    2   1280   3  16  20480    112 -1.04179835750981E-02 -2.64186687637961E-02  1.995356E+03
        1      1   1    2   1280   3  32  20480    224 -1.01233047813434E-02 -1.39223996780681E-02  2.569762E+03
        1      1   1    2   1280   3  64  20480    448 -1.00841824564827E-02 -1.31193887689825E-02  5.394596E+03
        1      1   1    2   1280   3 128  20480    896 -1.00776356017176E-02 -1.30660728043273E-02  6.540000E+03
        1      1   1    2   1280   4  16  32000    112 -1.05034874954607E-02 -3.39388963247063E-02  5.808569E+03
        1      1   1    2   1280   4  32  32000    224 -1.01277408518583E-02 -1.43966556198645E-02  7.592912E+03
        1      1   1    2   1280   4  64  32000    448 -1.00843994607072E-02 -1.31489058811963E-02  9.549347E+03
        1      1   1    2   1280   4 128  32000    896 -1.00776474238876E-02 -1.30679139011492E-02  1.822834E+04
        1      1   2    0     80   1  16    320    112 -8.28767671192429E-03 -1.14009223713742E-02  1.071450E+01
        1      1   2    0     80   1  32    320    224 -8.44128980375264E-03 -1.14023811594093E-02  2.240036E+01
        1      1   2    0     80   1  64    320    448 -8.45227064366647E-03 -1.14284794759774E-02  3.664064E+01
        1      1   2    0     80   1 128    320    896 -8.45670125241009E-03 -1.14301415437058E-02  5.108098E+01
        1      1   2    0     80   2  16    720    112 -8.43752187410651E-03 -1.27467585623242E-02  3.117434E+01
        1      1   2    0     80   2  32    720    224 -8.57871249264407E-03 -1.24960436952737E-02  6.135137E+01
        1      1   2    0     80   2  64    720    448 -8.58508921531622E-03 -1.25033179911560E-02  1.183411E+02
        1      1   2    0     80   2 128    720    896 -8.58530176646922E-03 -1.25061315996266E-02  1.331431E+02
        1      1   2    0     80   3  16   1280    112 -8.51158495620018E-03 -1.27804363867417E-02  7.780847E+01
        1      1   2    0     80   3  32   1280    224 -8.61019992002197E-03 -1.23006189702876E-02  1.531216E+02
        1      1   2    0     80   3  64   1280    448 -8.61565227780227E-03 -1.23484769178449E-02  2.502011E+02
        1      1   2    0     80   3 128   1280    896 -8.61620135508395E-03 -1.23553306063542E-02  5.820158E+02
        1      1   2    0     80   4  16   2000    112 -8.51360578615711E-03 -1.27177746914673E-02  2.028308E+02
        1      1   2    0     80   4  32   2000    224 -8.59933707831878E-03 -1.21787862746772E-02  3.979568E+02
        1      1   2    0     80   4  64   2000    448 -8.61003477559485E-03 -1.22360803164523E-02  5.357443E+02
        1      1   2    0     80   4 128   2000    896 -8.61006319920294E-03 -1.22443273865720E-02  8.532789E+02
        1      1   2    1    320   1  16   1280    112 -8.39689954300862E-03 -1.24915912622528E-02  3.534869E+01
        1      1   2    1    320   1  32   1280    224 -8.54993425300222E-03 -1.23031043242187E-02  6.802604E+01
        1      1   2    1    320   1  64   1280    448 -8.55588950981737E-03 -1.23043131707115E-02  1.343112E+02
        1      1   2    1    320   1 128   1280    896 -8.55643313210012E-03 -1.23061027416986E-02  1.560911E+02
        1      1   2    1    320   2  16   2880    112 -8.51062567808381E-03 -1.27306723207298E-02  1.116477E+02
        1      1   2    1    320   2  32   2880    224 -8.60254137222397E-03 -1.22166933313006E-02  2.177584E+02
        1      1   2    1    320   2  64   2880    448 -8.61063248528169E-03 -1.22661145197724E-02  4.245756E+02
        1      1   2    1    320   2 128   2880    896 -8.61076486132547E-03 -1.22730214188011E-02  4.808531E+02
        1      1   2    1    320   3  16   5120    112 -8.50687474317110E-03 -1.27309950696919E-02  2.925762E+02
        1      1   2    1    320   3  32   5120    224 -8.59259150102861E-03 -1.21727643946742E-02  5.705269E+02
        1      1   2    1    320   3  64   5120    448 -8.60456187790176E-03 -1.22277589416886E-02  9.789387E+02
        1      1   2    1    320   3 128   5120    896 -8.60441646055076E-03 -1.22350598043734E-02  1.254681E+03
        1      1   2    1    320   4  16   8000    112 -8.50498990991233E-03 -1.27671173402058E-02  7.664393E+02
        1      1   2    1    320   4  32   8000    224 -8.59115898704854E-03 -1.21773382221301E-02  1.513889E+03
        1      1   2    1    320   4  64   8000    448 -8.60395183474888E-03 -1.22309206143403E-02  2.272334E+03
        1      1   2    1    320   4 128   8000    896 -8.60375517668951E-03 -1.22377833848467E-02  3.247786E+03
        1      1   2    2   1280   1  16   5120    112 -8.49419719044794E-03 -1.27174742538061E-02  1.408388E+02
        1      1   2    2   1280   1  32   5120    224 -8.59422094431226E-03 -1.22588192523022E-02  2.529062E+02
        1      1   2    2   1280   1  64   5120    448 -8.60130778967110E-03 -1.22929915588953E-02  3.600620E+02
        1      1   2    2   1280   1 128   5120    896 -8.60152583875463E-03 -1.22973726413812E-02  5.894673E+02
        1      1   2    2   1280   2  16  11520    112 -8.50681814726581E-03 -1.27409020429546E-02  4.782933E+02
        1      1   2    2   1280   2  32  11520    224 -8.59263479194407E-03 -1.21763505158731E-02  7.988592E+02
        1      1   2    2   1280   2  64  11520    448 -8.60483940904294E-03 -1.22308418138309E-02  1.461023E+03
        1      1   2    2   1280   2 128  11520    896 -8.60463804509658E-03 -1.22378958797430E-02  1.940634E+03
        1      1   2    2   1280   3  16  20480    112 -8.50499275731176E-03 -1.27954489493460E-02  1.355285E+03
        1      1   2    2   1280   3  32  20480    224 -8.59106564942104E-03 -1.21791056575368E-02  2.295175E+03
        1      1   2    2   1280   3  64  20480    448 -8.60394833080781E-03 -1.22310226603557E-02  4.127110E+03
        1      1   2    2   1280   3 128  20480    896 -8.60377709469607E-03 -1.22379332867599E-02  5.123006E+03
        1      1   2    2   1280   4  16  32000    112 -8.50539385786346E-03 -1.28693888093866E-02  3.887321E+03
        1      1   2    2   1280   4  32  32000    224 -8.59094839074790E-03 -1.21837424421151E-02  5.792481E+03
        1      1   2    2   1280   4  64  32000    448 -8.60389640622791E-03 -1.22313822214436E-02  1.005977E+04
        1      1   2    2   1280   4 128  32000    896 -8.60376505572667E-03 -1.22381097473449E-02  1.365897E+04
        1      1   3    0     80   1  16    320    112 -8.42758550217084E-03 -1.13386419267699E-02  5.029547E+00
        1      1   3    0     80   1  32    320    224 -8.60052309910571E-03 -1.11369167152778E-02  1.128820E+01
        1      1   3    0     80   1  64    320    448 -8.61372830037416E-03 -1.11580853005490E-02  2.083710E+01
        1      1   3    0     80   1 128    320    896 -8.61856872883178E-03 -1.11589384884313E-02  3.894324E+01
        1      1   3    0     80   2  16    720    112 -8.56648632469791E-03 -1.22585755208088E-02  1.346905E+01
        1      1   3    0     80   2  32    720    224 -8.71669304290157E-03 -1.16745766705292E-02  2.545731E+01
        1      1   3    0     80   2  64    720    448 -8.72527621817628E-03 -1.16689320402304E-02  3.736970E+01
        1      1   3    0     80   2 128    720    896 -8.72556723516124E-03 -1.16718571987243E-02  8.947685E+01
        1      1   3    0     80   3  16   1280    112 -8.60297130888956E-03 -1.23855869471616E-02  3.700226E+01
        1      1   3    0     80   3  32   1280    224 -8.71636568450829E-03 -1.16562349789357E-02  6.904609E+01
        1      1   3    0     80   3  64   1280    448 -8.72510911232877E-03 -1.17062179799177E-02  1.285257E+02
        1      1   3    0     80   3 128   1280    896 -8.72610064091552E-03 -1.17145276478521E-02  2.473969E+02
        1      1   3    0     80   4  16   2000    112 -8.60633886999350E-03 -1.23958609000233E-02  1.032612E+02
        1      1   3    0     80   4  32   2000    224 -8.70988237081340E-03 -1.16440992106174E-02  1.900660E+02
        1      1   3    0     80   4  64   2000    448 -8.72514192509006E-03 -1.17080797843159E-02  3.577356E+02
        1      1   3    0     80   4 128   2000    896 -8.72561580671984E-03 -1.17192857308144E-02  5.723783E+02
        1      1   3    1    320   1  16   1280    112 -8.51390506042722E-03 -1.20693336705509E-02  1.665156E+01
        1      1   3    1    320   1  32   1280    224 -8.68186421155968E-03 -1.15897301592414E-02  3.049771E+01
        1      1   3    1    320   1  64   1280    448 -8.69018246338445E-03 -1.15777354584408E-02  5.838247E+01
        1      1   3    1    320   1 128   1280    896 -8.69092022130382E-03 -1.15792287879342E-02  8.413169E+01
        1      1   3    1    320   2  16   2880    112 -8.60326487144790E-03 -1.23845253928773E-02  4.896645E+01
        1      1   3    1    320   2  32   2880    224 -8.71258550935429E-03 -1.16491769846948E-02  8.855095E+01
        1      1   3    1    320   2  64   2880    448 -8.72494585327118E-03 -1.17036940625055E-02  1.674692E+02
        1      1   3    1    320   2 128   2880    896 -8.72560447827440E-03 -1.17127321887038E-02  2.608862E+02
        1      1   3    1    320   3  16   5120    112 -8.60627791179287E-03 -1.23949649112201E-02  1.503917E+02
        1      1   3    1    320   3  32   5120    224 -8.70840451241115E-03 -1.16429723929770E-02  2.672008E+02
        1      1   3    1    320   3  64   5120    448 -8.72508444580547E-03 -1.17065761909301E-02  5.092986E+02
        1      1   3    1    320   3 128   5120    896 -8.72544050914798E-03 -1.17166009298295E-02  8.009237E+02
        1      1   3    1    320   4  16   8000    112  0.00000000000000E+00  0.00000000000000E+00  0.000000E+00
        1      1   3    1    320   4  32   8000    224 -8.70794760024354E-03 -1.16427469850066E-02  7.742925E+02
        1      1   3    1    320   4  64   8000    448 -8.72524874953024E-03 -1.17067815184854E-02  1.289846E+03
        1      1   3    1    320   4 128   8000    896 -8.72546009395677E-03 -1.17162721679623E-02  2.517582E+03
        1      1   3    2   1280   1  16   5120    112 -8.59171889924074E-03 -1.23449476931778E-02  6.787008E+01
        1      1   3    2   1280   1  32   5120    224 -8.70920378455002E-03 -1.16479268599027E-02  1.173977E+02
        1      1   3    2   1280   1  64   5120    448 -8.72039842620980E-03 -1.16820337518720E-02  2.220081E+02
        1      1   3    2   1280   1 128   5120    896 -8.72110401765653E-03 -1.16873121322268E-02  3.606238E+02
        1      1   3    2   1280   2  16  11520    112 -8.60621904966606E-03 -1.23947525313356E-02  2.325574E+02
        1      1   3    2   1280   2  32  11520    224 -8.70826944895508E-03 -1.16431407505569E-02  3.752465E+02
        1      1   3    2   1280   2  64  11520    448 -8.72517486774547E-03 -1.17066168442849E-02  6.963382E+02
        1      1   3    2   1280   2 128  11520    896 -8.72544560879776E-03 -1.17162993699047E-02  8.984036E+02
        1      1   3    2   1280   3  16  20480    112  0.00000000000000E+00  0.00000000000000E+00  0.000000E+00
        1      1   3    2   1280   3  32  20480    224 -8.70792722733124E-03 -1.16427349949740E-02  1.174991E+03
        1      1   3    2   1280   3  64  20480    448 -8.72524582889609E-03 -1.17065888965258E-02  2.018526E+03
        1      1   3    2   1280   3 128  20480    896 -8.72546058556705E-03 -1.17162555161358E-02  3.585761E+03
        1      1   3    2   1280   4  16  32000    112  0.00000000000000E+00  0.00000000000000E+00  0.000000E+00
        1      1   3    2   1280   4  32  32000    224 -8.70792178390731E-03 -1.16427387591103E-02  3.279497E+03
        1      1   3    2   1280   4  64  32000    448 -8.72524177335550E-03 -1.17065489065364E-02  5.232461E+03
        1      1   3    2   1280   4 128  32000    896 -8.72546333297641E-03 -1.17162609229485E-02  1.010197E+04
        1      2   1    0     80   1  16    320    112 -1.65071984034407E-01  8.46424839939797E-11  1.111040E+01
        1      2   1    0     80   1  32    320    224 -1.72023598646933E-01  4.33471140925956E-12  1.583981E+01
        1      2   1    0     80   1  64    320    448 -1.72306633164303E-01  3.57703883874239E-12  2.749929E+01
        1      2   1    0     80   1 128    320    896 -1.72299750894839E-01  1.09491023018993E-11  5.228921E+01
        1      2   1    0     80   2  16    720    112 -1.52318532867986E-01 -9.16990858246258E-11  3.534445E+01
        1      2   1    0     80   2  32    720    224 -1.73747472809749E-01  2.84256299054597E-12  6.811198E+01
        1      2   1    0     80   2  64    720    448 -1.75099791029187E-01  2.55844781124615E-12  1.055163E+02
        1      2   1    0     80   2 128    720    896 -1.75164336342471E-01  6.31049726362853E-12  1.446217E+02
        1      2   1    0     80   3  16   1280    112 -1.33357349093763E-01  1.68100859621045E-10  9.234220E+01
        1      2   1    0     80   3  32   1280    224 -1.74175555576272E-01 -1.47603821526454E-11  1.747322E+02
        1      2   1    0     80   3  64   1280    448 -1.76925118754854E-01  1.39452772246473E-12  3.379443E+02
        1      2   1    0     80   3 128   1280    896 -1.77082161018320E-01  1.46220884792575E-11  3.660422E+02
        1      2   1    0     80   4  16   2000    112 -1.06816603249418E-01  1.45745590596214E-09  2.446153E+02
        1      2   1    0     80   4  32   2000    224 -1.72329201926883E-01 -4.70340780212020E-12  4.414510E+02
        1      2   1    0     80   4  64   2000    448 -1.76838636370676E-01 -4.89344675891346E-13  6.958614E+02
        1      2   1    0     80   4 128   2000    896 -1.77109527260183E-01 -2.74425339223672E-12  9.460662E+02
        1      2   1    1    320   1  16   1280    112 -1.48272392593165E-01  1.41576160864187E-09  3.823945E+01
        1      2   1    1    320   1  32   1280    224 -1.73443783391217E-01 -5.13032602511565E-11  7.295035E+01
        1      2   1    1    320   1  64   1280    448 -1.75060325703699E-01 -3.31020133179094E-11  1.414478E+02
        1      2   1    1    320   1 128   1280    896 -1.75141548462854E-01  1.34752463094162E-12  1.635363E+02
        1      2   1    1    320   2  16   2880    112 -1.10573084934046E-01  3.82726628167518E-11  1.330302E+02
        1      2   1    1    320   2  32   2880    224 -1.72260506168100E-01  5.07548118117152E-11  2.497603E+02
        1      2   1    1    320   2  64   2880    448 -1.76495783067892E-01 -5.45831901812427E-12  4.844376E+02
        1      2   1    1    320   2 128   2880    896 -1.76748810227199E-01  4.91015415176113E-12  5.355113E+02
        1      2   1    1    320   3  16   5120    112 -5.65628546309254E-02 -8.28662069518593E-10  3.864937E+02
        1      2   1    1    320   3  32   5120    224 -1.68775380683562E-01  1.55339860766213E-10  5.519086E+02
        1      2   1    1    320   3  64   5120    448 -1.76608792469941E-01  9.57596057570703E-12  1.080983E+03
        1      2   1    1    320   3 128   5120    896 -1.77093586059442E-01  5.35900674964590E-12  1.457270E+03
        1      2   1    1    320   4  16   8000    112  1.31998648043436E-02  8.94459618872023E-09  1.092072E+03
        1      2   1    1    320   4  32   8000    224 -1.63839725951996E-01  4.39855353528973E-10  1.708036E+03
        1      2   1    1    320   4  64   8000    448 -1.76290089464695E-01  2.78675184057359E-12  3.208752E+03
        1      2   1    1    320   4 128   8000    896 -1.77071883527973E-01  9.71651735849968E-12  3.861348E+03
        1      2   1    2   1280   1  16   5120    112 -1.18613152263106E-01 -1.38376260103157E-09  1.718503E+02
        1      2   1    2   1280   1  32   5120    224 -1.72846683466985E-01  1.54714183261614E-09  3.033449E+02
        1      2   1    2   1280   1  64   5120    448 -1.76544009217997E-01 -6.38851510212889E-11  5.185747E+02
        1      2   1    2   1280   1 128   5120    896 -1.76761410896273E-01 -7.63199724772290E-14  6.598606E+02
        1      2   1    2   1280   2  16  11520    112 -4.12600377026327E-02  1.00154794750642E-08  7.165675E+02
        1      2   1    2   1280   2  32  11520    224 -1.67635540266269E-01  7.66658195261449E-11  1.133999E+03
        1      2   1    2   1280   2  64  11520    448 -1.76478883113071E-01 -3.09303126730734E-11  1.425257E+03
        1      2   1    2   1280   2 128  11520    896 -1.77028523718178E-01 -3.74542646788649E-12  2.475185E+03
        1      2   1    2   1280   3  16  20480    112  6.70843485695269E-02  2.34482437930315E-08  2.052001E+03
        1      2   1    2   1280   3  32  20480    224 -1.60029240526323E-01 -2.57302664591341E-09  2.971832E+03
        1      2   1    2   1280   3  64  20480    448 -1.76045838388522E-01  1.56697079682459E-10  3.613402E+03
        1      2   1    2   1280   3 128  20480    896 -1.77057070304034E-01 -8.24612872831008E-12  6.660861E+03
        1      2   1    2   1280   4  16  32000    112  2.06330711446910E-01 -6.19443172060127E-09  5.864508E+03
        1      2   1    2   1280   4  32  32000    224 -1.50182127882760E-01  3.12950792190347E-09  8.062861E+03
        1      2   1    2   1280   4  64  32000    448 -1.75412755239202E-01  2.35504892930755E-10  1.032669E+04
        1      2   1    2   1280   4 128  32000    896 -1.77017192193065E-01  8.76749433958383E-12  2.128757E+04
        1      2   2    0     80   1  16    320    112 -1.37766578530156E-01 -5.02493255338798E-11  1.083026E+01
        1      2   2    0     80   1  32    320    224 -1.37725650016433E-01  8.19134690632772E-13  2.271756E+01
        1      2   2    0     80   1  64    320    448 -1.37716741419753E-01 -1.78988074361897E-11  2.672575E+01
        1      2   2    0     80   1 128    320    896 -1.37716821283663E-01  1.08246831637127E-12  8.026440E+01
        1      2   2    0     80   2  16    720    112 -1.08491458565631E-01  9.27600982136845E-11  3.228181E+01
        1      2   2    0     80   2  32    720    224 -1.08458147213380E-01 -2.45743798574227E-11  6.241660E+01
        1      2   2    0     80   2  64    720    448 -1.08451126066619E-01  2.73489716116904E-11  1.170380E+02
        1      2   2    0     80   2 128    720    896 -1.08450030559390E-01 -5.48985227936949E-12  2.011160E+02
        1      2   2    0     80   3  16   1280    112 -1.14615175382277E-01 -5.46383840949183E-11  8.063869E+01
        1      2   2    0     80   3  32   1280    224 -1.14719915126097E-01  6.27228737698493E-12  1.549849E+02
        1      2   2    0     80   3  64   1280    448 -1.14714429200725E-01 -1.52303070329041E-11  2.667370E+02
        1      2   2    0     80   3 128   1280    896 -1.14713253029913E-01  3.15589047950038E-12  5.503243E+02
        1      2   2    0     80   4  16   2000    112 -1.12895831948713E-01  3.38245403908033E-12  2.094224E+02
        1      2   2    0     80   4  32   2000    224 -1.13272979559375E-01 -4.41422853131312E-12  3.987276E+02
        1      2   2    0     80   4  64   2000    448 -1.13281454514416E-01  1.55172142496385E-12  5.930516E+02
        1      2   2    0     80   4 128   2000    896 -1.13279955789180E-01  1.61987805981367E-12  8.270063E+02
        1      2   2    1    320   1  16   1280    112 -1.37452349975912E-01 -8.93537882573625E-11  3.597147E+01
        1      2   2    1    320   1  32   1280    224 -1.37424278950739E-01 -4.76467736792996E-12  6.914619E+01
        1      2   2    1    320   1  64   1280    448 -1.37416909457658E-01  2.72903878315023E-13  1.339036E+02
        1      2   2    1    320   1 128   1280    896 -1.37415912736359E-01 -8.90259437349994E-13  1.566013E+02
        1      2   2    1    320   2  16   2880    112 -1.13393750931775E-01  7.25273313628705E-12  1.177230E+02
        1      2   2    1    320   2  32   2880    224 -1.13717839796368E-01  4.75922252995975E-13  2.257771E+02
        1      2   2    1    320   2  64   2880    448 -1.13722678478906E-01 -1.55840943448504E-13  3.151449E+02
        1      2   2    1    320   2 128   2880    896 -1.13721129270760E-01 -1.26074877534327E-13  6.019669E+02
        1      2   2    1    320   3  16   5120    112 -1.12198395642649E-01  6.72294164782983E-12  3.022405E+02
        1      2   2    1    320   3  32   5120    224 -1.13077991045299E-01 -5.98696439646496E-13  5.843480E+02
        1      2   2    1    320   3  64   5120    448 -1.13122767559569E-01 -1.45131194388692E-13  7.635812E+02
        1      2   2    1    320   3 128   5120    896 -1.13122899681006E-01 -2.81178400875215E-13  1.589374E+03
        1      2   2    1    320   4  16   8000    112 -1.11385797981507E-01 -6.44172215569228E-13  7.938085E+02
        1      2   2    1    320   4  32   8000    224 -1.12939367958721E-01  3.47096049818640E-13  1.542058E+03
        1      2   2    1    320   4  64   8000    448 -1.13034715844100E-01  8.16702391479018E-14  2.296309E+03
        1      2   2    1    320   4 128   8000    896 -1.13038304238029E-01  8.31469225068271E-15  3.192443E+03
        1      2   2    2   1280   1  16   5120    112 -1.18198458773881E-01 -2.04311801851875E-10  1.407423E+02
        1      2   2    2   1280   1  32   5120    224 -1.18425033492223E-01  7.64917643114593E-12  2.643406E+02
        1      2   2    2   1280   1  64   5120    448 -1.18424155316394E-01 -1.14129593362794E-12  3.050524E+02
        1      2   2    2   1280   1 128   5120    896 -1.18422610697616E-01  8.95875713023686E-14  5.954051E+02
        1      2   2    2   1280   2  16  11520    112 -1.12143669298415E-01 -3.16858084908889E-11  4.754817E+02
        1      2   2    2   1280   2  32  11520    224 -1.13166429182981E-01 -1.89207590567397E-13  9.069052E+02
        1      2   2    2   1280   2  64  11520    448 -1.13221512486706E-01 -1.55213840911939E-13  1.522207E+03
        1      2   2    2   1280   2 128  11520    896 -1.13222316324666E-01 -2.58816351596941E-13  1.949521E+03
        1      2   2    2   1280   3  16  20480    112 -1.10835583034961E-01  2.06140946326650E-11  1.249950E+03
        1      2   2    2   1280   3  32  20480    224 -1.12900793013310E-01 -1.42638249302218E-11  2.365221E+03
        1      2   2    2   1280   3  64  20480    448 -1.13033256298088E-01  2.17223206653086E-12  3.505343E+03
        1      2   2    2   1280   3 128  20480    896 -1.13039396198735E-01 -6.25132934241497E-13  5.118052E+03
        1      2   2    2   1280   4  16  32000    112 -1.09410152168447E-01 -4.56857002315708E-10  3.503924E+03
        1      2   2    2   1280   4  32  32000    224 -1.12794292707057E-01  8.71917620569318E-11  5.768381E+03
        1      2   2    2   1280   4  64  32000    448 -1.13021726139971E-01 -2.56924212807541E-12  1.023801E+04
        1      2   2    2   1280   4 128  32000    896 -1.13034246807088E-01 -4.96308754456467E-12  1.398549E+04
        1      2   3    0     80   1  16    320    112 -4.52459314363125E-09 -1.69866551380515E-12  4.076349E+00
        1      2   3    0     80   1  32    320    224 -4.52339944245177E-09 -3.60980342839490E-13  9.075987E+00
        1      2   3    0     80   1  64    320    448 -4.52217174955223E-09 -1.65911034910593E-12  1.585394E+01
        1      2   3    0     80   1 128    320    896 -4.52153423371376E-09  1.18178036800920E-15  2.797479E+01
        1      2   3    0     80   2  16    720    112 -5.11550525645784E-10  3.97643723504260E-13  9.935019E+00
        1      2   3    0     80   2  32    720    224 -4.83820939656902E-10 -1.68607315609304E-13  1.736203E+01
        1      2   3    0     80   2  64    720    448 -4.72850810714582E-10 -1.31169988065727E-12  3.030467E+01
        1      2   3    0     80   2 128    720    896 -4.71061872073929E-10 -5.11675337516726E-13  5.097613E+01
        1      2   3    0     80   3  16   1280    112 -2.10515811954665E-07  1.42953843207394E-11  2.601945E+01
        1      2   3    0     80   3  32   1280    224 -2.10451863137259E-07  6.52427677855227E-12  4.888692E+01
        1      2   3    0     80   3  64   1280    448 -2.10455032858145E-07 -1.18633011400582E-12  9.231237E+01
        1      2   3    0     80   3 128   1280    896 -2.10457964560826E-07  2.65991872624993E-13  1.718804E+02
        1      2   3    0     80   4  16   2000    112 -2.48431372426625E-08 -1.38107580927027E-12  6.839645E+01
        1      2   3    0     80   4  32   2000    224 -2.47400602767947E-08  5.82380497993196E-12  1.296526E+02
        1      2   3    0     80   4  64   2000    448 -2.47417568011109E-08 -3.10012866072684E-13  2.448649E+02
        1      2   3    0     80   4 128   2000    896 -2.47490805614713E-08  9.41900637346782E-14  4.478275E+02
        1      2   3    1    320   1  16   1280    112 -5.21645148303497E-12  5.00258515168106E-12  1.070148E+01
        1      2   3    1    320   1  32   1280    224 -5.16245417069962E-12  3.92220544237487E-13  1.813661E+01
        1      2   3    1    320   1  64   1280    448 -5.14022168520058E-12  7.72567773643651E-14  3.137759E+01
        1      2   3    1    320   1 128   1280    896 -5.14167684130979E-12 -3.09254575073248E-13  6.027718E+01
        1      2   3    1    320   2  16   2880    112 -9.15532584972682E-13  2.16007767228632E-14  2.317131E+01
        1      2   3    1    320   2  32   2880    224 -7.80948917978239E-13 -2.45983788893511E-13  4.495855E+01
        1      2   3    1    320   2  64   2880    448 -7.66943470599840E-13 -8.84821729774110E-14  8.155197E+01
        1      2   3    1    320   2 128   2880    896 -7.92934737180317E-13 -1.11137227892799E-14  1.411342E+02
        1      2   3    1    320   3  16   5120    112 -2.51895713387941E-10  6.93490750935943E-12  8.534628E+01
        1      2   3    1    320   3  32   5120    224 -2.50405138546604E-10 -4.62316209620672E-12  1.518064E+02
        1      2   3    1    320   3  64   5120    448 -2.51218974124448E-10 -9.16896116323618E-13  2.494692E+02
        1      2   3    1    320   3 128   5120    896 -2.50909303238849E-10 -2.81816670694157E-13  4.322390E+02
        1      2   3    1    320   4  16   8000    112 -3.08624894460088E-11 -1.43748797587495E-11  2.244450E+02
        1      2   3    1    320   4  32   8000    224 -3.11850731853753E-11  6.54494687613028E-13  3.898534E+02
        1      2   3    1    320   4  64   8000    448 -3.16819562933641E-11  4.00911942533000E-13  6.606869E+02
        1      2   3    1    320   4 128   8000    896 -3.17567862044088E-11 -1.21923955306857E-14  1.308294E+03
        1      2   3    2   1280   1  16   5120    112 -4.40723287264922E-14 -2.01128272023232E-11  3.398373E+01
        1      2   3    2   1280   1  32   5120    224 -3.95388849377352E-14 -3.63961248292521E-12  6.469591E+01
        1      2   3    2   1280   1  64   5120    448 -3.90871633919301E-14  1.05050516896465E-13  1.173268E+02
        1      2   3    2   1280   1 128   5120    896 -3.91040487108378E-14  2.88400079100255E-12  2.064810E+02
        1      2   3    2   1280   2  16  11520    112 -3.57273966965552E-12 -7.21264627884244E-13  1.026725E+02
        1      2   3    2   1280   2  32  11520    224 -3.46581531354473E-12 -3.38868690052951E-13  1.800844E+02
        1      2   3    2   1280   2  64  11520    448 -3.46919434839180E-12 -2.20851657274646E-13  3.487838E+02
        1      2   3    2   1280   2 128  11520    896 -3.46601316490428E-12 -3.15106732482091E-13  7.043715E+02
        1      2   3    2   1280   3  16  20480    112 -1.40786104088219E-12 -5.72748879573703E-13  2.900909E+02
        1      2   3    2   1280   3  32  20480    224 -1.08623176295350E-12 -1.36720496035636E-13  5.133661E+02
        1      2   3    2   1280   3  64  20480    448 -1.07742425769615E-12 -4.14587255585103E-13  1.020911E+03
        1      2   3    2   1280   3 128  20480    896 -1.07828411873984E-12 -4.52764670373640E-13  1.670291E+03
        1      2   3    2   1280   4  16  32000    112 -2.36051158685722E-11  1.68692750740496E-13  8.563608E+02
        1      2   3    2   1280   4  32  32000    224 -2.42523345067989E-11 -4.82251391598076E-13  1.453214E+03
        1      2   3    2   1280   4  64  32000    448 -2.40565693326979E-11  3.03977600469435E-13  2.823312E+03
        1      2   3    2   1280   4 128  32000    896 -2.40758374750257E-11  7.35174589391527E-14  5.203413E+03
        1      3   1    0     80   1  16    320    112 -3.47841180364468E-02 -5.20987142316187E-11  1.091723E+01
        1      3   1    0     80   1  32    320    224 -3.47786850449081E-02  3.81511489067066E-12  2.249025E+01
        1      3   1    0     80   1  64    320    448 -3.47771344044172E-02  1.30942479081852E-11  4.154446E+01
        1      3   1    0     80   1 128    320    896 -3.47768170647613E-02 -5.20318996222180E-11  4.302134E+01
        1      3   1    0     80   2  16    720    112 -3.47707247580796E-02 -2.33041919095456E-11  3.331721E+01
        1      3   1    0     80   2  32    720    224 -3.47724918940078E-02 -3.27915472553286E-12  6.522269E+01
        1      3   1    0     80   2  64    720    448 -3.47715291814422E-02  3.52486512200656E-11  1.213823E+02
        1      3   1    0     80   2 128    720    896 -3.47712775871124E-02 -3.52774059964034E-11  1.135301E+02
        1      3   1    0     80   3  16   1280    112 -3.47568669135535E-02 -2.74220646190315E-11  8.749929E+01
        1      3   1    0     80   3  32   1280    224 -3.47662475585581E-02 -2.76906275686883E-11  1.701095E+02
        1      3   1    0     80   3  64   1280    448 -3.47656585946602E-02  3.31378535722848E-11  2.397908E+02
        1      3   1    0     80   3 128   1280    896 -3.47654518194023E-02 -8.04055363956557E-11  2.831129E+02
        1      3   1    0     80   4  16   2000    112 -3.47464418084602E-02 -1.28553667710918E-10  2.359942E+02
        1      3   1    0     80   4  32   2000    224 -3.47654627959931E-02 -4.44241587960192E-11  4.545559E+02
        1      3   1    0     80   4  64   2000    448 -3.47652690559302E-02  4.16108952849825E-11  5.188877E+02
        1      3   1    0     80   4 128   2000    896 -3.47650825953944E-02 -4.30187066524645E-11  7.315626E+02
        1      3   1    1    320   1  16   1280    112 -3.47549903590853E-02  5.12453968148918E-12  3.655827E+01
        1      3   1    1    320   1  32   1280    224 -3.47578785896896E-02 -2.08354167252622E-12  7.039156E+01
        1      3   1    1    320   1  64   1280    448 -3.47569206081568E-02  1.70208985794673E-12  1.339982E+02
        1      3   1    1    320   1 128   1280    896 -3.47566687196944E-02  1.40588270192143E-11  1.519820E+02
        1      3   1    1    320   2  16   2880    112 -3.47474126373510E-02 -9.41074163041122E-11  1.256857E+02
        1      3   1    1    320   2  32   2880    224 -3.47649322116162E-02  4.32115454529480E-12  2.440818E+02
        1      3   1    1    320   2  64   2880    448 -3.47646729461055E-02 -2.04428834971182E-12  4.574267E+02
        1      3   1    1    320   2 128   2880    896 -3.47644847033423E-02  2.20273764506285E-11  4.938761E+02
        1      3   1    1    320   3  16   5120    112 -3.47271316759959E-02  4.41197051115339E-10  3.392509E+02
        1      3   1    1    320   3  32   5120    224 -3.47643237430079E-02 -5.77259073875069E-12  6.657139E+02
        1      3   1    1    320   3  64   5120    448 -3.47648577853454E-02 -6.46467601672640E-12  1.186740E+03
        1      3   1    1    320   3 128   5120    896 -3.47647039647488E-02  3.91859981963005E-11  1.337108E+03
        1      3   1    1    320   4  16   8000    112 -3.47008129544122E-02  9.84179571172916E-10  9.083013E+02
        1      3   1    1    320   4  32   8000    224 -3.47632700076932E-02 -6.89594215064204E-12  1.779325E+03
        1      3   1    1    320   4  64   8000    448 -3.47648167279258E-02 -5.97290966686259E-12  3.028382E+03
        1      3   1    1    320   4 128   8000    896 -3.47647048059111E-02  5.29637965429597E-11  3.556829E+03
        1      3   1    2   1280   1  16   5120    112 -3.47514120927116E-02 -5.22977575134753E-09  1.556960E+02
        1      3   1    2   1280   1  32   5120    224 -3.47659382591068E-02  9.17842545022918E-10  2.933048E+02
        1      3   1    2   1280   1  64   5120    448 -3.47655296160237E-02  6.53967054120574E-11  5.719590E+02
        1      3   1    2   1280   1 128   5120    896 -3.47653247356348E-02  2.09459359579167E-12  6.519570E+02
        1      3   1    2   1280   2  16  11520    112 -3.47212976167190E-02  3.66200021695295E-09  6.264283E+02
        1      3   1    2   1280   2  32  11520    224 -3.47640187803877E-02 -1.29869365261825E-10  8.948438E+02
        1      3   1    2   1280   2  64  11520    448 -3.47647739552856E-02  2.79759583554640E-11  2.041522E+03
        1      3   1    2   1280   2 128  11520    896 -3.47646281590666E-02  3.11487988180481E-12  2.566404E+03
        1      3   1    2   1280   3  16  20480    112 -3.46804781563067E-02  1.64241326094938E-09  1.732171E+03
        1      3   1    2   1280   3  32  20480    224 -3.47624480936428E-02  1.36995442767684E-10  2.896944E+03
        1      3   1    2   1280   3  64  20480    448 -3.47647772158777E-02  5.49539233563046E-12  6.032188E+03
        1      3   1    2   1280   3 128  20480    896 -3.47646956281227E-02  1.77950883195610E-12  6.917697E+03
        1      3   1    2   1280   4  16  32000    112 -3.46279153668252E-02 -6.71934018148246E-09  5.551123E+03
        1      3   1    2   1280   4  32  32000    224 -3.47603397689542E-02 -5.50909040608616E-10  7.233321E+03
        1      3   1    2   1280   4  64  32000    448 -3.47646914147991E-02  2.81358270015630E-13  1.074243E+04
        1      3   1    2   1280   4 128  32000    896 -3.47646920474622E-02  4.63627053415294E-12  2.005583E+04
        1      3   2    0     80   1  16    320    112 -4.92526775540590E-04  1.16539555783390E-11  1.061683E+01
        1      3   2    0     80   1  32    320    224 -4.91350329332848E-04  7.09657332897962E-12  2.237454E+01
        1      3   2    0     80   1  64    320    448 -4.91799702580143E-04 -1.56708396259475E-11  2.583209E+01
        1      3   2    0     80   1 128    320    896 -4.91883420748540E-04 -3.08948699956346E-12  4.429428E+01
        1      3   2    0     80   2  16    720    112 -4.33005821626854E-04 -1.04807829082176E-11  3.125122E+01
        1      3   2    0     80   2  32    720    224 -4.32737203598597E-04  1.91376914315811E-11  6.041420E+01
        1      3   2    0     80   2  64    720    448 -4.32939838782183E-04  6.88797630044036E-12  6.694676E+01
        1      3   2    0     80   2 128    720    896 -4.32955984347724E-04  6.05143019027921E-12  1.248991E+02
        1      3   2    0     80   3  16   1280    112 -4.30756734560191E-04  1.64307456529400E-12  7.749963E+01
        1      3   2    0     80   3  32   1280    224 -4.31666184724485E-04  1.12696796339406E-11  1.525741E+02
        1      3   2    0     80   3  64   1280    448 -4.31768513731813E-04 -7.33667293584261E-12  2.727067E+02
        1      3   2    0     80   3 128   1280    896 -4.31775535918672E-04 -4.44865672077910E-12  2.868854E+02
        1      3   2    0     80   4  16   2000    112 -4.30498953865951E-04 -2.95100055502928E-11  2.002862E+02
        1      3   2    0     80   4  32   2000    224 -4.31552660641553E-04  9.45085676384849E-12  3.920659E+02
        1      3   2    0     80   4  64   2000    448 -4.31641726075067E-04 -1.34726951817044E-12  6.676869E+02
        1      3   2    0     80   4 128   2000    896 -4.31632329952439E-04 -4.66064686843737E-12  1.100623E+03
        1      3   2    1    320   1  16   1280    112 -4.38265747975974E-04  9.65962032584144E-11  3.492343E+01
        1      3   2    1    320   1  32   1280    224 -4.37569247725740E-04  1.14163123399180E-11  6.818729E+01
        1      3   2    1    320   1  64   1280    448 -4.37636317149513E-04 -2.47802472985725E-12  9.324485E+01
        1      3   2    1    320   1 128   1280    896 -4.37662952080038E-04 -4.37013931986474E-11  1.518447E+02
        1      3   2    1    320   2  16   2880    112 -4.30640786714316E-04 -4.07224531873140E-11  1.104694E+02
        1      3   2    1    320   2  32   2880    224 -4.31568671417410E-04 -7.59253770965529E-13  2.174231E+02
        1      3   2    1    320   2  64   2880    448 -4.31653043981145E-04  2.18124129869324E-13  3.250617E+02
        1      3   2    1    320   2 128   2880    896 -4.31651181071003E-04 -7.05158154090668E-13  4.657836E+02
        1      3   2    1    320   3  16   5120    112 -4.30177786599318E-04 -1.13872689055938E-10  2.919839E+02
        1      3   2    1    320   3  32   5120    224 -4.31492920294154E-04 -3.40759365169419E-12  5.690786E+02
        1      3   2    1    320   3  64   5120    448 -4.31571378721281E-04 -5.51877987753358E-13  1.056548E+03
        1      3   2    1    320   3 128   5120    896 -4.31560644018157E-04  1.42996621488312E-11  1.243414E+03
        1      3   2    1    320   4  16   8000    112 -4.29846936280842E-04 -7.97131805008178E-12  7.612629E+02
        1      3   2    1    320   4  32   8000    224 -4.31464717111859E-04 -2.23916718500306E-12  1.516520E+03
        1      3   2    1    320   4  64   8000    448 -4.31563720918564E-04 -4.02393396381484E-13  2.391445E+03
        1      3   2    1    320   4 128   8000    896 -4.31554936216709E-04  6.46357967148958E-14  3.130660E+03
        1      3   2    2   1280   1  16   5120    112 -4.31557033132321E-04 -1.73255018665053E-09  1.360825E+02
        1      3   2    2   1280   1  32   5120    224 -4.32296737974412E-04 -5.92231146068212E-10  2.633933E+02
        1      3   2    2   1280   1  64   5120    448 -4.32366538026189E-04 -3.80423470502933E-12  4.257299E+02
        1      3   2    2   1280   1 128   5120    896 -4.32366365215831E-04 -9.90752618834634E-13  5.965859E+02
        1      3   2    2   1280   2  16  11520    112 -4.30114951676813E-04 -7.07491093487889E-10  4.520894E+02
        1      3   2    2   1280   2  32  11520    224 -4.31492079022301E-04  9.96900478833496E-12  8.737552E+02
        1      3   2    2   1280   2  64  11520    448 -4.31574599574662E-04 -7.05390607036449E-13  1.414872E+03
        1      3   2    2   1280   2 128  11520    896 -4.31561861545419E-04 -1.50029294543330E-13  1.991327E+03
        1      3   2    2   1280   3  16  20480    112 -4.29634200777140E-04 -7.07058869786614E-10  1.220881E+03
        1      3   2    2   1280   3  32  20480    224 -4.31453047900613E-04 -3.73044581336579E-11  2.024327E+03
        1      3   2    2   1280   3  64  20480    448 -4.31564569246148E-04 -4.30079583058074E-13  3.671717E+03
        1      3   2    2   1280   3 128  20480    896 -4.31553042554345E-04 -1.33817783243284E-12  5.269427E+03
        1      3   2    2   1280   4  16  32000    112 -4.29093285218654E-04  5.79270492684358E-10  3.277174E+03
        1      3   2    2   1280   4  32  32000    224 -4.31427333521939E-04 -1.11082511244920E-10  5.660982E+03
        1      3   2    2   1280   4  64  32000    448 -4.31562556649785E-04  1.25958618535371E-12  9.263922E+03
        1      3   2    2   1280   4 128  32000    896 -4.31552829979212E-04 -4.43971248653696E-13  1.407944E+04
        1      3   3    0     80   1  16    320    112 -1.50637971605334E-04  2.29270491480804E-11  4.973092E+00
        1      3   3    0     80   1  32    320    224 -1.49536532568335E-04  8.65868488020283E-12  1.133331E+01
        1      3   3    0     80   1  64    320    448 -1.50025505672303E-04 -2.81531464807472E-11  2.061426E+01
        1      3   3    0     80   1 128    320    896 -1.50108861653206E-04 -3.05629827002107E-12  3.331971E+01
        1      3   3    0     80   2  16    720    112 -8.53038398100203E-05  2.49170684085698E-11  1.295480E+01
        1      3   3    0     80   2  32    720    224 -8.50410916601143E-05 -6.28641583233502E-12  2.512889E+01
        1      3   3    0     80   2  64    720    448 -8.52111465248190E-05 -2.49281567610282E-11  4.576324E+01
        1      3   3    0     80   2 128    720    896 -8.52327345333043E-05  9.92404075583764E-12  7.504993E+01
        1      3   3    0     80   3  16   1280    112 -8.38084961509037E-05  3.40529271447565E-11  3.517849E+01
        1      3   3    0     80   3  32   1280    224 -8.48828631576646E-05  7.75809971820252E-12  6.845862E+01
        1      3   3    0     80   3  64   1280    448 -8.50040674619417E-05 -1.19858012403995E-11  1.238699E+02
        1      3   3    0     80   3 128   1280    896 -8.50242276242783E-05 -1.26651605869554E-11  2.034622E+02
        1      3   3    0     80   4  16   2000    112 -8.36106752773120E-05  7.00711710877044E-11  9.762487E+01
        1      3   3    0     80   4  32   2000    224 -8.48470606477890E-05 -3.41176531470921E-11  1.864557E+02
        1      3   3    0     80   4  64   2000    448 -8.49861845892600E-05  7.18732018345491E-12  3.408848E+02
        1      3   3    0     80   4 128   2000    896 -8.49947090768691E-05  5.12947323505486E-11  5.591516E+02
        1      3   3    1    320   1  16   1280    112 -9.16640618957129E-05  2.76717648795000E-10  1.655366E+01
        1      3   3    1    320   1  32   1280    224 -9.11436815408494E-05  1.90934629218376E-11  3.049109E+01
        1      3   3    1    320   1  64   1280    448 -9.12086294505117E-05 -1.89535886985226E-13  5.885953E+01
        1      3   3    1    320   1 128   1280    896 -9.12426136194407E-05 -3.10023187677366E-12  7.803511E+01
        1      3   3    1    320   2  16   2880    112 -8.37268698187226E-05  1.67369451631316E-10  4.754482E+01
        1      3   3    1    320   2  32   2880    224 -8.48261537507873E-05 -3.85788623269434E-13  8.800074E+01
        1      3   3    1    320   2  64   2880    448 -8.49621383513034E-05 -1.63682956078048E-12  1.677697E+02
        1      3   3    1    320   2 128   2880    896 -8.49788353390630E-05  2.42008288409146E-11  2.696057E+02
        1      3   3    1    320   3  16   5120    112 -8.35991980624247E-05  6.99458269082243E-11  1.431740E+02
        1      3   3    1    320   3  32   5120    224 -8.48736935053445E-05 -2.21883622586461E-12  2.669279E+02
        1      3   3    1    320   3  64   5120    448 -8.49839522505012E-05 -9.97438243111048E-13  5.075513E+02
        1      3   3    1    320   3 128   5120    896 -8.49908104004599E-05  2.23032460555661E-11  8.460366E+02
        1      3   3    1    320   4  16   8000    112 -8.35949022454192E-05 -2.31534208472439E-10  4.089520E+02
        1      3   3    1    320   4  32   8000    224 -8.48800120588339E-05  8.35026492396196E-13  7.642300E+02
        1      3   3    1    320   4  64   8000    448 -8.49866089691261E-05  1.64777913536085E-13  1.454371E+03
        1      3   3    1    320   4 128   8000    896 -8.49919793129416E-05 -3.89764644170842E-11  2.022252E+03
        1      3   3    2   1280   1  16   5120    112 -8.46230336032725E-05  7.65251501055886E-10  6.398954E+01
        1      3   3    2   1280   1  32   5120    224 -8.55628643460373E-05 -8.16206199849567E-11  1.175080E+02
        1      3   3    2   1280   1  64   5120    448 -8.56794946205034E-05  3.07906825036675E-12  2.218444E+02
        1      3   3    2   1280   1 128   5120    896 -8.56963319251129E-05 -5.70935659860439E-13  3.281946E+02
        1      3   3    2   1280   2  16  11520    112 -8.35993422506081E-05 -4.17515466644147E-10  2.090030E+02
        1      3   3    2   1280   2  32  11520    224 -8.48748649076910E-05  3.36649666476951E-11  3.740628E+02
        1      3   3    2   1280   2  64  11520    448 -8.49842424402361E-05  1.06300385160907E-12  6.967753E+02
        1      3   3    2   1280   2 128  11520    896 -8.49886111984542E-05 -3.59840456043425E-12  1.213755E+03
        1      3   3    2   1280   3  16  20480    112 -8.35942938843985E-05 -3.75334194280263E-10  6.475081E+02
        1      3   3    2   1280   3  32  20480    224 -8.48800181674949E-05 -1.67970505560167E-10  1.159051E+03
        1      3   3    2   1280   3  64  20480    448 -8.49894060002320E-05 -4.21331025624028E-12  1.955418E+03
        1      3   3    2   1280   3 128  20480    896 -8.49900176121557E-05  1.87467923129514E-12  3.491357E+03
        1      3   3    2   1280   4  16  32000    112 -8.35894446485378E-05 -1.13851587879576E-09  1.850090E+03
        1      3   3    2   1280   4  32  32000    224 -8.48800531902601E-05  8.03414973438166E-12  3.348330E+03
        1      3   3    2   1280   4  64  32000    448 -8.49901311620579E-05 -2.13419559802475E-12  5.883823E+03
        1      3   3    2   1280   4 128  32000    896 -8.49902179675003E-05 -6.87698162304962E-13  9.950502E+03
        1      4   1    0     80   1  16    320    112 -1.59725716853135E-01 -7.00819727658519E-03  1.216145E+01
        1      4   1    0     80   1  32    320    224 -1.69102994281115E-01 -6.56571177999915E-03  2.518629E+01
        1      4   1    0     80   1  64    320    448 -1.69457277300181E-01 -6.49999537126411E-03  4.832166E+01
        1      4   1    0     80   1 128    320    896 -1.69442786669897E-01 -6.49071672064765E-03  5.679729E+01
        1      4   1    0     80   2  16    720    112 -1.36885949399253E-01 -7.38129864782999E-03  3.638763E+01
        1      4   1    0     80   2  32    720    224 -1.65512987675264E-01 -6.56090918307356E-03  6.958142E+01
        1      4   1    0     80   2  64    720    448 -1.67286319303350E-01 -6.46618241008187E-03  1.354172E+02
        1      4   1    0     80   2 128    720    896 -1.67366670354436E-01 -6.45514119799798E-03  1.506244E+02
        1      4   1    0     80   3  16   1280    112 -1.10156659512856E-01 -8.06096425561553E-03  9.406291E+01
        1      4   1    0     80   3  32   1280    224 -1.64691234181707E-01 -6.61591864052069E-03  1.765255E+02
        1      4   1    0     80   3  64   1280    448 -1.68304351928780E-01 -6.46083157322047E-03  3.426109E+02
        1      4   1    0     80   3 128   1280    896 -1.68506270643072E-01 -6.44653448530523E-03  3.744356E+02
        1      4   1    0     80   4  16   2000    112 -7.45947250572446E-02 -8.93668881800358E-03  2.653996E+02
        1      4   1    0     80   4  32   2000    224 -1.62190123505842E-01 -6.69937275465499E-03  4.674383E+02
        1      4   1    0     80   4  64   2000    448 -1.68126108712271E-01 -6.46702254869139E-03  6.438216E+02
        1      4   1    0     80   4 128   2000    896 -1.68477098523730E-01 -6.44713201391896E-03  9.584680E+02
        1      4   1    1    320   1  16   1280    112 -1.31331892785049E-01 -7.55501843545375E-03  4.210696E+01
        1      4   1    1    320   1  32   1280    224 -1.65089846258438E-01 -6.57690053357207E-03  7.781664E+01
        1      4   1    1    320   1  64   1280    448 -1.67214498722214E-01 -6.46687003382751E-03  1.537734E+02
        1      4   1    1    320   1 128   1280    896 -1.67316408913538E-01 -6.45477886366284E-03  1.769241E+02
        1      4   1    1    320   2  16   2880    112 -7.96613463603274E-02 -8.81494339355393E-03  1.472317E+02
        1      4   1    1    320   2  32   2880    224 -1.62274291596497E-01 -6.68853619694307E-03  2.581283E+02
        1      4   1    1    320   2  64   2880    448 -1.67859442470663E-01 -6.46792952959641E-03  5.005426E+02
        1      4   1    1    320   2 128   2880    896 -1.68187787090344E-01 -6.44899883176128E-03  5.555792E+02
        1      4   1    1    320   3  16   5120    112 -7.19741061932641E-03 -1.06143782599180E-02  4.380481E+02
        1      4   1    1    320   3  32   5120    224 -1.57486343726590E-01 -6.85793660547643E-03  6.994223E+02
        1      4   1    1    320   3  64   5120    448 -1.67823361525052E-01 -6.47809496181759E-03  1.109864E+03
        1      4   1    1    320   3 128   5120    896 -1.68455886680248E-01 -6.44768486019076E-03  1.469228E+03
        1      4   1    1    320   4  16   8000    112  8.62420277926483E-02 -1.29500581873693E-02  1.315838E+03
        1      4   1    1    320   4  32   8000    224 -1.50960790742302E-01 -7.07533760101781E-03  1.863299E+03
        1      4   1    1    320   4  64   8000    448 -1.67405760344567E-01 -6.49341073709468E-03  2.565599E+03
        1      4   1    1    320   4 128   8000    896 -1.68428704011357E-01 -6.44867525819029E-03  3.860390E+03
        1      4   1    2   1280   1  16   5120    112 -9.05271895954455E-02 -8.57795753717583E-03  2.039008E+02
        1      4   1    2   1280   1  32   5120    224 -1.63189334054660E-01 -6.66289563589073E-03  3.445106E+02
        1      4   1    2   1280   1  64   5120    448 -1.68066570744907E-01 -6.46522496313627E-03  6.356647E+02
        1      4   1    2   1280   1 128   5120    896 -1.68348051037925E-01 -6.44767592187735E-03  7.176373E+02
        1      4   1    2   1280   2  16  11520    112  1.32910196179056E-02 -1.11253266476521E-02  8.756220E+02
        1      4   1    2   1280   2  32  11520    224 -1.55997716642978E-01 -6.90535931620787E-03  1.399281E+03
        1      4   1    2   1280   2  64  11520    448 -1.67671169386760E-01 -6.48181229714001E-03  2.299113E+03
        1      4   1    2   1280   2 128  11520    896 -1.68389122710853E-01 -6.44835489722698E-03  2.667538E+03
        1      4   1    2   1280   3  16  20480    112  1.58382341615324E-01 -1.47219559949089E-02  2.691902E+03
        1      4   1    2   1280   3  32  20480    224 -1.45927758244761E-01 -7.25966728982547E-03  3.504199E+03
        1      4   1    2   1280   3  64  20480    448 -1.67084186095709E-01 -6.50559668067620E-03  3.921599E+03
        1      4   1    2   1280   3 128  20480    896 -1.68408781822003E-01 -6.44943092443238E-03  7.055333E+03
        1      4   1    2   1280   4  16  32000    112  0.00000000000000E+00  0.00000000000000E+00  0.000000E+00
        1      4   1    2   1280   4  32  32000    224 -1.32901289780518E-01 -7.67702563551223E-03  1.048225E+04
        1      4   1    2   1280   4  64  32000    448 -1.66253204838676E-01 -6.54281232312609E-03  1.011066E+04
        1      4   1    2   1280   4 128  32000    896 -1.68356578213597E-01 -6.45139096423623E-03  1.905418E+04
        1      4   2    0     80   1  16    320    112 -1.35504465642383E-01 -5.44875863695793E-03  1.205804E+01
        1      4   2    0     80   1  32    320    224 -1.34998183621253E-01 -7.11054616366980E-03  2.459567E+01
        1      4   2    0     80   1  64    320    448 -1.34978865106262E-01 -7.26487100866827E-03  4.780566E+01
        1      4   2    0     80   1 128    320    896 -1.34991494629441E-01 -7.27314755140557E-03  5.650947E+01
        1      4   2    0     80   2  16    720    112 -1.22935481950169E-01 -5.99629267400170E-03  3.376225E+01
        1      4   2    0     80   2  32    720    224 -1.22436853135140E-01 -8.12509532693872E-03  6.470146E+01
        1      4   2    0     80   2  64    720    448 -1.22429012950861E-01 -8.29706341923192E-03  1.255556E+02
        1      4   2    0     80   2 128    720    896 -1.22421807359856E-01 -8.30504534106603E-03  1.424591E+02
        1      4   2    0     80   3  16   1280    112 -1.29750241942976E-01 -6.24039731672188E-03  8.242789E+01
        1      4   2    0     80   3  32   1280    224 -1.29455811658984E-01 -8.30899949674208E-03  1.570401E+02
        1      4   2    0     80   3  64   1280    448 -1.29448818901267E-01 -8.51297212710919E-03  2.665674E+02
        1      4   2    0     80   3 128   1280    896 -1.29444406309744E-01 -8.51477370087859E-03  3.394364E+02
        1      4   2    0     80   4  16   2000    112 -1.28242033441680E-01 -6.26591223839523E-03  2.119815E+02
        1      4   2    0     80   4  32   2000    224 -1.28309873729446E-01 -8.28942066883859E-03  4.034730E+02
        1      4   2    0     80   4  64   2000    448 -1.28324249497661E-01 -8.49593263301363E-03  7.757981E+02
        1      4   2    0     80   4 128   2000    896 -1.28317835675123E-01 -8.49904004048802E-03  8.487915E+02
        1      4   2    1    320   1  16   1280    112 -1.42344174459828E-01 -5.87559247309960E-03  4.062946E+01
        1      4   2    1    320   1  32   1280    224 -1.41891196957884E-01 -7.97261954644818E-03  7.541032E+01
        1      4   2    1    320   1  64   1280    448 -1.41877040425523E-01 -8.13872357120907E-03  1.324907E+02
        1      4   2    1    320   1 128   1280    896 -1.41871890530764E-01 -8.14766503193162E-03  1.730616E+02
        1      4   2    1    320   2  16   2880    112 -1.28570485316642E-01 -6.25129972576505E-03  1.242723E+02
        1      4   2    1    320   2  32   2880    224 -1.28572778331966E-01 -8.29285012749967E-03  2.166173E+02
        1      4   2    1    320   2  64   2880    448 -1.28580211146126E-01 -8.49442886885340E-03  3.874476E+02
        1      4   2    1    320   2 128   2880    896 -1.28573992735295E-01 -8.49624343222960E-03  5.052236E+02
        1      4   2    1    320   3  16   5120    112 -1.27373598736303E-01 -6.24664714652118E-03  3.201244E+02
        1      4   2    1    320   3  32   5120    224 -1.28124579845039E-01 -8.26259950379130E-03  5.961284E+02
        1      4   2    1    320   3  64   5120    448 -1.28186263464938E-01 -8.46681831257909E-03  8.824591E+02
        1      4   2    1    320   3 128   5120    896 -1.28181467899113E-01 -8.46982210449004E-03  1.284169E+03
        1      4   2    1    320   4  16   8000    112 -1.26330021706137E-01 -6.23378982006767E-03  8.296327E+02
        1      4   2    1    320   4  32   8000    224 -1.28000394207646E-01 -8.25824850340304E-03  1.473593E+03
        1      4   2    1    320   4  64   8000    448 -1.28129578302990E-01 -8.46336742165081E-03  2.618155E+03
        1      4   2    1    320   4 128   8000    896 -1.28129292830487E-01 -8.46648428420429E-03  3.299004E+03
        1      4   2    2   1280   1  16   5120    112 -1.31179116895180E-01 -6.18599371610884E-03  1.694249E+02
        1      4   2    2   1280   1  32   5120    224 -1.31048999219357E-01 -8.23386682796465E-03  2.920816E+02
        1      4   2    2   1280   1  64   5120    448 -1.31046977476994E-01 -8.42556525296653E-03  4.757064E+02
        1      4   2    2   1280   1 128   5120    896 -1.31040901730692E-01 -8.42925579810927E-03  6.574646E+02
        1      4   2    2   1280   2  16  11520    112 -1.27243369640236E-01 -6.24555962486506E-03  5.701238E+02
        1      4   2    2   1280   2  32  11520    224 -1.28190649736441E-01 -8.26519308345050E-03  9.009439E+02
        1      4   2    2   1280   2  64  11520    448 -1.28266372962281E-01 -8.46946601413785E-03  1.743442E+03
        1      4   2    2   1280   2 128  11520    896 -1.28262513745547E-01 -8.47244265441308E-03  2.103705E+03
        1      4   2    2   1280   3  16  20480    112 -1.25584831951010E-01 -6.22814510766817E-03  1.609876E+03
        1      4   2    2   1280   3  32  20480    224 -1.27952467365435E-01 -8.25809417469769E-03  2.486888E+03
        1      4   2    2   1280   3  64  20480    448 -1.28130996995327E-01 -8.46367324897292E-03  4.019379E+03
        1      4   2    2   1280   3 128  20480    896 -1.28134021686076E-01 -8.46693952860676E-03  5.476509E+03
        1      4   2    2   1280   4  16  32000    112 -1.23647534627741E-01 -6.21412320105941E-03  4.514734E+03
        1      4   2    2   1280   4  32  32000    224 -1.27815078616560E-01 -8.25730723048287E-03  6.786665E+03
        1      4   2    2   1280   4  64  32000    448 -1.28119672667350E-01 -8.46413591253180E-03  1.001379E+04
        1      4   2    2   1280   4 128  32000    896 -1.28131008696770E-01 -8.46742595890043E-03  1.435203E+04
        1      4   3    0     80   1  16    320    112 -1.03735497436810E-02 -5.83122903578814E-03  6.272525E+00
        1      4   3    0     80   1  32    320    224 -9.74196062973828E-03 -7.90059647259778E-03  1.352626E+01
        1      4   3    0     80   1  64    320    448 -9.73752888593342E-03 -8.08167264285867E-03  2.532352E+01
        1      4   3    0     80   1 128    320    896 -9.75381075082284E-03 -8.08831831796324E-03  4.816552E+01
        1      4   3    0     80   2  16    720    112 -5.70603350434332E-03 -6.63317217781911E-03  1.527890E+01
        1      4   3    0     80   2  32    720    224 -5.02590938121491E-03 -9.23615360224367E-03  2.810849E+01
        1      4   3    0     80   2  64    720    448 -5.01681505725012E-03 -9.44242088594957E-03  5.361478E+01
        1      4   3    0     80   2 128    720    896 -5.01484621866934E-03 -9.45202047386050E-03  1.016514E+02
        1      4   3    0     80   3  16   1280    112  0.00000000000000E+00  0.00000000000000E+00  0.000000E+00
        1      4   3    0     80   3  32   1280    224 -4.94945260015613E-03 -9.25497265279562E-03  7.231959E+01
        1      4   3    0     80   3  64   1280    448 -4.92620982629675E-03 -9.49391014004999E-03  1.371265E+02
        1      4   3    0     80   3 128   1280    896 -4.92691357032791E-03 -9.49330495872353E-03  2.640829E+02
        1      4   3    0     80   4  16   2000    112 -5.62752786503494E-03 -6.78497358715402E-03  1.163689E+02
        1      4   3    0     80   4  32   2000    224 -4.94536834476436E-03 -9.25147314814284E-03  1.937056E+02
        1      4   3    0     80   4  64   2000    448 -4.92438608752256E-03 -9.49813921347761E-03  3.654655E+02
        1      4   3    0     80   4 128   2000    896 -4.92320118418707E-03 -9.50056389362511E-03  4.459045E+02
        1      4   3    1    320   1  16   1280    112 -6.17637628575998E-03 -6.43214731536601E-03  2.101576E+01
        1      4   3    1    320   1  32   1280    224 -5.52162665805044E-03 -8.98540313093610E-03  3.757801E+01
        1      4   3    1    320   1  64   1280    448 -5.50425829750196E-03 -9.18505331948359E-03  7.269276E+01
        1      4   3    1    320   1 128   1280    896 -5.50365750559456E-03 -9.19576180764633E-03  1.427374E+02
        1      4   3    1    320   2  16   2880    112 -5.62894069397313E-03 -6.77341973053996E-03  5.632776E+01
        1      4   3    1    320   2  32   2880    224 -4.94775715334539E-03 -9.25328949459878E-03  9.789425E+01
        1      4   3    1    320   2  64   2880    448 -4.92490980095783E-03 -9.49366229723499E-03  1.857683E+02
        1      4   3    1    320   2 128   2880    896 -4.92403136223767E-03 -9.49370295577343E-03  3.600736E+02
        1      4   3    1    320   3  16   5120    112  0.00000000000000E+00  0.00000000000000E+00  0.000000E+00
        1      4   3    1    320   3  32   5120    224 -4.94467368401223E-03 -9.25304849401237E-03  2.819719E+02
        1      4   3    1    320   3  64   5120    448 -4.92438739490634E-03 -9.49881915495393E-03  5.277538E+02
        1      4   3    1    320   3 128   5120    896 -4.92325654582221E-03 -9.50228162894651E-03  9.032040E+02
        1      4   3    1    320   4  16   8000    112  0.00000000000000E+00  0.00000000000000E+00  0.000000E+00
        1      4   3    1    320   4  32   8000    224 -4.94413644732604E-03 -9.25315100671142E-03  8.146241E+02
        1      4   3    1    320   4  64   8000    448 -4.92441982949398E-03 -9.49897050317790E-03  1.373845E+03
        1      4   3    1    320   4 128   8000    896 -4.92332429575654E-03 -9.50278183635733E-03  2.460761E+03
        1      4   3    2   1280   1  16   5120    112 -5.69569597871705E-03 -6.72304572304783E-03  8.825754E+01
        1      4   3    2   1280   1  32   5120    224 -5.01893713909050E-03 -9.21774930940888E-03  1.465991E+02
        1      4   3    2   1280   1  64   5120    448 -4.99657428650085E-03 -9.44656551777159E-03  2.753656E+02
        1      4   3    2   1280   1 128   5120    896 -4.99579950463947E-03 -9.44969498939555E-03  3.157888E+02
        1      4   3    2   1280   2  16  11520    112 -5.62636501377559E-03 -6.78502453051871E-03  3.283780E+02
        1      4   3    2   1280   2  32  11520    224 -4.94443394346485E-03 -9.25327496787998E-03  4.176357E+02
        1      4   3    2   1280   2  64  11520    448 -4.92442423915601E-03 -9.49877825175072E-03  7.079918E+02
        1      4   3    2   1280   2 128  11520    896 -4.92329802932409E-03 -9.50225672773914E-03  1.354299E+03
        1      4   3    2   1280   3  16  20480    112  0.00000000000000E+00  0.00000000000000E+00  0.000000E+00
        1      4   3    2   1280   3  32  20480    224  0.00000000000000E+00  0.00000000000000E+00  0.000000E+00
        1      4   3    2   1280   3  64  20480    448 -4.92443167033806E-03 -9.49879169082078E-03  1.979346E+03
        1      4   3    2   1280   3 128  20480    896 -4.92333319994080E-03 -9.50279395836590E-03  3.328402E+03
        1      4   3    2   1280   4  16  32000    112  0.00000000000000E+00  0.00000000000000E+00  0.000000E+00
        1      4   3    2   1280   4  32  32000    224  0.00000000000000E+00  0.00000000000000E+00  0.000000E+00
        1      4   3    2   1280   4  64  32000    448 -4.92443486860464E-03 -9.49875969507011E-03  5.465139E+03
        1      4   3    2   1280   4 128  32000    896 -4.92333913765323E-03 -9.50280484915415E-03  9.861356E+03
