 force-1force-2force-3workmass
   1.7763568394002505E-015   2.4868995751603507E-014  -2.1490512560269861E-014   0.0000000000000000       0.78539817820995306     
   1.5099033134902129E-014  -4.9737991503207013E-014  -1.6697301098465998E-014  -1.2755390200720838E-008  0.78539817820995284     
  -7.1054273576010019E-015  -2.1316282072803006E-014  -2.1105020396404285E-014  -1.9736202348818489E-007  0.78539817820995284     
   7.9936057773011271E-015  -4.9737991503207013E-014  -1.8947370400035440E-014  -9.8119693061129998E-007  0.78539817820995306     
  -5.7731597280508140E-014  -7.8159700933611020E-014  -1.9410650743445810E-014  -3.0515508877776779E-006  0.78539817820995261     
   2.5313084961453569E-014   1.0658141036401503E-014  -1.6790390177590376E-014  -7.3198365702032905E-006  0.78539817820995272     
  -4.8405723873656825E-014  -6.7501559897209518E-014  -1.8192273914745915E-014  -1.4865919028462030E-005  0.78539817820995306     
   8.8817841970012523E-016  -2.4868995751603507E-014  -1.6343362384967252E-014  -2.6860436347647329E-005  0.78539817820995306     
  -7.9936057773011271E-015   1.0658141036401503E-014  -2.1843305336150276E-014  -4.4464877036846928E-005  0.78539817820995261     
   1.2878587085651816E-014  -6.0396132539608516E-014  -1.2656736707146837E-014  -6.8713219160118633E-005  0.78539817820995261     
   2.8865798640254070E-014   1.3500311979441904E-013  -2.0288272148033680E-014  -1.0037782033766804E-004  0.78539817820995295     
  -1.5099033134902129E-014  -3.5527136788005009E-015  -1.7821166104100494E-014  -1.3982693487585296E-004  0.78539817820995284     
   1.8207657603852567E-014  -9.2370555648813024E-014  -1.7975553744455542E-014  -1.8688836328410730E-004  0.78539817820995295     
  -3.4194869158454821E-014  -1.0658141036401503E-014  -1.7642500561307836E-014  -2.4073143553707960E-004  0.78539817820995306     
   1.6875389974302379E-014   9.2370555648813024E-014  -1.5196281934921223E-014  -2.9979510737419834E-004  0.78539817820995284     
   6.2172489379008766E-015  -2.1316282072803006E-014  -2.0851501700591524E-014  -3.6181136730378816E-004  0.78539817820995261     
   3.0198066269804258E-014   4.9737991503207013E-014  -1.9027703092737383E-014  -4.2405888843628781E-004  0.78539817820995284     
   5.7287508070658077E-014  -4.9737991503207013E-014  -1.9582798178811210E-014  -4.8411700897953158E-004  0.78539817820995284     
  -1.2434497875801753E-014   1.0658141036401503E-014  -1.7764188465449759E-014  -5.4120708285856911E-004  0.78539817820995306     
   3.6859404417555197E-014   3.1974423109204508E-014  -1.8882059578734912E-014  -5.9732208755908234E-004  0.78539817820995284     
  -6.2172489379008766E-015  -1.1368683772161603E-013  -1.9035492382352996E-014  -6.5665146653232087E-004  0.78539817820995272     
  -2.2204460492503131E-015   4.9737991503207013E-014  -2.2990449617491583E-014  -7.2324109518259738E-004  0.78539817820995295     
   8.8817841970012523E-014   1.1013412404281553E-013  -2.0816284561114376E-014  -7.9933748151561623E-004  0.78539817820995284     
  -3.2418512319054571E-014   6.0396132539608516E-014  -2.4680524080996144E-014  -8.8624737649639629E-004  0.78539817820995306     
   4.1744385725905886E-014  -1.7763568394002505E-014  -2.0138805858974364E-014  -9.8609496994009338E-004  0.78539817820995284     
  -5.7287508070658077E-014   6.3948846218409017E-014  -1.9653639690080618E-014  -1.1020356539066523E-003  0.78539817820995328     
   0.0000000000000000       -2.4868995751603507E-014  -2.8572759829309275E-014  -1.2371151145814385E-003  0.78539817820995306     
  -9.6367358537463588E-014   3.5527136788005009E-015  -2.3017845037657300E-014  -1.3933344861451202E-003  0.78539817820995295     
  -3.3750779948604759E-014   6.7501559897209518E-014  -2.2105005604880203E-014  -1.5712773936697455E-003  0.78539817820995306     
  -2.1316282072803006E-014   1.5631940186722204E-013  -2.4651173099087396E-014  -1.7697489203888916E-003  0.78539817820995317     
   6.9722005946459831E-014   0.0000000000000000       -2.4399336220491882E-014  -1.9852946208952504E-003  0.78539817820995295     
  -2.1760371282653068E-014   1.0658141036401503E-014  -2.6558207708196489E-014  -2.2119079618859172E-003  0.78539817820995284     
  -6.6613381477509392E-015  -5.6843418860808015E-014  -2.5021065690789662E-014  -2.4412072893744141E-003  0.78539817820995272     
  -2.0872192862952943E-014  -4.6185277824406512E-014  -2.2910352104315445E-014  -2.6633272390513829E-003  0.78539817820995306     
  -8.1268325402561459E-014  -3.9079850466805510E-014  -2.7034818929242616E-014  -2.8687648943370170E-003  0.78539817820995284     
  -7.4162898044960457E-014  -8.8817841970012523E-014  -2.3624198778680611E-014  -3.0510408422752544E-003  0.78539817820995328     
   6.4837024638109142E-014  -4.2632564145606011E-014  -2.4146346814033449E-014  -3.2091492231778318E-003  0.78539817820995284     
  -1.9095836023552692E-014   1.7763568394002505E-014  -2.4780826567267036E-014  -3.3480537719123293E-003  0.78539817820995306     
  -8.8817841970012523E-016  -8.1712414612411521E-014  -1.5897948237674196E-014  -3.4761900733402129E-003  0.78539817820995306     
  -3.5083047578154947E-014   1.4210854715202004E-014  -2.2021584463168475E-014  -3.6013308221363727E-003  0.78539817820995284     
  -5.7731597280508140E-014  -2.4868995751603507E-014  -2.1154555110640876E-014  -3.7281430908078783E-003  0.78539817820995284     
   3.5971225997855072E-014  -5.3290705182007514E-014  -2.0109881570687322E-014  -3.8595519559319058E-003  0.78539817820995284     
   1.9984014443252818E-014   1.0658141036401503E-014  -2.5677492134209923E-014  -4.0002205296904569E-003  0.78539817820995284     
   1.1546319456101628E-014  -5.3290705182007514E-014  -2.2783450537161501E-014  -4.1583195128951367E-003  0.78539817820995284     
   1.6875389974302379E-014  -3.5527136788005009E-015  -1.9918314934047678E-014  -4.3438436335483388E-003  0.78539817820995284     
  -8.8817841970012523E-016   0.0000000000000000       -2.4917209583764022E-014  -4.5652480487450853E-003  0.78539817820995284     
   1.3322676295501878E-015   0.0000000000000000       -2.1682217112404103E-014  -4.8269438652261965E-003  0.78539817820995272     
  -1.1546319456101628E-014  -1.2789769243681803E-013  -2.1960038719404462E-014  -5.1282406179005147E-003  0.78539817820995272     
  -4.7517545453956700E-014  -3.5527136788005009E-014  -2.1810975984857346E-014  -5.4628873872710759E-003  0.78539817820995261     
  -2.3092638912203256E-014   7.8159700933611020E-014  -1.5333628857798229E-014  -5.8188933882143967E-003  0.78539817820995261     
   2.6645352591003757E-014  -5.3290705182007514E-014  -2.6296961158557656E-014  -6.1793214424278320E-003  0.78539817820995250     
   7.4606987254810520E-014  -3.5527136788005009E-015  -2.3930841614571143E-014  -6.5247468755753601E-003  0.78539817820995250     
   8.5265128291212022E-014   3.1974423109204508E-014  -1.8998839039174774E-014  -6.8371840855839805E-003  0.78539817820995217     
   2.9309887850104133E-014   1.3500311979441904E-013  -2.3252716889529625E-014  -7.1042504779234017E-003  0.78539817820995228     
  -4.3964831775156199E-014   1.4210854715202004E-014  -1.9525011777902048E-014  -7.3216952158139392E-003  0.78539817820995239     
  -3.3750779948604759E-014  -3.5527136788005009E-014  -2.4179186467015721E-014  -7.4927460129018408E-003  0.78539817820995217     
   3.5527136788005009E-014   9.2370555648813024E-014  -1.9507937909860918E-014  -7.6244278168305923E-003  0.78539817820995195     
   3.0198066269804258E-014  -2.4868995751603507E-014  -2.6608474116329168E-014  -7.7232927926313977E-003  0.78539817820995195     
  -5.0626169922907138E-014  -7.1054273576010019E-015  -2.7544116862430230E-014  -7.7938305836883215E-003  0.78539817820995173     
   1.5987211554602254E-014  -4.6185277824406512E-014  -2.3041559983193560E-014  -7.8408385329333807E-003  0.78539817820995206     
  -2.1316282072803006E-014  -5.3290705182007514E-014  -2.0955211483671255E-014  -7.8735646807146509E-003  0.78539817820995128     
  -5.1514348342607263E-014   6.7501559897209518E-014  -2.3734674203031417E-014  -7.9077408782421976E-003  0.78539817820995128     
   1.5543122344752192E-014  -1.2789769243681803E-013  -2.1400058574340328E-014  -7.9634179315680731E-003  0.78539817820995139     
  -4.5297099404706387E-014  -4.9737991503207013E-014  -2.3117577950956695E-014  -8.0599162317451789E-003  0.78539817820995061     
   1.1990408665951691E-014  -2.1316282072803006E-014  -2.7132317891239532E-014  -8.2108749019044192E-003  0.78539817820995073     
   4.4408920985006262E-016  -1.1013412404281553E-013  -1.9980795407405399E-014  -8.4213048156090986E-003  0.78539817820995061     
   7.3718808835110394E-014   1.3145040611561853E-013  -2.6481776204177050E-014  -8.6866858056100504E-003  0.78539817820995028     
   3.5527136788005009E-015   4.2632564145606011E-014  -2.1741434767825104E-014  -8.9935500913150834E-003  0.78539817820995028     
  -1.9095836023552692E-014   8.1712414612411521E-014  -2.4988327973882507E-014  -9.3215162004374186E-003  0.78539817820995017     
  -7.1054273576010019E-014  -7.1054273576010019E-014  -1.7499857732147103E-014  -9.6469135639606352E-003  0.78539817820994995     
  -2.8865798640254070E-014  -7.4606987254810520E-014  -2.5847859545311494E-014  -9.9473325862795559E-003  0.78539817820994973     
  -3.5971225997855072E-014   4.2632564145606011E-014  -2.2931055471956000E-014  -1.0205446396080453E-002  0.78539817820994939     
   9.3258734068513149E-015  -4.9737991503207013E-014  -2.1100380419927321E-014  -1.0410431940520160E-002  0.78539817820994906     
  -1.0658141036401503E-014   3.9079850466805510E-014  -2.2292381611298154E-014  -1.0556616560423171E-002  0.78539817820994895     
  -4.3076653355456074E-014   2.4868995751603507E-014  -1.8862722619866370E-014  -1.0640803664627718E-002  0.78539817820994851     
   9.3258734068513149E-015  -7.1054273576010019E-014  -2.0478081033455474E-014  -1.0660672535055760E-002  0.78539817820994851     
   1.7763568394002505E-014  -4.2632564145606011E-014  -2.3931182348770234E-014  -1.0615769743094638E-002  0.78539817820994806     
   3.0198066269804258E-014  -2.8421709430404007E-014  -2.4291971549013561E-014  -1.0510457855003708E-002  0.78539817820994795     
   3.9968028886505635E-015   4.9737991503207013E-014  -2.6793097732436136E-014  -1.0356532100798344E-002  0.78539817820994728     
  -3.6415315207705135E-014   8.8817841970012523E-014  -2.7740571345978040E-014  -1.0173426180253520E-002  0.78539817820994706     
  -2.4424906541753444E-014  -1.0658141036401503E-013  -2.4073933091383364E-014  -9.9856103518753958E-003  0.78539817820994662     
  -5.6843418860808015E-014  -1.4210854715202004E-014  -2.4993371754865079E-014  -9.8183270303806580E-003  0.78539817820994617     
   1.4210854715202004E-014  -4.2632564145606011E-014  -2.6556276395546316E-014  -9.6931797411561327E-003  0.78539817820994573     
   4.0412118096355698E-014   4.2632564145606011E-014  -2.2541654672877239E-014  -9.6246586883026453E-003  0.78539817820994551     
   1.0746958878371515E-013   9.2370555648813024E-014  -2.5923928617761002E-014  -9.6182615185491649E-003  0.78539817820994473     
   5.3290705182007514E-015   7.1054273576010019E-015  -2.3908539177804256E-014  -9.6705637386369503E-003  0.78539817820994440     
   1.4654943925052066E-014   2.4868995751603507E-014  -2.5414930212531066E-014  -9.7710342255501459E-003  0.78539817820994418     
   1.0214051826551440E-014  -8.8817841970012523E-014  -2.4290834543256640E-014  -9.9046539501588260E-003  0.78539817820994362     
   4.3076653355456074E-014   2.1316282072803006E-014  -2.4916761416341104E-014  -1.0054131922516252E-002  0.78539817820994318     
  -9.3258734068513149E-015  -2.2382096176443156E-013  -2.3167205403137154E-014  -1.0201114625635999E-002  0.78539817820994284     
   5.8175686490358203E-014  -9.5923269327613525E-014  -2.0069937564205258E-014  -1.0326804893194153E-002  0.78539817820994262     
   2.2648549702353193E-014   6.3948846218409017E-014  -2.5009116790457696E-014  -1.0412934118703365E-002  0.78539817820994218     
  -2.8865798640254070E-014   4.2632564145606011E-014  -2.6353970317660833E-014  -1.0443564176725761E-002  0.78539817820994173     
   2.1760371282653068E-014   5.6843418860808015E-014  -2.4848870127926851E-014  -1.0407148188358306E-002  0.78539817820994084     
  -7.5495165674510645E-015   1.0658141036401503E-014  -2.2644679922172755E-014  -1.0297698214723594E-002  0.78539817820994062     
  -4.5297099404706387E-014  -2.1316282072803006E-014  -2.1278352635942799E-014  -1.0114496966618924E-002  0.78539817820994029     
  -1.6875389974302379E-014   5.6843418860808015E-014  -2.0695157328157892E-014  -9.8610668604754981E-003  0.78539817820993940     
   3.9079850466805510E-014  -5.3290705182007514E-014  -2.3751385374379921E-014  -9.5447271024000635E-003  0.78539817820993896     
  -1.3766765505351941E-014   2.8421709430404007E-014  -2.5102718730469552E-014  -9.1772594811063701E-003  0.78539817820993840     
   4.7073456244106637E-014  -3.9079850466805510E-014  -1.7975589829602417E-014  -8.7757533980212798E-003  0.78539817820993751     
   6.6613381477509392E-015  -7.1054273576010019E-014  -1.5503851891004639E-014  -8.3621379647871308E-003  0.78539817820993674     
  -1.4210854715202004E-014   1.0658141036401503E-014  -2.0197174876809413E-014  -7.9607605343641197E-003  0.78539817820993618     
  -8.6597395920762210E-014  -9.2370555648813024E-014  -1.7479245653665023E-014  -7.5946582421690945E-003  0.78539817820993574     
  -7.9491968563161208E-014   2.8421709430404007E-014  -2.2032322435209888E-014  -7.2817198353103407E-003  0.78539817820993496     
  -5.0182080713057076E-014   3.5527136788005009E-014  -1.7362219051669628E-014  -7.0317035727540667E-003  0.78539817820993463     
   3.0642155479654321E-014  -1.1368683772161603E-013  -2.0822702211119805E-014  -6.8448034231507471E-003  0.78539817820993396     
   2.3092638912203256E-014   1.4210854715202004E-014  -2.2012029273575169E-014  -6.7123759732741206E-003  0.78539817820993352     
  -1.5099033134902129E-014   3.1974423109204508E-014  -2.2219873854219391E-014  -6.6199677558798076E-003  0.78539817820993285     
  -4.0412118096355698E-014   2.8421709430404007E-014  -2.4445249213182001E-014  -6.5515772788857785E-003  0.78539817820993219     
  -1.6431300764452317E-014  -2.1316282072803006E-014  -1.4856961130867979E-014  -6.4929622882026194E-003  0.78539817820993163     
  -2.8421709430404007E-014   4.2632564145606011E-014  -1.8675208421138185E-014  -6.4321009855050626E-003  0.78539817820993130     
  -7.9936057773011271E-015  -1.0658141036401503E-014  -2.1599469753573073E-014  -6.3569132355301150E-003  0.78539817820993074     
   8.8817841970012523E-015   6.0396132539608516E-014  -2.1752603377893514E-014  -6.2525774824522262E-003  0.78539817820993030     
   2.0872192862952943E-014  -1.4210854715202004E-014  -2.2183041981315200E-014  -6.1012528280866007E-003  0.78539817820992930     
   4.3964831775156199E-014  -3.1974423109204508E-014  -1.5193532574659785E-014  -5.8852124522812410E-003  0.78539817820992885     
  -1.2434497875801753E-014   4.6185277824406512E-014  -1.8424753862105657E-014  -5.5918546421738213E-003  0.78539817820992819     
  -1.7763568394002505E-015   2.0605739337042905E-013  -1.7248077053091823E-014  -5.2178518248797712E-003  0.78539817820992752     
   6.2172489379008766E-015  -5.3290705182007514E-014  -2.1715883486199110E-014  -4.7704585732932792E-003  0.78539817820992708     
  -2.4424906541753444E-014   3.9079850466805510E-014  -1.8352359510862110E-014  -4.2656748993585847E-003  0.78539817820992652     
  -4.5297099404706387E-014  -7.4606987254810520E-014  -2.3350044965397886E-014  -3.7242761631781640E-003  0.78539817820992563     
  -9.3258734068513149E-015  -3.5527136788005009E-014  -2.0739283369055238E-014  -3.1673220613972486E-003  0.78539817820992508     
   3.8635761256955448E-014  -4.2632564145606011E-014  -1.7739533056099913E-014  -2.6128312353594918E-003  0.78539817820992452     
   1.1368683772161603E-013   7.4606987254810520E-014  -2.0190614514492757E-014  -2.0747592276664228E-003  0.78539817820992364     
   5.7287508070658077E-014  -4.6185277824406512E-014  -2.0940755948948721E-014  -1.5640926465154692E-003  0.78539817820992353     
  -1.4654943925052066E-014   1.5631940186722204E-013  -2.3814991702272023E-014  -1.0904164509903946E-003  0.78539817820992275     
   2.1316282072803006E-014  -4.9737991503207013E-014  -2.3653840543257426E-014  -6.6202441649165777E-004  0.78539817820992175     
  -1.9539925233402755E-014  -1.2789769243681803E-013  -1.6038762008965668E-014  -2.8407306452704617E-004  0.78539817820992119     
  -3.1086244689504383E-014  -3.5527136788005009E-014  -2.2142130321475118E-014   4.3729653089297216E-005  0.78539817820992064     
  -2.2204460492503131E-014  -9.5923269327613525E-014  -2.2983596623411287E-014   3.2776471379003524E-004  0.78539817820992031     
  -1.1102230246251565E-014  -6.7501559897209518E-014  -2.1564331451913215E-014   5.7870266619564070E-004  0.78539817820991975     
   3.7303493627405260E-014  -6.3948846218409017E-014  -2.3203193055923938E-014   8.0854289443532679E-004  0.78539817820991931     
   5.3290705182007514E-014   9.2370555648813024E-014  -2.1510205827641376E-014   1.0285598754635750E-003  0.78539817820991897     
   3.5971225997855072E-014  -1.4210854715202004E-014  -2.7340303716611838E-014   1.2491854840743777E-003  0.78539817820991842     
   1.1546319456101628E-014   1.1723955140041653E-013  -2.6008342101396063E-014   1.4811461197981046E-003  0.78539817820991820     
  -1.7763568394002505E-015  -1.4210854715202004E-014  -1.9763727038561632E-014   1.7362758601537909E-003  0.78539817820991775     
   8.8817841970012523E-016   7.4606987254810520E-014  -2.2079840567710215E-014   2.0268013428959009E-003  0.78539817820991731     
  -4.8849813083506888E-015  -7.8159700933611020E-014  -2.0330766776072966E-014   2.3630171697381908E-003  0.78539817820991675     
  -4.6185277824406512E-014  -3.5527136788005009E-014  -2.4128641314648796E-014   2.7504277436247726E-003  0.78539817820991620     
  -2.8421709430404007E-014   1.7763568394002505E-014  -2.1301564620788423E-014   3.1880478883530294E-003  0.78539817820991598     
  -2.4424906541753444E-014   7.1054273576010019E-015  -1.9092772079429442E-014   3.6691358834688437E-003  0.78539817820991509     
   9.7699626167013776E-015  -1.0658141036401503E-014  -2.4423129267407685E-014   4.1841232056958333E-003  0.78539817820991464     
   3.3750779948604759E-014   6.7501559897209518E-014  -1.5702333858925169E-014   4.7238329368375354E-003  0.78539817820991442     
   6.2172489379008766E-015  -3.5527136788005009E-014  -2.5182601043973857E-014   5.2807324448045367E-003  0.78539817820991376     
   1.6431300764452317E-014  -9.5923269327613525E-014  -2.3786149885116348E-014   5.8475268435251859E-003  0.78539817820991342     
  -2.3980817331903381E-014  -1.0658141036401503E-013  -2.9000602130173896E-014   6.4146534545681533E-003  0.78539817820991309     
   3.1974423109204508E-014  -1.3500311979441904E-013  -2.4290201282277304E-014   6.9691825218964887E-003  0.78539817820991265     
   4.5297099404706387E-014  -1.2789769243681803E-013  -2.6724750647777148E-014   7.4964519035838340E-003  0.78539817820991242     
   4.1300296516055823E-014  -2.1316282072803006E-014  -2.2586532933562558E-014   7.9835886740502460E-003  0.78539817820991220     
   1.4210854715202004E-014   5.6843418860808015E-014  -1.9073743747575806E-014   8.4227398755403193E-003  0.78539817820991209     
   1.8651746813702630E-014  -1.6342482922482304E-013  -1.5779589752192247E-014   8.8122100463448039E-003  0.78539817820991187     
  -7.5495165674510645E-014   8.5265128291212022E-014  -2.0567374227640639E-014   9.1552246134685156E-003  0.78539817820991187     
  -4.7517545453956700E-014   4.6185277824406512E-014  -2.3239536770034887E-014   9.4575240392718030E-003  0.78539817820991176     
  -2.8865798640254070E-014  -8.5265128291212022E-014  -2.4411658854140254E-014   9.7255197624770418E-003  0.78539817820991098     
  -2.3092638912203256E-014   1.3145040611561853E-013  -2.1898757223740993E-014   9.9660263405156879E-003  0.78539817820991142     
   2.4868995751603507E-014  -2.0605739337042905E-013  -2.5243419947692670E-014   1.0187115462297225E-002  0.78539817820991109     
   3.4194869158454821E-014  -4.6185277824406512E-014  -2.2324869502227254E-014   1.0398554543892269E-002  0.78539817820991109     
   2.3092638912203256E-014  -2.8421709430404007E-014  -1.8601246709788243E-014   1.0610614807896379E-002  0.78539817820991153     
   7.4606987254810520E-014  -1.4210854715202004E-014  -2.1907154086819847E-014   1.0831609958668720E-002  0.78539817820991153     
   2.5757174171303632E-014  -2.4868995751603507E-014  -2.9261388993786744E-014   1.1065919707778038E-002  0.78539817820991109     
   2.7977620220553945E-014  -3.1974423109204508E-014  -1.8900555496693557E-014   1.1314057934489030E-002  0.78539817820991131     
   1.1990408665951691E-014   1.1723955140041653E-013  -1.9985987365344471E-014   1.1574667861733445E-002  0.78539817820991165     
  -8.4376949871511897E-015  -2.1316282072803006E-014  -2.3931646511989233E-014   1.1846725446549078E-002  0.78539817820991176     
   7.1054273576010019E-015  -1.4210854715202004E-014  -2.3626399173830222E-014   1.2130156885070464E-002  0.78539817820991153     
  -4.4408920985006262E-016  -1.7763568394002505E-014  -1.6950245434938460E-014   1.2424509420168928E-002  0.78539817820991187     
   3.1086244689504383E-015  -1.6342482922482304E-013  -2.1841046561105471E-014   1.2726942077436521E-002  0.78539817820991220     
   4.5297099404706387E-014   2.1316282072803006E-014  -1.9804980558559544E-014   1.3031289736845864E-002  0.78539817820991231     
   2.5757174171303632E-014   1.0658141036401503E-013  -2.4091075044854559E-014   1.3329006536744181E-002  0.78539817820991242     
  -1.9539925233402755E-014   1.7763568394002505E-014  -2.6497016989825794E-014   1.3611255988144721E-002  0.78539817820991242     
  -1.0658141036401503E-014  -2.4868995751603507E-014  -2.6040158308158401E-014   1.3870549405517130E-002  0.78539817820991287     
  -3.2418512319054571E-014   6.0396132539608516E-014  -3.1101258442859831E-014   1.4100848533690868E-002  0.78539817820991342     
  -1.5099033134902129E-014  -2.0250467969162855E-013  -2.8481590261088233E-014   1.4296488284211262E-002  0.78539817820991331     
  -1.8651746813702630E-014  -1.1368683772161603E-013  -2.7811727162716088E-014   1.4451342614739016E-002  0.78539817820991376     
   2.0428103653102880E-014  -3.9079850466805510E-014  -2.9579742476447255E-014   1.4559360396448451E-002  0.78539817820991420     
   5.6399329650957952E-014  -1.5631940186722204E-013  -2.6635913269239159E-014   1.4616232502349225E-002  0.78539817820991442     
   2.8421709430404007E-014  -4.6185277824406512E-014  -2.8848035854629153E-014   1.4620833961259461E-002  0.78539817820991487     
   2.8421709430404007E-014  -1.0658141036401503E-014  -2.8574665819873537E-014   1.4575249547516544E-002  0.78539817820991553     
   2.4868995751603507E-014   7.1054273576010019E-014  -2.4674956281553193E-014   1.4483401054978584E-002  0.78539817820991642     
   3.9968028886505635E-015  -3.5527136788005009E-015  -2.9579832171410959E-014   1.4349374656782654E-002  0.78539817820991709     
   3.6415315207705135E-014  -1.3500311979441904E-013  -2.4678819890109347E-014   1.4176572933998433E-002  0.78539817820991764     
   3.5083047578154947E-014   2.4868995751603507E-014  -2.7635576714967317E-014   1.3967907690050851E-002  0.78539817820991842     
   3.2862601528904634E-014  -1.2079226507921703E-013  -3.0141929482093925E-014   1.3726314146473406E-002  0.78539817820991920     
   2.1760371282653068E-014   2.1316282072803006E-014  -3.0903783718910368E-014   1.3454716007107570E-002  0.78539817820991997     
   1.3766765505351941E-014   1.4210854715202004E-014  -2.7664668044205491E-014   1.3155247230605793E-002  0.78539817820992086     
  -1.4210854715202004E-014   1.3500311979441904E-013  -3.4159695514852721E-014   1.2828352213049232E-002  0.78539817820992130     
  -1.9984014443252818E-014   1.2789769243681803E-013  -2.9305113654105053E-014   1.2472569949012247E-002  0.78539817820992219     
  -9.3258734068513149E-015   4.2632564145606011E-014  -2.9639120496360749E-014   1.2085206515155766E-002  0.78539817820992286     
   1.5099033134902129E-014  -6.3948846218409017E-014  -2.2500642103006847E-014   1.1663310112019931E-002  0.78539817820992364     
   9.7699626167013776E-015  -3.1974423109204508E-014  -2.4209802705754027E-014   1.1204141617946639E-002  0.78539817820992464     
   1.5987211554602254E-014   3.1974423109204508E-014  -2.7884948913886829E-014   1.0704858755008262E-002  0.78539817820992563     
   1.5543122344752192E-014  -8.5265128291212022E-014  -3.1050503304286763E-014   1.0161859191613776E-002  0.78539817820992619     
   2.4868995751603507E-014  -1.1013412404281553E-013  -3.2447491613047141E-014   9.5704724921332751E-003  0.78539817820992719     
   3.9968028886505635E-014   4.9737991503207013E-014  -2.7472738861044860E-014   8.9252951980056672E-003  0.78539817820992797     
   3.5971225997855072E-014   2.0605739337042905E-013  -2.7941039990530272E-014   8.2208796891678482E-003  0.78539817820992885     
   2.9309887850104133E-014   1.5276668818842154E-013  -2.6919254732020835E-014   7.4522700236324124E-003  0.78539817820992985     
   1.5987211554602254E-014   7.1054273576010019E-015  -2.5728537120208350E-014   6.6151535830076269E-003  0.78539817820993063     
   3.5083047578154947E-014  -1.1368683772161603E-013  -2.6941404789684905E-014   5.7058125609379118E-003  0.78539817820993174     
   2.7977620220553945E-014  -2.5579538487363607E-013  -2.8308201172351501E-014   4.7211832057725001E-003  0.78539817820993219     
   3.0642155479654321E-014  -1.8474111129762605E-013  -3.0542481778795422E-014   3.6590822717063598E-003  0.78539817820993374     
   2.2648549702353193E-014  -8.1712414612411521E-014  -2.3865359785888979E-014   2.5183525504422349E-003  0.78539817820993496     
   4.4408920985006262E-015   2.4868995751603507E-014  -1.9672056648617840E-014   1.2986641971479973E-003  0.78539817820993563     
   4.3076653355456074E-014   1.7053025658242404E-013  -2.5660671466855249E-014  -2.1790154623289687E-016  0.78539817820993663     
