 force-1force-2force-3workmass
   6.0004727866972918E-002  -2.2630786133959191E-012   1.1412480241414567E-014   0.0000000000000000        35303.151700739028     
   6.0004727494253396E-002  -1.4542157332648742E-003   1.1386960288338600E-014  -2.1704169818857755E-007   35303.151700739014     
   6.0004720229266617E-002  -5.6813354814266859E-003   1.1399035005025251E-014  -3.3747132759665011E-006   35303.151700738992     
   6.0004682351048944E-002  -1.2501951847056603E-002   1.1344528477870851E-014  -1.6624470468618729E-005   35303.151700738978     
   6.0004563127407762E-002  -2.1736015444723478E-002   1.1236839903041373E-014  -5.1123108325987210E-005   35303.151700738963     
   6.0004276011901170E-002  -3.3206177527361547E-002   1.1398280882937370E-014  -1.2141008658442254E-004   35303.151700738941     
   6.0003689314746811E-002  -4.6738294144507364E-002   1.1386489034354555E-014  -2.4481518472889430E-004   35303.151700738927     
   6.0002616133822739E-002  -6.2161682429067611E-002   1.1495762402587944E-014  -4.4089727304875981E-004   35303.151700738905     
   6.0000803558119431E-002  -7.9309230032357902E-002   1.1173048987462054E-014  -7.3091386397824976E-004   35303.151700738890     
   5.9997921547507882E-002  -9.8017496582286867E-002   1.1217910543095237E-014  -1.1373215172183482E-003   35303.151700738876     
   5.9993551506448195E-002 -0.11812679343215038        1.1417609422735067E-014  -1.6833068064081025E-003   35303.151700738839     
   5.9987174701210288E-002 -0.13948121276312264        1.1641791617638632E-014  -2.3923468910099221E-003   35303.151700738817     
   5.9978160296083327E-002 -0.16192863926785606        1.1469698007878119E-014  -3.2877990916946875E-003   35303.151700738788     
   5.9965752976641418E-002 -0.18532079827330605        1.1775392548690571E-014  -4.3925198908736363E-003   35303.151700738759     
   5.9949059937259408E-002 -0.20951336449985547        1.1843254044449004E-014  -5.7285144121549392E-003   35303.151700738716     
   5.9927037298969310E-002 -0.23436607793965436        1.1775095417870233E-014  -7.3166159956788990E-003   35303.151700738672     
   5.9898475707588050E-002 -0.25974284976581075        1.1809741234375919E-014  -9.1761953965266985E-003   35303.151700738599     
   5.9861981996282343E-002 -0.28551224266673358        1.2160644975950641E-014  -1.1324914483436532E-002   35303.151700738512     
   5.9815949288445913E-002 -0.31154911737583646        1.2196150519277195E-014  -1.3778571265063544E-002   35303.151700738395     
   5.9758510285076505E-002 -0.33773759728273944        1.2370936925220295E-014  -1.6551084258038640E-002   35303.151700738243     
   5.9687481645189611E-002 -0.36397393276266143        1.2715995204194583E-014  -1.9654592369183432E-002   35303.151700738046     
   5.9600318243165973E-002 -0.39016737599579798        1.2990187853625853E-014  -2.3099566870299348E-002   35303.151700737784     
   5.9494091083292011E-002 -0.41623874874234446        1.2951346847142853E-014  -2.6894850511237856E-002   35303.151700737450     
   5.9365490064276272E-002 -0.44211821326349465        1.3407450705855839E-014  -3.1047640996875181E-002   35303.151700737042     
   5.9210849869567261E-002 -0.46774405532987373        1.4031803558317765E-014  -3.5563516014840646E-002   35303.151700736504     
   5.9026201424228264E-002 -0.49306283745759316        1.4017071161599640E-014  -4.0446560885192717E-002   35303.151700735834     
   5.8807345688172363E-002 -0.51802978205934735        1.3730133859801899E-014  -4.5699551313711728E-002   35303.151700735005     
   5.8549936268345426E-002 -0.54260897743953151        1.3829266295390997E-014  -5.1324162305806054E-002   35303.151700733972     
   5.8249558160575088E-002 -0.56677376870927887        1.4544728084663557E-014  -5.7321231872181411E-002   35303.151700732706     
   5.7901790936106035E-002 -0.59050638268100997        1.4905348525980794E-014  -6.3690985049803750E-002   35303.151700731149     
   5.7502243841006273E-002 -0.61379630393612672        1.5548064499245551E-014  -7.0433125876670388E-002   35303.151700729279     
   5.7046567399040626E-002 -0.63663916290131084        1.5531291053524350E-014  -7.7546947355729312E-002   35303.151700727016     
   5.6530463545629794E-002 -0.65903688878648836        1.6309277747580211E-014  -8.5031575538788040E-002   35303.151700724302     
   5.5949703257157923E-002 -0.68099737869847843        1.6524917033007171E-014  -9.2886169711679845E-002   35303.151700721079     
   5.5300139592531883E-002 -0.70253281696532000        1.6851090244933705E-014 -0.10110992808328323        35303.151700717237     
   5.4577709759653648E-002 -0.72365816633638147        1.7475602170237012E-014 -0.10970205515305542        35303.151700712726     
   5.3778438495412362E-002 -0.74439113290702963        1.7888866286991209E-014 -0.11866190171444257        35303.151700707422     
   5.2898455234840436E-002 -0.76475287373164846        1.7675530694067829E-014 -0.12798923213594682        35303.151700701230     
   5.1934020422337357E-002 -0.78476799240242912        1.7588088487536608E-014 -0.13768440519503633        35303.151700694027     
   5.0881545845916976E-002 -0.80446349774794257        1.7409022171536940E-014 -0.14774836934401003        35303.151700685674     
   4.9737600629649548E-002 -0.82386759239570040        1.8445423382997015E-014 -0.15818257773997413        35303.151700676026     
   4.8498907625564802E-002 -0.84300915285493616        1.9190039316933257E-014 -0.16898898252443573        35303.151700664930     
   4.7162340325996921E-002 -0.86191793598917243        2.0065153238943474E-014 -0.18017015383156076        35303.151700652234     
   4.5724925111861381E-002 -0.88062490538231586        2.0820502864758706E-014 -0.19172943424361222        35303.151700637718     
   4.4183845109758701E-002 -0.89916210226652993        2.1012148817965734E-014 -0.20367100610859623        35303.151700621194     
   4.2536439047249908E-002 -0.91756195814322794        2.1137121853664809E-014 -0.21599981970915483        35303.151700602437     
   4.0780193665020115E-002 -0.93585637598608429        2.0677428386873256E-014 -0.22872142657824757        35303.151700581220     
   3.8912735054013436E-002 -0.95407600775030588        2.0175123494096499E-014 -0.24184181015356732        35303.151700557268     
   3.6931825046349787E-002 -0.97224996030018573        2.0926535409461495E-014 -0.25536728557260613        35303.151700530318     
   3.4835363808797259E-002 -0.99040588021524556        2.1118671383256622E-014 -0.26930448170843846        35303.151700500064     
   3.2621396628469856E-002  -1.0085701939865288        2.1407809524963258E-014 -0.28366036705871167        35303.151700466180     
   3.0288125496208629E-002  -1.0267682806009688        2.1794784413359925E-014 -0.29844226528396955        35303.151700428331     
   2.7833929117079936E-002  -1.0450244683353986        2.2162150459101363E-014 -0.31365782402406328        35303.151700386152     
   2.5257391487183256E-002  -1.0633618701175038        2.2108848408838851E-014 -0.32931493012090041        35303.151700339258     
   2.2557331093200128E-002  -1.0818021399594215        2.2390593639086073E-014 -0.34542158689332236        35303.151700287213     
   1.9732819535019153E-002  -1.1003652487906450        2.2433366987994690E-014 -0.36198578043809615        35303.151700229588     
   1.6783185844810200E-002  -1.1190693602836319        2.2888480433655842E-014 -0.37901536349574361        35303.151700165901     
   1.3708015489906078E-002  -1.1379308408643105        2.2875879220485537E-014 -0.39651797563608326        35303.151700095652     
   1.0507159183298587E-002  -1.1569643756001682        2.2547793621306554E-014 -0.41450099898877202        35303.151700018323     
   7.1807602470059795E-003  -1.1761831175599013        2.3533387420142343E-014 -0.43297153045790004        35303.151699933347     
   3.7292960603212411E-003  -1.1955987996024255        2.2699337967529873E-014 -0.45193634624971502        35303.151699840128     
   1.5362031778848317E-004  -1.2152217752795487        2.2021790153418218E-014 -0.47140184354123349        35303.151699738039     
  -3.5450055646774059E-003  -1.2350609964638721        2.1735464447885403E-014 -0.49137395768713521        35303.151699626425     
  -7.3648947404617582E-003  -1.2551239565789700        2.1648976287359324E-014 -0.51185806257126387        35303.151699504597     
  -1.1303925292059980E-002  -1.2754166316476336        2.1668043544095929E-014 -0.53285886536932914        35303.151699371825     
  -1.5359529885134504E-002  -1.2959434477059482        2.0427902478246208E-014 -0.55438030798895976        35303.151699227339     
  -1.9528678010150735E-002  -1.3167072955251449        2.1067608169022281E-014 -0.57642548642040659        35303.151699070353     
  -2.3807848394482800E-002  -1.3377095988619807        2.0969942358039579E-014 -0.59899659433181807        35303.151698900030     
  -2.8192993217645235E-002  -1.3589504219644652        2.0705782126092565E-014 -0.62209488836520599        35303.151698715476     
  -3.2679498512489191E-002  -1.3804285864620347        2.0520181687117569E-014 -0.64572066413931850        35303.151698515809     
  -3.7262146453122202E-002  -1.4021417667693150        2.0475247154680341E-014 -0.66987322907403879        35303.151698300062     
  -4.1935084913570009E-002  -1.4240865468549870        1.9400887339593689E-014 -0.69455086235083918        35303.151698067260     
  -4.6691807480247594E-002  -1.4462584402391165        1.9379346596217235E-014 -0.71975076040315855        35303.151697816393     
  -5.1525143811689766E-002  -1.4686518872226308        1.8975720316345866E-014 -0.74546897264264622        35303.151697546389     
  -5.6427257221647875E-002  -1.4912602446483874        1.8581747159781097E-014 -0.77170033392113524        35303.151697256151     
  -6.1389645258023318E-002  -1.5140757771710263        1.8476568862678113E-014 -0.79843839811753092        35303.151696944566     
  -6.6403140663848559E-002  -1.5370896517663191        1.8279880325974897E-014 -0.82567537406000469        35303.151696610454     
  -7.1457913634802861E-002  -1.5602919332757459        1.7945785720830677E-014 -0.85340206297815335        35303.151696252608     
  -7.6543478960587163E-002  -1.5836715805173007        1.6451357440937817E-014 -0.88160779747185281        35303.151695869834     
  -8.1648711953285158E-002  -1.6072164458652765        1.6526180275090669E-014 -0.91028038385704946        35303.151695460823     
  -8.6761876026865248E-002  -1.6309132796377419        1.4986095990024848E-014 -0.93940604907133896        35303.151695024331     
  -9.1870663373435635E-002  -1.6547477353399707        1.5665484284450826E-014 -0.96896939032222562        35303.151694559005     
  -9.6962249654186261E-002  -1.6787043664494981        1.2755567350147514E-014 -0.99895332216057398        35303.151694063527     
 -0.10202336421272218       -1.7027666036384765        1.3867780557887699E-014  -1.0293390138738481        35303.151693536493     
 -0.10704037778939524       -1.7269167057270209        1.2523227530577504E-014  -1.0601058119780564        35303.151692976564     
 -0.11199940911152134       -1.7511356860957576        1.2439200676099546E-014  -1.0912311473886103        35303.151692382286     
 -0.11688645030474143       -1.7754032228110681        1.2748938624399627E-014  -1.1226904311703620        35303.151691752282     
 -0.12168750970647063       -1.7996975613933728        1.2585254898610397E-014  -1.1544569438753030        35303.151691085084     
 -0.12638876954226358       -1.8239954162729042        1.1760493132054809E-014  -1.1865017223038556        35303.151690379273     
 -0.13097675480942550       -1.8482718745828954        1.0942580199578868E-014  -1.2187934464210439        35303.151689633392     
 -0.13543850924296769       -1.8725003039589119        1.0303403258313943E-014  -1.2512983281205479        35303.151688845988     
 -0.13976177427166242       -1.8966522648040076        1.1262683403518142E-014  -1.2839800028458317        35303.151688015627     
 -0.14393516661323463       -1.9206974284638001        1.1447049579962945E-014  -1.3167994257959279        35303.151687140882     
 -0.14794834960845665       -1.9446035044684820        9.9302323510765924E-015  -1.3497147757393702        35303.151686220284     
 -0.15179219263819094       -1.9683361814812699        9.4825875625434254E-015  -1.3826813707156997        35303.151685252451     
 -0.15545891216484431       -1.9918590878400870        8.2565256312833064E-015  -1.4156516010858411        35303.151684235978     
 -0.15894218801083521       -2.0151337764108135        8.8871850335248917E-015  -1.4485748849053515        35303.151683169490     
 -0.16223724985839943       -2.0381197344436579        7.0333305461232671E-015  -1.4813976479116366        35303.151682051634     
 -0.16534093019873619       -2.0607744178006691        6.1785038721936437E-015  -1.5140633294046566        35303.151680881114     
 -0.16825168057853662       -2.0830533124806685        6.5632678720586298E-015  -1.5465124178084437        35303.151679656643     
 -0.17096954871010350       -2.1049100290242002        4.6263605602069312E-015  -1.5786825217681457        35303.151678376977     
 -0.17349611524485431       -2.1262964384185885        3.7982859367431495E-015  -1.6105084851468643        35303.151677040936     
 -0.17583438991465428       -2.1471628600084109        3.0212672197791268E-015  -1.6419225560712647        35303.151675647372     
 -0.17798866839383121       -2.1674583114347037        1.7628169936101267E-016  -1.6728546201922807        35303.151674195178     
 -0.17996435334531069       -2.1871308262047862       -3.1274956136856966E-015  -1.7032325051686250        35303.151672683358     
 -0.18176774555782987       -2.2061278405155704       -9.4276946608711919E-016  -1.7329823602199976        35303.151671110900     
 -0.18340581229886499       -2.2243966467350340       -3.9892853861334628E-015  -1.7620291109513992        35303.151669476923     
 -0.18488594072046838       -2.2418849121882154       -4.6895397102459662E-015  -1.7902969900850891        35303.151667780563     
 -0.18621568480362194       -2.2585412602842503       -7.1044915525005882E-015  -1.8177101429369298        35303.151666021062     
 -0.18740251456693607       -2.2743158988514125       -6.7476965125136731E-015  -1.8441932960078109        35303.151664197721     
 -0.18845357592628587       -2.2891612774549017       -7.9960473906180101E-015  -1.8696724733612857        35303.151662309916     
 -0.18937546917072134       -2.3030327426921353       -1.3387736285149559E-014  -1.8940757337158765        35303.151660357107     
 -0.19017405549357852       -2.3158891399561270       -1.3730776360279362E-014  -1.9173338825262327        35303.151658338829     
 -0.19085430185341845       -2.3276932885967696       -1.2227597751448804E-014  -1.9393810930365127        35303.151656254689     
 -0.19142017462353544       -2.3384122367389892       -1.2174473516934205E-014  -1.9601553501485594        35303.151654104411     
 -0.19187459367957599       -2.3480172657773473       -1.4604141198117400E-014  -1.9795986816689748        35303.151651887762     
 -0.19221944732911606       -2.3564836613461395       -1.7084319268334865E-014  -1.9976571812656498        35303.151649604624     
 -0.19245566573077105       -2.3637903516910015       -1.7051258977535581E-014  -2.0142809012375551        35303.151647254941     
 -0.19258334061137350       -2.3699195216485975       -1.6411060139236974E-014  -2.0294237042952581        35303.151644838770     
 -0.19260187368677084       -2.3748563257993212       -1.5833625605454687E-014  -2.0430431811008827        35303.151642356235     
 -0.19251012917926535       -2.3785886741342850       -1.4194191691322716E-014  -2.0551006144520212        35303.151639807540     
 -0.19230656617501307       -2.3811070726779668       -1.2356733116067050E-014  -2.0655609775763732        35303.151637192976     
 -0.19198933706808741       -2.3824044178449881       -1.5896611834442707E-014  -2.0743928802794773        35303.151634512935     
 -0.19155637357604866       -2.3824754923629783       -1.6008005600044415E-014  -2.0815682420586654        35303.151631767876     
 -0.19100549416244694       -2.3813159086749636       -1.9777541192646503E-014  -2.0870614644718124        35303.151628958323     
 -0.19033455711705788       -2.3789205356535739       -2.2011961625004744E-014  -2.0908481270392691        35303.151626084888     
 -0.18954166611308698       -2.3752818771895399       -2.2673206770370091E-014  -2.0929036170654900        35303.151623148282     
 -0.18862541482702189       -2.3703890415326399       -2.5205965359094824E-014  -2.0932022655856741        35303.151620149249     
 -0.18758512756968876       -2.3642277233339044       -3.1167920814114801E-014  -2.0917173790315360        35303.151617088646     
 -0.18642102919494680       -2.3567812894868680       -2.8644127703732836E-014  -2.0884222635921823        35303.151613967362     
 -0.18513427793952963       -2.3480327036701354       -2.9708818494369485E-014  -2.0832920163313240        35303.151610786357     
 -0.18372685163680330       -2.3379665805555732       -3.0748924724472197E-014  -2.0763054523013196        35303.151607546693     
 -0.18220131256420452       -2.3265707526631836       -3.0202329121988040E-014  -2.0674466085145617        35303.151604249419     
 -0.18056048774555467       -2.3138371694598128       -3.2346030947319885E-014  -2.0567056509513719        35303.151600895697     
 -0.17880716341978709       -2.2997620121571352       -3.2298566393634345E-014  -2.0440790711695307        35303.151597486736     
 -0.17694389502763652       -2.2843447611053236       -3.1783744333336564E-014  -2.0295689344682906        35303.151594023759     
 -0.17497296538456003       -2.2675862406466862       -3.4306606609697322E-014  -2.0131812051360498        35303.151590508081     
 -0.17289648027267923       -2.2494862317502218       -2.9662296772517664E-014  -1.9949236847057623        35303.151586941021     
 -0.17071656223643222       -2.2300415978505015       -3.2312319598548511E-014  -1.9748044168101231        35303.151583323961     
 -0.16843559647370876       -2.2092454807636202       -3.4131818696293432E-014  -1.9528310609728976        35303.151579658312     
 -0.16605646360449422       -2.1870875281280284       -3.5875882177486955E-014  -1.9290111998089134        35303.151575945521     
 -0.16358271585376988       -2.1635547648183611       -3.8880808299236891E-014  -1.9033532283614072        35303.151572187060     
 -0.16101865883702154       -2.1386327466551158       -3.5965951423823221E-014  -1.8758674956045862        35303.151568384426     
 -0.15836929102882291       -2.1123068465336594       -4.1287393020690985E-014  -1.8465675556287753        35303.151564539148     
 -0.15564012295133067       -2.0845633782693689       -3.4441293576987864E-014  -1.8154712608953325        35303.151560652768     
 -0.15283693017474603       -2.0553904369318410       -4.4704921510095049E-014  -1.7826015873802934        35303.151556726858     
 -0.14996546388423854       -2.0247782586350169       -4.8200627916745526E-014  -1.7479870211230839        35303.151552762989     
 -0.14703117386082104       -1.9927191514062663       -4.5520482271598215E-014  -1.7116615586738373        35303.151548762755     
 -0.14403894705302234       -1.9592075309612227       -4.8853695348685455E-014  -1.6736647885688054        35303.151544727756     
 -0.14099286105580955       -1.9242401615366305       -4.7147892912187255E-014  -1.6340421353549992        35303.151540659586     
 -0.13789600498929983       -1.8878167285580432       -5.0221554308121197E-014  -1.5928453647208478        35303.151536559890     
 -0.13475035139862662       -1.8499407141530817       -5.4093786510307234E-014  -1.5501333097101053        35303.151532430253     
 -0.13155665102481096       -1.8106203499715612       -6.2318467214288206E-014  -1.5059726123667438        35303.151528272305     
 -0.12831448105498627       -1.7698692371976819       -5.8403763187448466E-014  -1.4604381313180070        35303.151524087662     
 -0.12502254076904173       -1.7277053479204021       -5.9178305671838226E-014  -1.4136119710791704        35303.151519877909     
 -0.12167908101695080       -1.6841486408721700       -5.7432337728648531E-014  -1.3655813995221955        35303.151515644699     
 -0.11828224415956290       -1.6392194883198208       -6.2348839828527856E-014  -1.3164375004357840        35303.151511389602     
 -0.11483030038029945       -1.5929387062184439       -5.4962082804519539E-014  -1.2662751639689027        35303.151507114220     
 -0.11132183885265617       -1.5453278535005168       -5.6486770505001042E-014  -1.2151932828457817        35303.151502820125     
 -0.10775591251778355       -1.4964095988856769       -6.2504469091194828E-014  -1.1632949803849364        35303.151498508909     
 -0.10413210656724686       -1.4462080745595003       -5.7186472193945365E-014  -1.1106878012616868        35303.151494182122     
 -0.10045057499934168       -1.3947491121074655       -5.5054118949604921E-014  -1.0574837832469282        35303.151489841315     
  -9.6712064768134598E-002  -1.3420599298037033       -6.0639886263333423E-014  -1.0037990927363953        35303.151485488022     
  -9.2917992108087599E-002  -1.2881688099642510       -5.7395917386972029E-014 -0.94975365985633609        35303.151481123772     
  -8.9070476698070833E-002  -1.2331048518126266       -5.9699640481597931E-014 -0.89547087854751339        35303.151476750078     
  -8.5172308975355770E-002  -1.1768978638072980       -6.3195497505076065E-014 -0.84107741398153379        35303.151472368409     
  -8.1226903407704110E-002  -1.1195786143328412       -6.6288548336117776E-014 -0.78670326156216674        35303.151467980279     
  -7.7238186519924035E-002  -1.0611787687283822       -7.0892861974077403E-014 -0.73248156335638015        35303.151463587128     
  -7.3210488526388506E-002  -1.0017307866570704       -7.1055142074891936E-014 -0.67854839334261641        35303.151459190405     
  -6.9148439069116829E-002 -0.94126823253017733       -7.2974463429936717E-014 -0.62504281625109215        35303.151454791543     
  -6.5056802094994037E-002 -0.87982594584549290       -7.9117606089564096E-014 -0.57210682128602741        35303.151450391961     
  -6.0940294604400369E-002 -0.81744003001447041       -7.8585960262324793E-014 -0.51988511520895031        35303.151445993062     
  -5.6803423238010797E-002 -0.75414775821403879       -8.3224323674300640E-014 -0.46852485285908330        35303.151441596230     
  -5.2650358545813014E-002 -0.68998716112449898       -7.9732409842488774E-014 -0.41817517134222726        35303.151437202818     
  -4.8484863838486880E-002 -0.62499634494913892       -8.4690263945656514E-014 -0.36898659212375939        35303.151432814208     
  -4.4310300847883455E-002 -0.55921285078698801       -8.4137954553550208E-014 -0.32111050416283859        35303.151428431724     
  -4.0129717830763245E-002 -0.49267319587491798       -8.5578615666242414E-014 -0.27469880847758610        35303.151424056705     
  -3.5946008550133912E-002 -0.42541221167005716       -8.8074083499293569E-014 -0.22990350084484490        35303.151419690446     
  -3.1762134341538573E-002 -0.35746229951838515       -9.0568708575427726E-014 -0.18687628571601600        35303.151415334272     
  -2.7581403801097415E-002 -0.28885280304237426       -9.2175522659045301E-014 -0.14576833943091927        35303.151410989463     
  -2.3407774718330110E-002 -0.21960929661927509       -8.4208149857879507E-014 -0.10673011815696931        35303.151406657300     
  -1.9246133530862519E-002 -0.14975276838439555       -8.6533906073388805E-014  -6.9911218841837375E-002   35303.151402339048     
  -1.5102501942916791E-002  -7.9298933473108235E-002  -8.4471537619780308E-014  -3.5460421276904519E-002   35303.151398035960     
  -1.0984137587282727E-002  -8.2576035340480303E-003  -8.0791328644339066E-014  -3.5258707805825296E-003   35303.151393749307     
  -6.8995002135431305E-003   6.3367519371368530E-002  -8.1969239680111161E-014   2.5744448830042010E-002   35303.151389480321     
  -2.8580706546170731E-003  0.13557845513460620       -8.0409596634045859E-014   5.2201942053546446E-002   35303.151385230245     
   1.1299018734867161E-003  0.20838240052389523       -8.2271367865590868E-014   7.5696574049509024E-002   35303.151381000309     
   5.0536516778176277E-003  0.28179107836103512       -8.3913384808366168E-014   9.6076034137268174E-002   35303.151376791742     
   8.9020927986111498E-003  0.35582031976691297       -8.3086656813965184E-014  0.11318502043657563        35303.151372605767     
   1.2663887212039482E-002  0.43049013284303683       -8.3737159418305604E-014  0.12686468879110802        35303.151368443607     
   1.6327346905074869E-002  0.50582536827237234       -8.1030707348937717E-014  0.13695221845974270        35303.151364306490     
   1.9880186199193683E-002  0.58185704924303749       -7.2470441751420426E-014  0.14328040734068725        35303.151360195639     
   2.3309137174373717E-002  0.65862431844124103       -7.2828750061583646E-014  0.14567716125010355        35303.151356112270     
   2.6599424499952284E-002  0.73617696011215017       -7.2556066474924984E-014  0.14396474183288932        35303.151352057605     
   2.9734149350012617E-002  0.81457822500549071       -6.7195285772305318E-014  0.13795859734337546        35303.151348032887     
   3.2693602126459442E-002  0.89390734317584730       -6.7268353108117514E-014  0.12746560021597730        35303.151344039361     
   3.5454504965131250E-002  0.97426168979148287       -6.6100874301590546E-014  0.11228171122508401        35303.151340078242     
   3.7989278970757656E-002   1.0557583734831155       -6.7114067358299762E-014   9.2189085112134750E-002   35303.151336150811     
   4.0265397804315428E-002   1.1385347313033591       -6.1397382748685444E-014   6.6952673409020225E-002   35303.151332258298     
   4.2244907516360730E-002   1.2227477773413646       -5.7554079811198968E-014   3.6316526047865949E-002   35303.151328401989     
   4.3884187661024865E-002   1.3085724085498533       -6.3124354001216435E-014  -6.3923517563894321E-015   35303.151324583181     
