 force-1force-2force-3workmass
  -3.9968028886505635E-015   1.0658141036401503E-014  -2.1490512560269842E-014   0.0000000000000000       0.78539817820995317     
  -4.4408920985006262E-015  -2.9155695087652589E-003  -2.1827064993271286E-014  -4.3514874918269483E-007  0.78539817820995450     
  -8.4376949871511897E-015  -8.9160834909840503E-003  -2.1632962472620227E-014  -5.2961535936483367E-006  0.78539817820994862     
   4.4408920985006262E-016  -1.7692552563346453E-002  -2.4211041830737085E-014  -2.3526671771103430E-005  0.78539817821001567     
  -2.6201263381153694E-014  -2.9110268116241400E-002  -2.5090719117985117E-014  -6.8467350609384414E-005  0.78539817820998614     
   9.3258734068513149E-015  -4.3076762639508104E-002  -2.4134635970732322E-014  -1.5749941340070100E-004  0.78539817821002256     
  -4.4408920985006262E-015  -5.9514400733345241E-002  -2.3793785726376100E-014  -3.1173643104125126E-004  0.78539817821007496     
  -1.3766765505351941E-014  -7.8349035573790360E-002  -2.5339967010411634E-014  -5.5571012206596937E-004  0.78539817821007629     
   4.6185277824406512E-014  -9.9499298218916010E-002  -2.5418905279578245E-014  -9.1698553238553360E-004  0.78539817821007651     
   3.6415315207705135E-014 -0.12286440567852708       -2.3905194367397975E-014  -1.4256264151893683E-003  0.78539817821007651     
   3.1086244689504383E-015 -0.14831156436785875       -2.3934260106165915E-014  -2.1134397922420167E-003  0.78539817821007674     
   2.2204460492503131E-015 -0.17566146227046886       -2.4782183800145423E-014  -3.0129014854974878E-003  0.78539817821007663     
   4.3964831775156199E-014 -0.20467110801100930       -2.5212491736164274E-014  -4.1556421770554963E-003  0.78539817821007685     
   9.3258734068513149E-015 -0.23501771371402214       -2.7410533264314935E-014  -5.5704486048780422E-003  0.78539817821007707     
   5.5511151231257827E-014 -0.26629155901251877       -2.4745746736803341E-014  -7.2809438065203347E-003  0.78539817821007718     
   3.1086244689504383E-014 -0.29800553970547128       -2.3755009238881478E-014  -9.3033604426798755E-003  0.78539817821211910     
   2.8865798640254070E-014 -0.32962352256614125       -2.7373223269327975E-014  -1.1644939805216636E-002  0.78539817821165681     
   4.0412118096355698E-014 -0.36060198557002110       -2.5187020939793067E-014  -1.4303367908131248E-002  0.78539817821432123     
   3.3750779948604759E-014 -0.39043418179888079       -2.4897679834750249E-014  -1.7267342124237084E-002  0.78539817821371605     
   4.3076653355456074E-014 -0.41868603131629456       -2.7601532878490031E-014  -2.0518022979178596E-002  0.78539817821712110     
   3.9968028886505635E-015 -0.44501696768703525       -2.5012275947142816E-014  -2.4030916255099899E-002  0.78539817821634861     
   3.1086244689504383E-014 -0.46918504762851754       -2.4123747038651442E-014  -2.7777748856060880E-002  0.78539817822059210     
   0.0000000000000000      -0.49103996145697337       -2.6176118496942202E-014  -3.1728056069580735E-002  0.78539817821963664     
   4.0412118096355698E-014 -0.51051016392540660       -2.6787097987057396E-014  -3.5850448634120680E-002  0.78539817822478164     
   7.5495165674510645E-014 -0.52758937041210885       -2.4119053217887518E-014  -4.0113675011173466E-002  0.78539817822363589     
   2.6645352591003757E-014 -0.54232639506694724       -2.5887994137088629E-014  -4.4487712095335086E-002  0.78539817822971447     
   2.4424906541753444E-014 -0.55481909138284280       -2.5904560047330390E-014  -4.8945030603612327E-002  0.78539817823065716     
  -3.5083047578154947E-014 -0.56521203815399446       -2.5265608903296524E-014  -5.3462134961900887E-002  0.78539817823068026     
  -1.7763568394002505E-015 -0.57369558721588554       -2.6423817787487426E-014  -5.8021276908665653E-002  0.78539817823068081     
  -2.7977620220553945E-014 -0.58050418861370900       -2.7836218170738862E-014  -6.2612165901544170E-002  0.78539817823068148     
   2.4868995751603507E-014 -0.58591204390377705       -2.6499517278179040E-014  -6.7233407037959214E-002  0.78539817823068225     
  -1.7319479184152442E-014 -0.59022511100146602       -2.4669890341479620E-014  -7.1893402539477513E-002  0.78539817823068314     
   1.1990408665951691E-014 -0.59376954635743395       -2.7612932393450180E-014  -7.6610521949222132E-002  0.78539817823068403     
  -1.3322676295501878E-015 -0.59687760269740942       -2.4013378464559522E-014  -8.1412463594519480E-002  0.78539817823068525     
  -3.9968028886505635E-015 -0.59987259048090813       -2.6056777120403131E-014  -8.6334862967194059E-002  0.78539817823068603     
   2.1316282072803006E-014 -0.60305465034733530       -2.5494631538126225E-014  -9.1419315901092091E-002  0.78539817823068714     
   1.5987211554602254E-014 -0.60668880005951387       -2.5615813969804419E-014  -9.6711048239887187E-002  0.78539817823068814     
  -2.9309887850104133E-014 -0.61099615086854797       -2.5314699612937563E-014 -0.10225646855839798       0.78539817823068936     
   1.2878587085651816E-014 -0.61614852948168064       -2.6013457668863496E-014 -0.10810079490344293       0.78539817823069069     
  -3.5527136788005009E-015 -0.62226617900960690       -2.6568572990358276E-014 -0.11428587313653926       0.78539817823069169     
  -1.1102230246251565E-014 -0.62941786988483983       -2.3572990147178933E-014 -0.12084823101788844       0.78539817823069324     
   3.5527136788005009E-015 -0.63762266750647001       -2.3560206920166718E-014 -0.12781736171134561       0.78539817823069447     
   4.4408920985006262E-016 -0.64685273441734914       -2.3965918695635262E-014 -0.13521421448619586       0.78539817823069591     
   2.7977620220553945E-014 -0.65703679667755921       -2.6764495584165235E-014 -0.14304988711343913       0.78539817823069724     
   7.1054273576010019E-015 -0.66806416896942977       -2.6468337745375247E-014 -0.15132455104160369       0.78539817823069880     
   5.1958437552457326E-014 -0.67978942340873516       -2.4577424301057684E-014 -0.16002667895431300       0.78539817823070013     
   3.5527136788005009E-014 -0.69203785658066330       -2.5766107073036738E-014 -0.16913266807260152       0.78539817823070179     
   1.4654943925052066E-014 -0.70461185688123251       -2.6785580048845026E-014 -0.17860695116486003       0.78539817823070357     
   3.6415315207705135E-014 -0.71729813505801943       -2.6579183226957972E-014 -0.18840265896179798       0.78539817823070501     
   3.3750779948604759E-014 -0.72987560927834494       -2.7867322067918044E-014 -0.19846284901460542       0.78539817823070657     
   8.8817841970012523E-016 -0.74212358682286350       -3.0668284571657032E-014 -0.20872225879393014       0.78539817823070834     
   2.8865798640254070E-014 -0.75382979747100443       -2.9444944348133814E-014 -0.21910948813506614       0.78539817823071045     
   4.4408920985006262E-014 -0.76479782590666190       -2.8498427574469644E-014 -0.22954947865892894       0.78539817823071223     
  -2.2204460492503131E-015 -0.77485355571133674       -2.7108153888964491E-014 -0.23996614108874148       0.78539817823071445     
   8.8817841970012523E-015 -0.78385035226557065       -2.6717735105499480E-014 -0.25028498517909892       0.78539817823071600     
   1.0214051826551440E-014 -0.79167284472380040       -2.6082369563489716E-014 -0.26043562613773297       0.78539817823071800     
   1.8651746813702630E-014 -0.79823928876631811       -2.4953103471352040E-014 -0.27035406823368646       0.78539817823071989     
   4.0412118096355698E-014 -0.80350258183454137       -2.5714227179984331E-014 -0.27998469302880036       0.78539817823072211     
  -1.2434497875801753E-014 -0.80745005342530973       -2.6328510153440442E-014 -0.28928190084047234       0.78539817823072422     
  -1.1546319456101628E-014 -0.81010216900583920       -2.6343442910941627E-014 -0.29821136752021093       0.78539817823072633     
   4.4408920985006262E-015 -0.81151027947231924       -2.8021340643293263E-014 -0.30675088564053521       0.78539817823072866     
   3.2862601528904634E-014 -0.81175353380820248       -2.9313128549519171E-014 -0.31489076325205811       0.78539817823073066     
  -1.5543122344752192E-014 -0.81093506352229028       -2.6910189799715375E-014 -0.32263375876259826       0.78539817823073321     
   2.0872192862952943E-014 -0.80917755088526278       -2.4869251552909038E-014 -0.32999454061988409       0.78539817823073543     
   4.4408920985006262E-015 -0.80661830971006054       -2.5999339751223325E-014 -0.33699867685038498       0.78539817823073799     
   2.4424906541753444E-014 -0.80340403269113736       -2.6605248620709962E-014 -0.34368118135965808       0.78539817823074010     
   1.1990408665951691E-014 -0.79968538519622712       -2.7428928092143542E-014 -0.35008466856043441       0.78539817823074232     
   1.7763568394002505E-015 -0.79561164375898485       -2.7576924140540038E-014 -0.35625719171619696       0.78539817823074476     
   6.4837024638109142E-014 -0.79132558225292371       -2.9794414760445036E-014 -0.36224985974141521       0.78539817823074720     
   8.8817841970012523E-016 -0.78695879735536245       -2.7557415806666105E-014 -0.36811433946102223       0.78539817823074976     
  -3.5527136788005009E-015 -0.78262763860690043       -2.9288681062202728E-014 -0.37390035434444702       0.78539817823075209     
   1.4654943925052066E-014 -0.77842987124666507       -3.0351341193815491E-014 -0.37965328690734435       0.78539817823075486     
   2.6645352591003757E-015 -0.77444215755411605       -2.9483099395631498E-014 -0.38541198189701564       0.78539817823075730     
  -4.8849813083506888E-015 -0.77071840010822257       -3.0323151769729815E-014 -0.39120683323533356       0.78539817823075986     
  -2.0872192862952943E-014 -0.76728895227460470       -3.0493600051102094E-014 -0.39705822160096993       0.78539817823076252     
   4.4408920985006262E-014 -0.76416066958781137       -3.3570760522585202E-014 -0.40297535310294919       0.78539817823076463     
  -1.9095836023552692E-014 -0.76131775078809660       -3.1747827667561970E-014 -0.40895553355533920       0.78539817823076752     
  -1.3322676295501878E-015 -0.75872329806392891       -3.2298730277672242E-014 -0.41498389755688869       0.78539817823076996     
   5.0626169922907138E-014 -0.75632151084544219       -2.8392063718412086E-014 -0.42103359658650952       0.78539817823077251     
  -4.8849813083506888E-015 -0.75404041478196149       -3.1996211216009910E-014 -0.42706643525037435       0.78539817823077485     
  -4.4408920985006262E-016 -0.75179501641781954       -2.9494589918700919E-014 -0.43303392945666630       0.78539817823077729     
  -2.3092638912203256E-014 -0.74949076456932850       -3.1718474951807812E-014 -0.43887874489078982       0.78539817823077984     
   2.6645352591003757E-014 -0.74702719220611158       -3.1667840692123930E-014 -0.44453645937485753       0.78539817823078228     
  -3.7747582837255322E-014 -0.74430160889677310       -3.3415421321334471E-014 -0.44993757951878344       0.78539817823078495     
   1.2434497875801753E-014 -0.74121271464483129       -3.4178275548590768E-014 -0.45500973156445035       0.78539817823078750     
   3.1086244689504383E-015 -0.73766401193633513       -3.2152667409465952E-014 -0.45967993943820318       0.78539817823078995     
   2.5757174171303632E-014 -0.73356690411490710       -3.4322769619835591E-014 -0.46387690035230023       0.78539817823079228     
  -3.1974423109204508E-014 -0.72884338416167971       -3.2198866633867370E-014 -0.46753316995749650       0.78539817823079461     
   4.4408920985006262E-016 -0.72342823755897534       -2.8862007601842231E-014 -0.47058717481916190       0.78539817823079705     
   1.4210854715202004E-014 -0.71727070467712650       -3.4401531582111550E-014 -0.47298497920798255       0.78539817823079938     
  -4.2632564145606011E-014 -0.71033557069154085       -3.3546942023110994E-014 -0.47468174511462280       0.78539817823080160     
   2.9753977059954195E-014 -0.70260367312195982       -3.3469468073137279E-014 -0.47564283814980612       0.78539817823080393     
  -6.6613381477509392E-015 -0.69407183779128445       -3.2326968385466559E-014 -0.47584454684030142       0.78539817823080638     
  -4.5297099404706387E-014 -0.68475227270807437       -3.0179801248472715E-014 -0.47527439813383410       0.78539817823080882     
   6.4392935428259079E-014 -0.67467146578538895       -3.5591564005222025E-014 -0.47393106719853506       0.78539817823081082     
   5.1958437552457326E-014 -0.66386864625151354       -3.6108044291606822E-014 -0.47182389442806461       0.78539817823081293     
   2.1760371282653068E-014 -0.65239388106421892       -3.0132929713574668E-014 -0.46897203661525388       0.78539817823081481     
  -2.2204460492503131E-015 -0.64030588645059439       -3.5968924553439752E-014 -0.46540329211365261       0.78539817823081692     
  -1.6875389974302379E-014 -0.62766964082500110       -3.3684836311438033E-014 -0.46115265113197346       0.78539817823081903     
   1.1102230246251565E-014 -0.61455388854770021       -3.3046442333869461E-014 -0.45626063162044517       0.78539817823082125     
   5.9063864910058328E-014 -0.60102862425569548       -3.0158515644930756E-014 -0.45077146819176406       0.78539817823082292     
   7.2830630415410269E-014 -0.58716264465493140       -2.9666812750312896E-014 -0.44473122575578294       0.78539817823082470     
  -7.1054273576010019E-015 -0.57302124891248774       -3.1194728241821623E-014 -0.43818591091588388       0.78539817823082636     
   4.3520742565306136E-014 -0.55866416028916888       -3.2540920938160750E-014 -0.43117965256594459       0.78539817823082814     
   6.0840221749458578E-014 -0.54414373083924517       -3.9944883225887641E-014 -0.42375301867851789       0.78539817823082980     
   4.4408920985006262E-016 -0.52950347840434375       -4.0443287920154444E-014 -0.41594152927031303       0.78539817823083136     
   5.9063864910058328E-014 -0.51477699130883892       -4.8102515748794956E-014 -0.40777441634140210       0.78539817823083280     
  -6.2172489379008766E-015 -0.49998722176758292       -4.5906237513834117E-014 -0.39927367071569186       0.78539817823083435     
   2.0872192862952943E-014 -0.48514617462689102       -4.5703108117857112E-014 -0.39045340367851544       0.78539817823083524     
  -7.8603790143461083E-014 -0.47025498417514200       -4.9953101708640202E-014 -0.38131953862171741       0.78539817823083657     
  -1.6431300764452317E-014 -0.45530435887565446       -4.0809454461610039E-014 -0.37186983511169025       0.78539817823083768     
   1.8207657603852567E-014 -0.44027536230992581       -3.9663751618174931E-014 -0.36209423532962504       0.78539817823083902     
  -1.7319479184152442E-014 -0.42514048867749210       -4.4891441678405899E-014 -0.35197551113805225       0.78539817823084002     
  -4.3520742565306136E-014 -0.40986498311617936       -4.5980176958567217E-014 -0.34149017950402794       0.78539817823084079     
   4.5741188614556449E-014 -0.39440835101015637       -4.2040713350857166E-014 -0.33060964496745449       0.78539817823084190     
  -3.5527136788005009E-015 -0.37872599650717120       -4.8852770559580327E-014 -0.31930152061771544       0.78539817823084301     
  -2.2204460492503131E-014 -0.36277092863642224       -5.0292671133771364E-014 -0.30753107379109856       0.78539817823084346     
  -6.7945649107059580E-014 -0.34649547379316203       -5.2038903319097165E-014 -0.29526273966197536       0.78539817823084423     
   3.9968028886505635E-015 -0.32985293576004437       -5.9232824316510218E-014 -0.28246164506765048       0.78539817823084490     
   9.5923269327613525E-014 -0.31279914879429782       -5.4458983994811525E-014 -0.26909508632412127       0.78539817823084568     
   1.8207657603852567E-014 -0.29529387533731821       -6.0260536805650710E-014 -0.25513390829144100       0.78539817823084612     
   3.5971225997855072E-014 -0.27730200737722654       -6.1194602982740557E-014 -0.24055373738308816       0.78539817823084646     
  -6.9277916736609768E-014 -0.25879453905313099       -5.5503701520895496E-014 -0.22533602827711441       0.78539817823084657     
  -4.0412118096355698E-014 -0.23974928738329027       -5.2719777331102104E-014 -0.20946889244945588       0.78539817823084723     
   6.6613381477509392E-015 -0.22015134768692590       -4.2728720621422983E-014 -0.19294768595595180       0.78539817823084723     
  -1.1546319456101628E-014 -0.19999327994680982       -3.9225908626264977E-014 -0.17577534370325765       0.78539817823084779     
  -2.3980817331903381E-014 -0.17927503174995962       -4.3690042450023393E-014 -0.15796245742546056       0.78539817823084801     
   5.3290705182007514E-014 -0.15800361217389991       -3.9299621029291989E-014 -0.13952710427621007       0.78539817823084812     
   5.1070259132757201E-014 -0.13619253885823568       -4.7033562675968995E-014 -0.12049444205928772       0.78539817823084834     
  -2.3092638912203256E-014 -0.11386108722331656       -5.3473364772750458E-014 -0.10089609526973220       0.78539817823084845     
  -3.7747582837255322E-014  -9.1033376275671429E-002  -4.1323350725899667E-014  -8.0769363100589686E-002  0.78539817823084834     
  -2.7089441800853820E-014  -6.7737329465316520E-002  -4.6682188001217029E-014  -6.0156286091883615E-002  0.78539817823084856     
  -5.1070259132757201E-014  -4.4003551635437788E-002  -5.2573843031289915E-014  -3.9102612068484532E-002  0.78539817823084845     
  -5.4178883601707639E-014  -1.9864164143125862E-002  -4.0317079893961936E-014  -1.7656704276273416E-002  0.78539817823084834     
  -8.8817841970012523E-016   4.6483601793809726E-003  -4.3198646554132395E-014   4.1315647913577891E-003  0.78539817823084856     
  -4.7961634663806763E-014   2.9502322402588987E-002  -4.5343535977180936E-014   2.6211891507122331E-002  0.78539817823084845     
  -6.2172489379008766E-014   5.4667846499402373E-002  -4.0080147181748059E-014   4.8534551464943121E-002  0.78539817823084856     
   4.4408920985006262E-015   8.0117819487018238E-002  -3.9859237189033879E-014   7.1051306474226195E-002  0.78539817823084856     
  -8.4376949871511897E-015  0.10582869540027673       -4.1131458446912359E-014   9.3716177896935093E-002  0.78539817823084879     
  -6.2172489379008766E-015  0.13178114164105637       -3.9153410805789937E-014  0.11648606227234382       0.78539817823084879     
  -4.7961634663806763E-014  0.15796051262250188       -4.1442143228505467E-014  0.13932117213304451       0.78539817823084890     
   8.7929663550312398E-014  0.18435714217587318       -3.9560145444408069E-014  0.16218529220423683       0.78539817823084912     
   6.2172489379008766E-014  0.21096645278144166       -4.3496486234647729E-014  0.18504584859399564       0.78539817823084934     
   4.0412118096355698E-014  0.23778888603751369       -3.7475146323105990E-014  0.20787379578234777       0.78539817823084945     
   1.0969003483296547E-013  0.26482966467724012       -3.9144828257986653E-014  0.23064333292338191       0.78539817823084990     
   4.7961634663806763E-014  0.29209840175103352       -3.3265939328818845E-014  0.25333146699363596       0.78539817823085012     
   6.6169292267659330E-014  0.31960857712390833       -3.6624891347017687E-014  0.27591744541392060       0.78539817823085079     
   2.2204460492503131E-014  0.34737690286688760       -4.7441701433573612E-014  0.29838208288851042       0.78539817822978186     
   4.9293902293356950E-014  0.37542262665515835       -4.8205846408838726E-014  0.32070703135593170       0.78539817823587743     
   1.5010215292932116E-013  0.40376670575468410       -4.7407091631158280E-014  0.34287394226808665       0.78539817823442237     
   1.5321077739827160E-013  0.43243111215749863       -3.8708625137871254E-014  0.36486375088288447       0.78539817824267666     
   4.8849813083506888E-014  0.46143791023347092       -3.4322571202091646E-014  0.38665578282782676       0.78539817824074865     
   1.9539925233402755E-014  0.49080864564037086       -3.1253059536162880E-014  0.40822714615950062       0.78539817825151470     
   3.7303493627405260E-014  0.52056346454477875       -3.8946616980515360E-014  0.42955192248889063       0.78539817824904290     
  -1.9539925233402755E-014  0.55072065935835113       -4.1949373757891595E-014  0.45060074492831781       0.78539817825096869     
   1.5543122344752192E-014  0.58129599176752578       -4.0037682925496435E-014  0.47134022182475022       0.78539817825316405     
   4.7073456244106637E-014  0.61230232729449341       -4.1531201935326456E-014  0.49173265142227685       0.78539817825322178     
   1.5099033134902129E-013  0.64374931997528861       -4.2835915268857441E-014  0.51173580786528383       0.78539817825322444     
  -9.0594198809412774E-014  0.67564321397927429       -4.7190392944694108E-014  0.53130285160402302       0.78539817825322666     
  -1.8207657603852567E-014  0.70798678561270911       -5.0141260123784950E-014  0.55038237825755232       0.78539817825322911     
  -2.7977620220553945E-014  0.74077940246257690       -4.6477516460477536E-014  0.56891858109126048       0.78539817825323177     
  -4.7961634663806763E-014  0.77401719619696685       -4.8011542847118449E-014  0.58685151747167907       0.78539817825323466     
   9.4591001698063337E-014  0.80769333834492762       -4.4036039931677275E-014  0.60411746318843740       0.78539817825323799     
   3.9968028886505635E-015  0.84179840503696823       -5.1287383284243591E-014  0.62064933560009372       0.78539817825324132     
  -1.3766765505351941E-014  0.87632081424297681       -4.0499620904304056E-014  0.63637716473673400       0.78539817825324509     
  -9.1038288019262836E-014  0.91124731733959763       -4.0842311379125516E-014  0.65122859063247418       0.78539817825324898     
  -6.7945649107059580E-014  0.94656352581576719       -3.7996054268516558E-014  0.66512936519317023       0.78539817825325309     
  -1.7230661342182430E-013  0.98225445356502661       -2.8549989794314254E-014  0.67800383777300510       0.78539817825325775     
  -7.9047879353311146E-014   1.0183050555492965       -3.2051360136488860E-014  0.68977540530776160       0.78539817825326241     
   1.8651746813702630E-014   1.0547007445935037       -5.0647029070819902E-014  0.70036691021728714       0.78539817825326774     
  -1.0214051826551440E-013   1.0914278696143871       -4.7139538084354231E-014  0.70970097221674955       0.78539817825327285     
  -5.2402526762307389E-014   1.1284741406450483       -4.4049551331835808E-014  0.71770024353858730       0.78539817825327862     
   9.9031893796563963E-014   1.1658289884893644       -4.1157254108061872E-014  0.72428758070485344       0.78539817825328495     
   3.6859404417555197E-014   1.2034838496005769       -4.0642486690099229E-014  0.72938612972758499       0.78539817825329106     
   1.2434497875801753E-014   1.2414323697640270       -3.9775142478405042E-014  0.73291932532601756       0.78539817825329750     
  -8.2156503822261584E-014   1.2796705232161170       -3.2887907359608482E-014  0.73481080825300182       0.78539817825330438     
  -1.4965806371947110E-013   1.3181966468854949       -3.7031275636327920E-014  0.73498426801064909       0.78539817825331182     
   1.4077627952246985E-013   1.3570113923525291       -3.2708648241385950E-014  0.73336322096495898       0.78539817825331937     
   3.5527136788005009E-015   1.3961176008196983       -3.1847852437654142E-014  0.72987073606211972       0.78539817825332703     
  -3.9968028886505635E-015   1.4355201087961262       -2.6269768128701308E-014  0.72442912194349951       0.78539817825333558     
   6.2616578588858829E-014   1.4752254941996803       -2.1837477514616370E-014  0.71695959018104283       0.78539817825334390     
   1.1324274851176597E-013   1.5152417742174169       -2.8711350016985054E-014  0.70738190965319703       0.78539817825335256     
   1.1368683772161603E-013   1.5555780673721262       -3.1518346159275626E-014  0.69561406669906223       0.78539817825336167     
   1.9717560917342780E-013   1.5962442329422579       -2.6544772163246988E-014  0.68157194474178784       0.78539817825337110     
   1.1679546219056647E-013   1.6372505010589276       -2.1170276017943607E-014  0.66516903556620655       0.78539817825338121     
   4.7517545453956700E-014   1.6786071065313823       -1.3594618369037910E-014  0.64631619248665828       0.78539817825339131     
   7.4606987254810520E-014   1.7203239387579057       -5.3930676059628800E-015  0.62492143334531480       0.78539817825340141     
   4.1300296516055823E-014   1.7624102189641633       -7.3325232471491723E-015  0.60088979873283321       0.78539817825341185     
  -1.0658141036401503E-013   1.8048742146012238       -8.5910731891575932E-015  0.57412326816778503       0.78539817825342273     
   1.7497114868092467E-013   1.8477229990115909       -1.3447726756917448E-014  0.54452073429345837       0.78539817825343428     
  -2.2648549702353193E-014   1.8909622625744529       -4.7650717832032111E-015  0.51197803259202335       0.78539817825344571     
   3.3750779948604759E-014   1.9345961795052240       -9.3218570612136894E-015  0.47638802176557205       0.78539817825345737     
  -4.9737991503207013E-014   1.9786273323956287       -1.1157982895255898E-014  0.43764070788858822       0.78539817825346958     
   1.2123635428906709E-013   2.0230566945106485       -6.2167822507803629E-015  0.39562340377258254       0.78539817825348202     
   9.4591001698063337E-014   2.0678836678923425       -3.6948922805329449E-015  0.35022091376157505       0.78539817825349434     
   7.9936057773011271E-014   2.1131061734858747       -4.0539550892470727E-015  0.30131573342549300       0.78539817825350722     
  -5.4622972811557702E-014   2.1587207879071144        1.6505746889470792E-015  0.24878825336471033       0.78539817825351999     
  -1.1413092693146609E-013   2.2047229201039720        2.5545333214659808E-015  0.19251695656419954       0.78539817825353309     
   1.9095836023552692E-014   2.2511070201016778        6.8531274194074091E-015  0.13237859942408903       0.78539817825354652     
   8.1712414612411521E-014   2.2978668112825424        7.4713237282870345E-015   6.8248367695189271E-002  0.78539817825355995     
   9.1926466438962962E-014   2.3449955372033102        6.0369947875019878E-015  -1.1455259367403949E-014  0.78539817825357383     
