 force-1force-2force-3workmass
   2.6645352591003757E-015   7.1054273576010019E-015  -1.9398089615056806E-014   0.0000000000000000       0.78539816362971748     
  -4.2637022801272906E-009  -2.9155591821172777E-003  -3.1869256320975722E-014  -1.2792218599642913E-006  0.78539816363137249     
  -1.4919388080514295E-007  -8.9160702287660598E-003  -2.8378462748813167E-014  -1.4210065409026029E-005  0.78539816362332993     
  -7.9856248680343356E-007  -1.7691899768012220E-002  -2.8495515050084045E-014  -5.8954597590366031E-005  0.78539816371265203     
  -2.2194984894419179E-006  -2.9109106996918044E-002  -2.7873739223538194E-014  -1.6247979251585859E-004  0.78539816371327120     
  -4.9970266906562699E-006  -4.3077375928804784E-002  -2.9752112430668089E-014  -3.5724378592474210E-004  0.78539816371332527     
  -9.6129678328615853E-006  -5.9522320603177192E-002  -2.8437654310590981E-014  -6.8033956972332610E-004  0.78539816371340665     
  -1.6620872206551951E-005  -7.8371036261955851E-002  -2.8160822147775417E-014  -1.1727658508537270E-003  0.78539816371352056     
  -2.6576168481007301E-005  -9.9541127605975888E-002  -2.9252805945633885E-014  -1.8787047028853698E-003  0.78539816371367210     
  -3.9997571378513896E-005 -0.12293064709855628       -3.0415052654222688E-014  -2.8447176605612690E-003  0.78539816371386573     
  -5.7320579902597757E-005 -0.14840729821395016       -3.0521014029321644E-014  -4.1187843103549504E-003  0.78539816371410676     
  -7.8842918780352989E-005 -0.17579404947885990       -2.9610604854377991E-014  -5.7490689898113123E-003  0.78539816371439897     
  -1.0466302662415217E-004 -0.20485126530905973       -2.8430107377063930E-014  -7.7822940366359394E-003  0.78539816371474780     
  -1.3461803388015170E-004 -0.23525998915486213       -3.0930655895633307E-014  -1.0261687453846646E-002  0.78539816371515681     
  -1.6823503200047440E-004 -0.26661421899275162       -2.9770005621806168E-014  -1.3224667192371864E-002  0.78539816371563065     
  -2.0471313343550790E-004 -0.29842946757746347       -2.6895762242738790E-014  -1.6700646537671449E-002  0.78539816371617366     
  -2.4294904194555045E-004 -0.33016992869154294       -2.7049854380560489E-014  -2.0709457055915204E-002  0.78539816371679017     
  -2.8160606698390822E-004 -0.36128941938494563       -2.9209305344133080E-014  -2.5260783725342795E-002  0.78539816371748405     
  -3.1921229976195065E-004 -0.39127587558584231       -2.7888158674630822E-014  -3.0354714801535954E-002  0.78539816371825966     
  -3.5426610571187567E-004 -0.41968837707978146       -2.7592343743739620E-014  -3.5983172382031303E-002  0.78539816371912119     
  -3.8532985041328516E-004 -0.44617941056429622       -2.1765277204936240E-014  -4.2131776488601558E-002  0.78539816372007221     
  -4.1110304302849343E-004 -0.47050091377690251       -2.4342788223399571E-014  -4.8781689585756460E-002  0.78539816372111748     
  -4.3047730201317691E-004 -0.49249767764644581       -2.6099634208912588E-014  -5.5911155957581782E-002  0.78539816372226090     
  -4.4258191938562064E-004 -0.51209417051503614       -2.2955880653755220E-014  -6.3496684107669843E-002  0.78539816372350613     
  -4.4682811947449608E-004 -0.52928064636963512       -2.1307459595694438E-014  -7.1514011408800204E-002  0.78539816372485771     
  -4.4295390085125064E-004 -0.54410244309785405       -1.8188152569844316E-014  -7.9939076226466899E-002  0.78539816372631965     
  -4.3106325027375547E-004 -0.55665387313709935       -1.2537436559722350E-014  -8.8749196581266121E-002  0.78539816372789584     
  -4.1164725709119665E-004 -0.56707597653025488       -5.1291295636235646E-015  -9.7924546996331019E-002  0.78539816372959081     
  -3.8557297482944008E-004 -0.57555610490557996       -2.5318716983123847E-015 -0.10744988274127798       0.78539816373140869     
  -3.5402958818853136E-004 -0.58232691573235584       -4.0776568305033531E-015 -0.11731632890613586       0.78539816373335336     
  -3.1842969187056980E-004 -0.58766273320474127        3.0400116936658563E-015 -0.12752296703612265       0.78539816373542926     
  -2.8027350621195879E-004 -0.59187211776353443        3.0739674480698000E-015 -0.13807793641940247       0.78539816373764160     
  -2.4099245290365445E-004 -0.59528657940803775        5.7142205920493872E-015 -0.14899882409947596       0.78539816373999360     
  -2.0179267554931712E-004 -0.59824637483779242        9.4350243136446699E-015 -0.16031223109882342       0.78539816374249061     
  -1.6351754413923558E-004 -0.60108500629843498       -7.8723233533417366E-016 -0.17205254013279969       0.78539816374513727     
  -1.2654176216297941E-004 -0.60411425886867498        7.0660784964920934E-015 -0.18426003384971912       0.78539816374793781     
  -9.0701181803876096E-005 -0.60761137613489424        4.1598269197870598E-015 -0.19697859034100773       0.78539816375089777     
  -5.5255294767686536E-005 -0.61180940786978510       -5.1295008048244770E-015 -0.21025319875358006       0.78539816375402149     
  -1.8876350055929692E-005 -0.61689106760482737       -1.4837461665830618E-014 -0.22412749767603213       0.78539816375731453     
   2.0338964626276379E-005 -0.62298581766696159       -2.1775854030576575E-014 -0.23864146490687066       0.78539816376078209     
   6.4833590432744614E-005 -0.63016950210709588       -1.7588374252256885E-014 -0.25382930931702763       0.78539816376443028     
   1.1752174428036888E-004 -0.63846573053306521       -3.4101962399612077E-014 -0.26971756051913109       0.78539816376826432     
   1.8167596610352277E-004 -0.64784834337566544       -1.4130609340056656E-014 -0.28632333485164807       0.78539816377229021     
   2.6075838416828034E-004 -0.65824456353998428       -1.4414685582967074E-014 -0.30365277644167143       0.78539816377651439     
   3.5819166864814456E-004 -0.66953874082816967       -2.3779779588940513E-014 -0.32169971650363882       0.78539816378094329     
   4.7707595902424238E-004 -0.68157682146339660       -2.1516011904766223E-014 -0.34044464222537751       0.78539816378558380     
   6.1987035513433320E-004 -0.69417176569466221       -3.0285375399004233E-014 -0.35985409848721917       0.78539816379044358     
   7.8806773491679749E-004 -0.70711008397402253       -5.8470805202909492E-014 -0.37988064790463927       0.78539816379552985     
   9.8189705988827036E-004 -0.72015950178850829       -5.7311057663929827E-014 -0.40046348378214702       0.78539816380085015     
   1.2000865553964957E-003 -0.73307755588455592       -6.3944980561226460E-014 -0.42152973308636987       0.78539816380641370     
   1.4397147196461013E-003 -0.74562073503114767       -4.8695152512371733E-014 -0.44299641606860352       0.78539816381222882     
   1.6961660174708015E-003 -0.75755365680683973       -6.6620635468742542E-014 -0.46477296168403903       0.78539816381830518     
   1.9631971382052527E-003 -0.76865774269128906       -9.0765654243171361E-014 -0.48676412733050345       0.78539816382465211     
   2.2331104589090600E-003 -0.77873891317793387       -7.1452349234304980E-014 -0.50887314520539828       0.78539816383128025     
   2.4970253861882341E-003 -0.78763394780099460       -5.5760242466662389E-014 -0.53100491694194574       0.78539816383820038     
   2.7452356873327588E-003 -0.79521530425838094       -1.0264581620557295E-013 -0.55306909700010820       0.78539816384542416     
   2.9676406078897877E-003 -0.80139433107242830       -9.7281559080893906E-014 -0.57498293477254414       0.78539816385296413     
   3.1542374474198276E-003 -0.80612291304700179       -9.0257555757540417E-014 -0.59667377548822653       0.78539816386083228     
   3.2956615349144514E-003 -0.80939364853675855       -9.0442529452733998E-014 -0.61808114405931036       0.78539816386904282     
   3.3837550621154122E-003 -0.81123867656505944       -6.4390861488045984E-014 -0.63915835096411389       0.78539816387760975     
   3.4121391867665274E-003 -0.81172726585447563       -3.5035513322969943E-014 -0.65987356684924148       0.78539816388654859     
   3.3767556110828600E-003 -0.81096226593146703       -3.3487367638187941E-014 -0.68021031752731975       0.78539816389587491     
   3.2763367458361614E-003 -0.80907551898891228       -5.8167068734160574E-014 -0.70016735882338388       0.78539816390560568     
   3.1127597970996845E-003 -0.80622234941206372       -5.6684036270357220E-014 -0.71975790629969882       0.78539816391575901     
   2.8912415020574400E-003 -0.80257528563191727       -4.2199399699538999E-014 -0.73900821970792929       0.78539816392635375     
   2.6203373877065061E-003 -0.79831721860860938       -6.5784511775906875E-014 -0.75795557501653565       0.78539816393740947     
   2.3117216313783828E-003 -0.79363425100303076       -6.7267864346246380E-014 -0.77664569419709739       0.78539816394894735     
   1.9797392244846890E-003 -0.78870852834720928       -7.4275447299348309E-014 -0.79512973911360163       0.78539816396098949     
   1.6407392867225923E-003 -0.78371135943156567       -6.9539028356200383E-014 -0.81346100582700487       0.78539816397355899     
   1.3122144855302054E-003 -0.77879692389799260       -6.4831716518757525E-014 -0.83169147579159208       0.78539816398667950     
   1.0117855954918653E-003 -0.77409683215270775       -6.6342598600153573E-014 -0.84986838875060844       0.78539816400037765     
   7.5608128193849211E-004 -0.76971575232739298       -1.7868567645454080E-014 -0.86803099982019294       0.78539816401467888     
   5.5957118319760468E-004 -0.76572825869488881       -1.0294564673564427E-013 -0.88620767152426438       0.78539816402961193     
   4.3341594813384177E-004 -0.76217699353725088       -6.7227104367136836E-014 -0.90441343388544393       0.78539816404520502     
   3.8440124289529365E-004 -0.75907217500735413       -7.6615543459678521E-014 -0.92264812374876026       0.78539816406148910     
   4.1402429589254552E-004 -0.75639243025614533       -9.4916465187701299E-014 -0.94089519037656899       0.78539816407849483     
   5.1780036610082902E-004 -0.75408688564898263       -1.0576232857431746E-013 -0.95912122804772970       0.78539816409625518     
   6.8485258350925449E-004 -0.75207840343310295       -1.1700319491944677E-013 -0.97727626783153099       0.78539816411480312     
   8.9784003407977764E-004 -0.75026781495097161       -1.4831093785460639E-013 -0.99529482959595761       0.78539816413417307     
   1.1332657442597593E-003 -0.74853896376103712       -1.5375583257171015E-013  -1.0130977009580349       0.78539816415440122     
   1.3621876571772162E-003 -0.74676433878639692       -1.9146568378471368E-013  -1.0305943740304677       0.78539816417552344     
   1.5513325962590585E-003 -0.74481105008004533       -2.1986401849941871E-013  -1.0476860347129247       0.78539816419757724     
   1.6645871531757450E-003 -0.74254688063383512       -2.4782204505250196E-013  -1.0642689656064874       0.78539816422060005     
   1.6648120273572431E-003 -0.73984614077761179       -1.9926468293631646E-013  -1.0802381960520950       0.78539816424463094     
   1.5159003322544606E-003 -0.73659505850148932       -2.4145797920068579E-013  -1.0954912136925010       0.78539816426970877     
   1.1849778240442532E-003 -0.73269646085360485       -2.9734985219074035E-013  -1.1099315435720332       0.78539816429587317     
   6.4462575699586466E-004 -0.72807353754529380       -3.4290400969138313E-013  -1.1234720047662226       0.78539816432316389     
  -1.2500331482812044E-004 -0.72267252540009608       -2.3027180471095229E-013  -1.1360374697812450       0.78539816435162069     
  -1.1343094686022681E-003 -0.71646420888130002       -3.4321280763776457E-013  -1.1475669789822760       0.78539816438128396     
  -2.3827368785145353E-003 -0.70944419280383997       -2.4921387153223402E-013  -1.1580150972712726       0.78539816441219368     
  -3.8577480032184752E-003 -0.70163196600896960       -2.4336417294347938E-013  -1.1673524427313176       0.78539816444438904     
  -5.5343757074428623E-003 -0.69306883494419580       -1.9024387912500393E-013  -1.1755653629682268       0.78539816447790956     
  -7.3754216815284934E-003 -0.68381486131464975       -1.6954816907023744E-013  -1.1826547825027021       0.78539816451279454     
  -9.3323368593303258E-003 -0.67394498602691044       -1.9972329148408711E-013  -1.1886342912728871       0.78539816454908151     
  -1.1346781766498282E-002 -0.66354455990789774       -1.2521541133283561E-013  -1.1935275873484290       0.78539816458680811     
  -1.3352824529505369E-002 -0.65270452839756921       -1.7106229141071782E-013  -1.1973654236923235       0.78539816462601042     
  -1.5279692483487040E-002 -0.64151653181903434       -1.8049981076892654E-013  -1.2001822379633289       0.78539816466672385     
  -1.7054953975492282E-002 -0.63006818266849685       -1.9116014288971479E-013  -1.2020126628122352       0.78539816470898161     
  -1.8607971923271904E-002 -0.61843876690959299       -1.8072486363967633E-013  -1.2028881207010711       0.78539816475281621     
  -1.9873443303355387E-002 -0.60669558791404121       -9.6268809799286929E-014  -1.2028337019713842       0.78539816479825775     
  -2.0794821730284241E-002 -0.59489113028232410       -1.2528567497482132E-013  -1.2018655060765058       0.78539816484533431     
  -2.1327414904973807E-002 -0.58306116897188076       -1.0793694096167682E-013  -1.1999885957441379       0.78539816489407110     
  -2.1440957451060783E-002 -0.57122389010058505       -1.7212147206837593E-013  -1.1971956739378946       0.78539816494449166     
  -2.1121480916518109E-002 -0.55938002696338351       -3.7176213762549251E-014  -1.1934665451154327       0.78539816499661685     
  -2.0372337821841668E-002 -0.54751395273473413       -6.8934626465669846E-014  -1.1887683712455326       0.78539816505046289     
  -1.9214282044082154E-002 -0.53559561354072116       -4.6833793468787882E-014  -1.1830566793738715       0.78539816510604354     
  -1.7684562504328483E-002 -0.52358313663452183       -1.2780060426249099E-013  -1.1762770287602855       0.78539816516336902     
  -1.5835047174412864E-002 -0.51142591087648182       -1.0569733000032987E-013  -1.1683672022113862       0.78539816522244399     
  -1.3729456401719631E-002 -0.49906791314039989        4.4245155486773055E-015  -1.1592597527315709       0.78539816528327022     
  -1.1439844740966265E-002 -0.48645104704083764        4.5391256278472226E-014  -1.1488847165187792       0.78539816534584428     
  -9.0425245157774725E-003 -0.47351826832721766        1.2789519434253301E-014  -1.1371722957922383       0.78539816541015717     
  -6.6136682762447663E-003 -0.46021629594832270       -1.0941521988905228E-013  -1.1240553240721995       0.78539816547619512     
  -4.2248579464114755E-003 -0.44649774518489949       -1.6416017931695243E-013  -1.1094713482865259       0.78539816554393815     
  -1.9388624929845832E-003 -0.43232256915995038       -1.1573478418335788E-013  -1.0933641990251530       0.78539816561336129     
   1.9407845815777591E-004 -0.41765875150579479       -1.2412392524922012E-013  -1.0756849655805505       0.78539816568443266     
   2.1392104249287058E-003 -0.40248225346710020       -4.5095644903456804E-014  -1.0563923453194120       0.78539816575711474     
   3.8792467363109040E-003 -0.38677627811589232       -5.3265317925359730E-014  -1.0354523926094394       0.78539816583136335     
   5.4152227021084798E-003 -0.37052996780548497       -1.6675375274810096E-013  -1.0128377447755135       0.78539816590712808     
   6.7661369566529572E-003 -0.35373669460144130       -2.2866204299017849E-013 -0.98852644879831963       0.78539816598435142     
   7.9673743006374309E-003 -0.33639213370781729       -2.5853230997343219E-013 -0.96250054717716793       0.78539816606296964     
   9.0679866385094954E-003 -0.31849232424367480       -2.3425308975384341E-013 -0.93474460215986799       0.78539816614291258     
   1.0126987680340704E-002 -0.30003191878489277       -2.6452382602776389E-013 -0.90524434196402126       0.78539816622410252     
   1.1208888376675219E-002 -0.28100280319528714       -2.6191562050630851E-013 -0.87398560004324866       0.78539816630645731     
   1.2378757054232636E-002 -0.26139323292246042       -4.3701748819768126E-013 -0.84095369037468926       0.78539816638988713     
   1.3697127067345605E-002 -0.24118758373683380       -4.8115105247462533E-013 -0.80613331993004866       0.78539816647429606     
   1.5215092321518853E-002 -0.22036675795669769       -5.2005366856398886E-013 -0.76950908754696168       0.78539816655958361     
   1.6969924526073044E-002 -0.19890922636576858       -5.3890542518417760E-013 -0.73106656162101236       0.78539816664564244     
   1.8981516606078941E-002 -0.17679262589049305       -5.6681161145411918E-013 -0.69079387143293447       0.78539816673236196     
   2.1249904249557972E-002 -0.15399577949580756       -5.6795110031466351E-013 -0.64868369392652125       0.78539816681962571     
   2.3754047171383519E-002 -0.13050096220751906       -4.6543438947907190E-013 -0.60473547618985157       0.78539816690731357     
   2.6451966905057134E-002 -0.10629620916639082       -4.9815714338681797E-013 -0.55895770370323916       0.78539816699530141     
   2.9282244930946888E-002  -8.1377451562223868E-002  -3.4925540321072274E-013 -0.51137001342682287       0.78539816708346377     
   3.2166791299747644E-002  -5.5750274923926035E-002  -4.5662869482309761E-013 -0.46200495654933649       0.78539816717167155     
   3.5014705474083030E-002  -2.9431121035871755E-002  -4.4357536664308694E-013 -0.41090923968351900       0.78539816725979450     
   3.7726975492780923E-002  -2.4477986884248182E-003  -4.1297864846344007E-013 -0.35814431487708021       0.78539816734770129     
   4.0201703707690939E-002   2.5160775754434539E-002  -4.0788537857024163E-013 -0.30378624108835650       0.78539816743526136     
   4.2339512642339372E-002   5.3345622014554728E-002  -5.4511997882943869E-013 -0.24792480284994500       0.78539816752234282     
   4.4048774506034505E-002   8.2049471010853026E-002  -5.3142464582990771E-013 -0.19066193564772949       0.78539816760881664     
   4.5250324604698022E-002  0.11120915453226310       -5.0723354886494864E-013 -0.13210957011774571       0.78539816769455628     
   4.5881360083168232E-002  0.14075843778808483       -5.7913522899859973E-013  -7.2387059634972495E-002  0.78539816777943705     
   4.5898287925847825E-002  0.17063108212286693       -6.0839771483872545E-013  -1.1618395449503716E-002  0.78539816786333838     
   4.5278365822504441E-002  0.20076390220889451       -5.8319699199712225E-013   5.0070565459716221E-002  0.78539816794614525     
   4.4020068739428098E-002  0.23109957886507182       -5.3387317170603699E-013  0.11255463276613575       0.78539816802774776     
   4.2142206809110405E-002  0.26158900704520960       -5.7338817984676483E-013  0.17571136867279691       0.78539816810804153     
   3.9681908729237492E-002  0.29219299510456764       -6.3820581064887457E-013  0.23942255765254661       0.78539816818692931     
   3.6691662583219653E-002  0.32288318603456823       -6.7185896069702953E-013  0.30357494607147295       0.78539816826432218     
   3.3235666239200157E-002  0.35364213630002439       -6.6783739763910256E-013  0.36806020184468480       0.78539816834013898     
   2.9385779380838528E-002  0.38446256019638803       -6.6145087173357168E-013  0.43277411499125229       0.78539816841430743     
   2.5217384058635162E-002  0.41534581896102374       -6.0581239241059828E-013  0.49761512815994635       0.78539816848676391     
   2.0805451899278182E-002  0.44629979927896457       -7.4029418473812902E-013  0.56248234646797535       0.78539816855745426     
   1.6221083989018226E-002  0.47733637858422462       -9.3366440697424934E-013  0.62727322239539163       0.78539816862633505     
   1.1528737649003418E-002  0.50846871045692410       -1.0603233524960956E-012  0.69188113990827205       0.78539816869337231     
   6.7842880215547297E-003  0.53970857870198330       -1.1454093422074672E-012  0.75619312835320329       0.78539816875854118     
   2.0339974603675870E-003  0.57106406257064002       -1.3994591586380255E-012  0.82008792302179678       0.78539816882182856     
  -2.6856115978137751E-003  0.60253772761375402       -1.5719875082568129E-012  0.88343455341788513       0.78539816888323077     
  -7.3470568973945660E-003  0.63412551073629864       -1.7621474957616902E-012  0.94609159026819789       0.78539816894275416     
  -1.1930508910255710E-002  0.66581640579755330       -1.9071149387755347E-012   1.0079071169031195       0.78539816900041459     
  -1.6421901713039588E-002  0.69759298648687817       -2.0468619348891942E-012   1.0687194233234667       0.78539816905623638     
  -2.0810756929268592E-002  0.72943272879345500       -2.0342779645171402E-012   1.1283583520396441       0.78539816911025395     
  -2.5087944355544067E-002  0.76131002526919644       -2.1750514374648316E-012   1.1866471636815135       0.78539816916250937     
  -2.9243591727448504E-002  0.79319872267180003       -2.3539370520976936E-012   1.2434047428909434       0.78539816921305272     
  -3.3265327879544060E-002  0.82507496840145222       -2.1589066889348464E-012   1.2984479335651482       0.78539816926194084     
  -3.7137000782060170E-002  0.85692012417354135       -2.2540540434089982E-012   1.3515937823735111       0.78539816930923712     
  -4.0837959995755568E-002  0.88872349877072310       -2.0108148673028045E-012   1.4026614788284455       0.78539816935500995     
  -4.4342936254368581E-002  0.92048466671382556       -2.1997039907060691E-012   1.4514738096835949       0.78539816939933127     
  -4.7622495827077671E-002  0.95221517403984279       -2.1377890976969961E-012   1.4978579911898287       0.78539816944227958     
  -5.0643997145122910E-002  0.98393948320579838       -2.0299564846014480E-012   1.5416458000425877       0.78539816948393382     
  -5.3372937403375786E-002   1.0156950715000654       -1.9915927107589342E-012   1.5826729873281344       0.78539816952437547     
  -5.5774549937289031E-002   1.0475316660222909       -1.7028201219296113E-012   1.6207780240605647       0.78539816956368558     
  -5.7815500155327548E-002   1.0795096668339568       -1.3894816364491660E-012   1.6558002845433357       0.78539816960194653     
  -5.9465529837584796E-002   1.1116978730578921       -1.3342191342456031E-012   1.6875778210254566       0.78539816963923825     
  -6.0698914251796410E-002   1.1441706786799699       -1.3775848854573206E-012   1.7159449153240001       0.78539816967563947     
  -6.1495622810245898E-002   1.1770049420815312       -1.2361898323160952E-012   1.7407296076277525       0.78539816971122256     
  -6.1842107077321629E-002   1.2102767529161476       -1.1433241438196080E-012   1.7617513993547451       0.78539816974606036     
  -6.1731677925888739E-002   1.2440583206742630       -1.1046158589778579E-012   1.7788193059102149       0.78539816978021670     
  -6.1164470971714735E-002   1.2784151922857880       -8.7109332154791780E-013   1.7917304001779559       0.78539816981375099     
  -6.0147033995000321E-002   1.3134039729431208       -8.3425663704931016E-013   1.8002689412996311       0.78539816984671607     
  -5.8691598054620542E-002   1.3490706786488964       -8.1951716824883064E-013   1.8042061311912398       0.78539816987915789     
  -5.6815114031086633E-002   1.3854497948158802       -7.1381761449615354E-013   1.8033004882526367       0.78539816991111344     
  -5.4538146711774260E-002   1.4225640581590184       -7.8209130442866865E-013   1.7972987788316512       0.78539816994261413     
  -5.1883719539516981E-002   1.4604249224378556       -7.2290440399871144E-013   1.7859374058967470       0.78539816997368028     
  -4.8876195570570768E-002   1.4990336190283422       -5.8456281183360241E-013   1.7689441256535652       0.78539817000432643     
  -4.5540265604232300E-002   1.5383826824016609       -4.3130125458984594E-013   1.7460399469715764       0.78539817003455747     
  -4.1900095007498361E-002   1.5784577827517658       -1.3804997947925558E-013   1.7169410673154637       0.78539817006437240     
  -3.7978659057327668E-002   1.6192396938509468       -2.1119516163297849E-013   1.6813607108150084       0.78539817009376167     
  -3.3797274956450574E-002   1.6607062247744793       -3.0010665244404356E-013   1.6390107581646411       0.78539817012271007     
  -2.9375319211090600E-002   1.7028339576101956       -5.5738025564294464E-014   1.5896030897014439       0.78539817015119628     
  -2.4730103977941731E-002   1.7455996588930738       -5.0862128896596654E-015   1.5328506007948262       0.78539817017919455     
  -1.9876875760159507E-002   1.7889812664518168        2.5326343619830139E-013   1.4684678866808989       0.78539817020667602     
  -1.4828895774423145E-002   1.8329583931086582       -7.1806506034295416E-015   1.3961716300536757       0.78539817023360836     
  -9.5975625170701129E-003   1.8775123302798420        7.5697698482435920E-014   1.3156807548264489       0.78539817025995928     
  -4.1925434602005929E-003   1.9226255748601488        2.5146422041267295E-013   1.2267164316427674       0.78539817028569547     
   1.3781072531662275E-003   1.9682809383402891        4.5888810031030995E-013   1.1290020329687573       0.78539817031078729     
   7.1078560034685268E-003   2.0144603261461498        5.7942819693567969E-013   1.0222631379366858       0.78539817033520631     
   1.2991619708234259E-002   2.0611432952331974        6.6140713475746518E-013  0.90622767954975059       0.78539817035892867     
   1.9025704514249453E-002   2.1083055083455235        7.0916218436616438E-013  0.78062631097137114       0.78539817038193593     
   2.5207729109815613E-002   2.1559172044274106        7.8996990309692287E-013  0.64519304561533919       0.78539817040421644     
   3.1536501577250187E-002   2.2039417964339059        8.3718943800891587E-013  0.49966619984289817       0.78539817042576576     
   3.8011815454501052E-002   2.2523346921145873        9.0260856360133111E-013  0.34378964014807711       0.78539817044658877     
   4.4634130841742836E-002   2.3010424119166970        1.0135531927918487E-012  0.17731431127537295       0.78539817046670013     
   5.1404110059721564E-002   2.3500020532995372        1.1400650764082899E-012  -2.9767656128661347E-014  0.78539817048613481     
