 force-1force-2force-3workmass
   3.1086244689504383E-015  -6.6613381477509392E-015  -2.1618456724884413E-014   0.0000000000000000       0.78539909798813146     
  -8.7041485130612273E-014  -1.2627024818239185E-003  -2.0769088634212449E-014  -1.8845834541162494E-007  0.78539909798813168     
   7.2830630415410269E-014  -5.1043505158974156E-003  -2.1667652081749883E-014  -3.0319842064373964E-006  0.78539909798813157     
   3.2862601528904634E-014  -1.1618182231348140E-002  -2.2797380043166822E-014  -1.5449277822133633E-005  0.78539909798813146     
   1.1368683772161603E-013  -2.0878060527464548E-002  -2.2288660297820516E-014  -4.9105198360611599E-005  0.78539909798813201     
  -1.1102230246251565E-014  -3.2940608479419708E-002  -2.0454101813924503E-014  -1.2043909975288473E-004  0.78539909798813101     
  -8.5709217501062085E-014  -4.7853195361156065E-002  -1.7086996423824966E-014  -2.5065503730171620E-004  0.78539909798813179     
   1.5232259897857148E-013  -6.5645961342612136E-002  -2.0371660651955102E-014  -4.6561039231281937E-004  0.78539909798813001     
   6.2172489379008766E-014  -8.6321780546106286E-002  -2.1837791490443636E-014  -7.9554152951294421E-004  0.78539909798813068     
  -6.1284310959308641E-014 -0.10985683625821263       -1.8880575951180940E-014  -1.2746963353131024E-003  0.78539909798812746     
   1.6209256159527285E-013 -0.13619283289416240       -2.2652329279603686E-014  -1.9407478687417587E-003  0.78539909798812824     
   6.1728400169158704E-014 -0.16523842910789677       -2.3491678542165947E-014  -2.8341282264514253E-003  0.78539909798812224     
   5.0182080713057076E-014 -0.19683986954086663       -1.9673543444373457E-014  -3.9966367111575890E-003  0.78539909798812346     
   3.1530333899354446E-014 -0.23075008666678487       -2.1770941888821490E-014  -5.4692962416975494E-003  0.78539909798811558     
   1.1590728377086634E-013 -0.26668393978948846       -1.9603014779505753E-014  -7.2916722817240875E-003  0.78539909798811691     
   5.6399329650957952E-014 -0.30435987680661869       -1.9394910487671732E-014  -9.5017349040564802E-003  0.78539909798810681     
   7.5939254884360707E-014 -0.34330317182604775       -2.1918158969816269E-014  -1.2128214454270744E-002  0.78539909798810803     
   1.8207657603852567E-014 -0.38251633651375982       -2.2819630871699594E-014  -1.5172606116902285E-002  0.78539909798808971     
  -3.0642155479654321E-014 -0.42045468296080113       -2.1050892111822289E-014  -1.8595028808624292E-002  0.78539909798809038     
   1.2878587085651816E-014 -0.45549643199124246       -2.2844716040275164E-014  -2.2321944272054806E-002  0.78539909798807428     
   8.2156503822261584E-014 -0.48655023027992872       -2.1927704969073261E-014  -2.6273712435116087E-002  0.78539909798807506     
  -6.9277916736609768E-014 -0.51329998173184421       -2.1351265178756905E-014  -3.0389540443446966E-002  0.78539909798806828     
   6.4392935428259079E-014 -0.53597414571974156       -2.2323613012893748E-014  -3.4631433451535520E-002  0.78539909798806162     
  -1.2745360322696797E-013 -0.55493510713042671       -2.0167850966785093E-014  -3.8970179164457663E-002  0.78539909798805774     
  -5.5955240441107890E-014 -0.57041548424501665       -2.0462169552471518E-014  -4.3369830098116735E-002  0.78539909798805807     
  -1.3766765505351941E-014 -0.58248706521558713       -2.4020848904558578E-014  -4.7782142068465872E-002  0.78539909798805818     
   5.5955240441107890E-014 -0.59115229639764966       -2.0495693084266633E-014  -5.2150273283608106E-002  0.78539909798805585     
   1.8651746813702630E-014 -0.59644017710398956       -1.8947989358968227E-014  -5.6415934361866871E-002  0.78539909798805319     
  -9.7699626167013776E-015 -0.59846935906374910       -1.9926801131677134E-014  -6.0526797098271135E-002  0.78539909798805263     
   5.7731597280508140E-014 -0.59747669908168310       -1.8090753717845938E-014  -6.4442791178727088E-002  0.78539909798805174     
  -2.6378899065093719E-013 -0.59380520053423691       -2.0107585587394137E-014  -6.8139146761303893E-002  0.78539909798805185     
  -8.4376949871511897E-014 -0.58787556437978061       -2.0418544044215458E-014  -7.1607211901516754E-002  0.78539909798805163     
   3.9968028886505635E-014 -0.58020837961149985       -2.1188348634274148E-014  -7.4860805970993982E-002  0.78539909798805319     
  -1.4654943925052066E-014 -0.57152742591329631       -2.0208385411022208E-014  -7.7954769194150786E-002  0.78539909798805629     
   6.5725203057809267E-014 -0.56286146122902458       -1.9709212841186884E-014  -8.1008147223003701E-002  0.78539909798805674     
   2.3092638912203256E-014 -0.55549843968651968       -1.7284540341150787E-014  -8.4210091591228275E-002  0.78539909798805585     
   1.1990408665951691E-014 -0.55073008242627797       -1.4660773956373521E-014  -8.7790780979408789E-002  0.78539909798806218     
   1.5543122344752192E-014 -0.54949917213770894       -1.9677585802468895E-014  -9.1964318823760105E-002  0.78539909798806840     
   1.4654943925052066E-014 -0.55216563041958011       -1.7504080233137388E-014  -9.6875251194593393E-002  0.78539909798807162     
  -1.2789769243681803E-013 -0.55853810161147432       -1.5074850177427689E-014 -0.10258152664554077       0.78539909798807139     
   8.8817841970012523E-014 -0.56813346846393875       -1.3376609865647041E-014 -0.10908162594507498       0.78539909798807095     
   1.0347278589506459E-013 -0.58048444042778957       -1.9261769838745675E-014 -0.11636347556482540       0.78539909798806939     
   1.1635137298071641E-013 -0.59531917136655332       -2.0350348049935407E-014 -0.12444194766743455       0.78539909798806473     
   5.2846615972157451E-014 -0.61255498724226243       -2.2688567975613900E-014 -0.13336531868363877       0.78539909798806029     
  -3.0198066269804258E-014 -0.63216951589427239       -1.8731157718664089E-014 -0.14319398138424577       0.78539909798806251     
   8.3044682241961709E-014 -0.65405744518311071       -2.5242918517228776E-014 -0.15396921045513468       0.78539909798806318     
  -1.3677947663381929E-013 -0.67794939472626314       -2.1484356911591505E-014 -0.16568947617231178       0.78539909798804919     
  -5.4622972811557702E-014 -0.70340573131433359       -2.1725336866374409E-014 -0.17830121913931796       0.78539909798803420     
   1.1324274851176597E-013 -0.72984620227769081       -2.0161952103111275E-014 -0.19169848410544932       0.78539909798802443     
   3.4194869158454821E-014 -0.75656345930316427       -1.8312685763096319E-014 -0.20571962905036423       0.78539909798802654     
   4.9293902293356950E-014 -0.78270267609465005       -1.7610037760735407E-014 -0.22013512765162124       0.78539909798802787     
   9.1926466438962962E-014 -0.80724724995470698       -1.9111060863730238E-014 -0.23463589835452325       0.78539909798801588     
  -3.9079850466805510E-014 -0.82908119497454535       -1.9231084037164074E-014 -0.24884374618444183       0.78539909798800644     
  -1.0880185641326534E-013 -0.84716274935191427       -2.1130770970764184E-014 -0.26235973796298084       0.78539909798800256     
   1.6875389974302379E-014 -0.86075718373535670       -1.9387210909746566E-014 -0.27484149028106775       0.78539909798800189     
  -2.9309887850104133E-014 -0.86960866735606857       -2.2934896998349304E-014 -0.28607407628929060       0.78539909798800167     
  -2.6645352591003757E-015 -0.87394452425105262       -1.7950639461293218E-014 -0.29599452302953821       0.78539909798800289     
  -7.3274719625260332E-014 -0.87429928941656510       -2.2267076704344344E-014 -0.30465417746847279       0.78539909798800145     
   5.3290705182007514E-015 -0.87125378638056006       -2.1697698052318167E-014 -0.31214060903141561       0.78539909798800223     
  -5.3290705182007514E-014 -0.86522911326744278       -2.0038738616971530E-014 -0.31850446395227783       0.78539909798800256     
  -1.5099033134902129E-014 -0.85643045356610470       -1.9656550814125777E-014 -0.32373071144799170       0.78539909798800234     
  -6.3504757008558954E-014 -0.84493951762064023       -1.6394152320288234E-014 -0.32776407927317486       0.78539909798800112     
  -1.5987211554602254E-014 -0.83087503725635958       -1.5911510004985366E-014 -0.33056695707259109       0.78539909798800578     
   1.3855583347321954E-013 -0.81452422975808769       -1.6551135624664506E-014 -0.33217499512773863       0.78539909798801089     
   1.6742163211347361E-013 -0.79639186461432709       -1.7771174282912092E-014 -0.33272614990094884       0.78539909798801189     
  -4.4853010194856324E-014 -0.77717622755179239       -1.9348356460345162E-014 -0.33246141809238949       0.78539909798801033     
   5.8175686490358203E-014 -0.75771686366527780       -1.5375510158940131E-014 -0.33171177314165678       0.78539909798800844     
  -3.9523939676655573E-014 -0.73894840809590034       -2.1036839316498290E-014 -0.33088465554326185       0.78539909798802032     
   2.3536728122053319E-014 -0.72185617695608029       -1.6793211352623569E-014 -0.33044843326224727       0.78539909798803187     
   1.5232259897857148E-013 -0.70740141749734553       -2.2085590301289036E-014 -0.33089992311025118       0.78539909798802765     
  -1.8651746813702630E-014 -0.69639570277290641       -2.1755375254498462E-014 -0.33270304699975872       0.78539909798802610     
  -3.3750779948604759E-014 -0.68934957018121867       -1.9670420305821639E-014 -0.33620733198268549       0.78539909798803909     
   3.9968028886505635E-015 -0.68636359909301570       -1.8739036714004115E-014 -0.34157845417902744       0.78539909798805008     
   7.9047879353311146E-014 -0.68713135763862310       -2.1467875144681933E-014 -0.34877911621255131       0.78539909798805430     
  -9.4591001698063337E-014 -0.69107316909745098       -2.3449950803030122E-014 -0.35761792569088735       0.78539909798805385     
   1.4077627952246985E-013 -0.69754711528068336       -1.9392335328414106E-014 -0.36784711157380223       0.78539909798805441     
   5.8175686490358203E-014 -0.70603742875260389       -1.9006537543882680E-014 -0.37926071352817914       0.78539909798804852     
   1.8651746813702630E-014 -0.71623233050502444       -2.3174087072174777E-014 -0.39174345222780804       0.78539909798803986     
  -6.8389738316909643E-014 -0.72796599754928515       -1.7455305187127944E-014 -0.40524847931172059       0.78539909798803431     
   6.8833827526759706E-014 -0.74107209841273169       -1.6501279232291014E-014 -0.41972156018209450       0.78539909798803587     
   5.3290705182007514E-014 -0.75523466547067875       -1.7290877398541508E-014 -0.43501516731110645       0.78539909798803720     
  -3.2418512319054571E-014 -0.76990750720569423       -2.2759662430273206E-014 -0.45083416156380918       0.78539909798802676     
   7.1054273576010019E-015 -0.78432347335875940       -2.0733896786899348E-014 -0.46673050658549275       0.78539909798801899     
  -2.6645352591003757E-015 -0.79756729280424032       -2.3866320928111819E-014 -0.48213720478126931       0.78539909798801599     
  -2.7089441800853820E-014 -0.80866973582092605       -2.3152414904113403E-014 -0.49641970806786540       0.78539909798801477     
  -2.6645352591003757E-014 -0.81669784912575993       -2.2045374765913476E-014 -0.50893036904427147       0.78539909798801399     
  -4.6185277824406512E-014 -0.82084209456462176       -2.0019789336338868E-014 -0.51906606523469523       0.78539909798801844     
   3.5527136788005009E-014 -0.82050931178529485       -1.7786995453286573E-014 -0.52633436463152017       0.78539909798802265     
  -3.5527136788005009E-015 -0.81541292893228068       -1.8632977079713602E-014 -0.53042284861872702       0.78539909798802654     
  -1.7763568394002505E-015 -0.80562631736073254       -2.2879264629901147E-014 -0.53124872447954963       0.78539909798802721     
  -4.3076653355456074E-014 -0.79155894865710108       -2.2181113560469304E-014 -0.52895926744010269       0.78539909798802687     
   8.2600593032111647E-014 -0.77384172036840804       -1.2364570040677355E-014 -0.52386898366081058       0.78539909798802587     
  -8.2156503822261584E-014 -0.75315507140176008       -1.9911845654813536E-014 -0.51635106647190354       0.78539909798802898     
   1.1368683772161603E-013 -0.73007060035133353       -2.2337327072737564E-014 -0.50672904495070936       0.78539909798803231     
   2.9753977059954195E-014 -0.70497690303699878       -2.2857719522812217E-014 -0.49521948526117754       0.78539909798803342     
   4.3964831775156199E-014 -0.67811975738893748       -1.9870700642465290E-014 -0.48195242632176960       0.78539909798803165     
   1.7585932710062480E-013 -0.64972880218402684       -2.4303339217430493E-014 -0.46705624999237827       0.78539909798804453     
  -1.2878587085651816E-014 -0.62016169533205900       -2.2223923131931861E-014 -0.45076158248405163       0.78539909798805818     
   4.4853010194856324E-014 -0.58999492852232871       -2.1593794807986956E-014 -0.43347281395492621       0.78539909798806851     
   2.7977620220553945E-014 -0.56002481222418465       -1.6813201275914531E-014 -0.41577684123414738       0.78539909798806473     
   1.1102230246251565E-014 -0.53118810681206696       -2.4375647746542481E-014 -0.39839108010903423       0.78539909798806207     
  -2.5757174171303632E-014 -0.50444155677823677       -1.9718575865353959E-014 -0.38207626781158144       0.78539909798808183     
   7.5939254884360707E-014 -0.48064097345461887       -2.0918003926115512E-014 -0.36754326855490271       0.78539909798809648     
  -1.3589129821411916E-013 -0.46044242235525124       -1.9316807550266400E-014 -0.35537164867529158       0.78539909798810825     
  -5.6843418860808015E-014 -0.44423044668429856       -1.9253347762759672E-014 -0.34594534881628780       0.78539909798810570     
  -1.1768364061026659E-013 -0.43207497520502258       -2.2065214631864450E-014 -0.33940839536652234       0.78539909798810459     
   1.8030021919912542E-013 -0.42372690244900602       -2.1055612572812308E-014 -0.33565018105215128       0.78539909798811036     
   5.1514348342607263E-014 -0.41866731452889105       -1.7318507689586401E-014 -0.33433421536187380       0.78539909798811114     
  -6.7057470687359455E-014 -0.41621379987100582       -2.2031307016077698E-014 -0.33497552555697840       0.78539909798810914     
  -9.3702823278363212E-014 -0.41566064049273344       -2.0885164072260100E-014 -0.33705017275663574       0.78539909798811114     
  -1.1013412404281553E-013 -0.41640457667806929       -1.8419944940058315E-014 -0.34009843800181594       0.78539909798811158     
   1.6564527527407336E-013 -0.41800421426603140       -2.4113464663662450E-014 -0.34377784742510853       0.78539909798810459     
  -1.4477308241112041E-013 -0.42014687227350578       -2.2090643149096940E-014 -0.34784127614272187       0.78539909798810026     
  -1.9673151996357774E-013 -0.42254017904802454       -2.3212947404918127E-014 -0.35205086439373545       0.78539909798809826     
  -7.7715611723760958E-014 -0.42478270924374906       -2.0116680058441238E-014 -0.35607070776189831       0.78539909798809782     
   1.3322676295501878E-014 -0.42627725512465853       -2.5407573203541699E-014 -0.35939168956275536       0.78539909798809726     
   4.5297099404706387E-014 -0.42622760716719954       -1.9051896570997123E-014 -0.36132507696863359       0.78539909798810170     
   1.3233858453531866E-013 -0.42371960795631081       -1.8871365865789806E-014 -0.36106853265380012       0.78539909798810725     
  -1.3766765505351941E-014 -0.41785276387680392       -1.9470612236004118E-014 -0.35781818587956904       0.78539909798811158     
   7.9936057773011271E-014 -0.40787621945109409       -1.5089053995900901E-014 -0.35088805997655426       0.78539909798811292     
   1.5232259897857148E-013 -0.39329303614865818       -1.8459590457233407E-014 -0.33980518323244002       0.78539909798811225     
  -1.7408297026122455E-013 -0.37391684621237475       -1.5468736844133542E-014 -0.32436510531467100       0.78539909798811169     
   1.4743761767022079E-013 -0.34988045904225284       -2.2574166199919807E-014 -0.30464581401451074       0.78539909798811314     
  -3.1086244689504383E-015 -0.32160099337367543       -2.2549048335364212E-014 -0.28098270751032794       0.78539909798811247     
   1.7763568394002505E-014 -0.28970584415986300       -2.0120754367191225E-014 -0.25390747240871736       0.78539909798811358     
  -5.6843418860808015E-014 -0.25492765485477120       -2.1629752479500511E-014 -0.22405750914969635       0.78539909798811369     
  -1.3233858453531866E-013 -0.21798811777608451       -2.1447367490659291E-014 -0.19207325435862677       0.78539909798811047     
   2.4558133304708463E-013 -0.17950323018278880       -1.5057059691083332E-014 -0.15851261607909661       0.78539909798810736     
   2.7977620220553945E-013 -0.13994434165469460       -2.1108232910932590E-014 -0.12381379705821072       0.78539909798810692     
  -6.5281113847959205E-014  -9.9672346642242893E-002  -1.8180630515867187E-014  -8.8322980465207035E-002  0.78539909798810648     
   1.8829382497642655E-013  -5.9031429980374472E-002  -1.8854509551972105E-014  -5.2375636250079349E-002  0.78539909798810559     
  -1.0036416142611415E-013  -1.8459520866092927E-002  -1.5151878353819619E-014  -1.6393563594913285E-002  0.78539909798811125     
  -3.2418512319054571E-014   2.1437959850748367E-002  -2.1316564294917941E-014   1.9050285634405917E-002  0.78539909798811913     
  -1.1057821325266559E-013   5.9889360625166255E-002  -1.9514287198501295E-014   5.3233990729953717E-002  0.78539909798812446     
   1.4210854715202004E-013   9.6038254585061544E-002  -2.0139190716873489E-014   8.5360913516814740E-002  0.78539909798814789     
  -1.9806378759312793E-013  0.12907665400844825       -2.0101254764682419E-014  0.11468057344106386       0.78539909798815177     
  -8.8817841970012523E-016  0.15838384263295957       -1.6620008277590747E-014  0.14061444256027933       0.78539909798816399     
  -1.1501910535116622E-013  0.18362877927213406       -1.7077591532194199E-014  0.16284847437299321       0.78539909798816465     
   3.6859404417555197E-014  0.20481328092918583       -1.6869997991970692E-014  0.18137158167371847       0.78539909798815666     
  -5.9063864910058328E-014  0.22225483079065045       -1.5607933280081261E-014  0.19645899054605209       0.78539909798816199     
   5.1514348342607263E-014  0.23652189101869725       -1.4139076450417564E-014  0.20861230787848939       0.78539909798813579     
   2.2071233729548112E-013  0.24833943002845649       -1.9499275468511159E-014  0.21847270222151005       0.78539909798812890     
   2.3225865675158275E-013  0.25848298836393369       -2.0838876202758937E-014  0.22672421751561833       0.78539909798813101     
  -1.6298074001497298E-013  0.26768109712690968       -1.9056784214768538E-014  0.23400540978258588       0.78539909798813179     
   8.8817841970012523E-015  0.27654806304304325       -9.5760154176989556E-015  0.24084902668094799       0.78539909798812579     
  -1.4743761767022079E-013  0.28556658760741804       -1.3590717294169448E-014  0.24766654705839830       0.78539909798812357     
   7.0610184366159956E-014  0.29512726441275738       -1.0931529645287791E-014  0.25478277711299935       0.78539909798812446     
  -1.4743761767022079E-013  0.30561094773027531       -1.7535547047986719E-014  0.26250689203776245       0.78539909798812291     
   1.8918200339612667E-013  0.31747939864607133       -2.1846664102086134E-014  0.27120868116979846       0.78539909798812224     
  -7.0610184366159956E-014  0.33133140565114960       -1.8452648377308242E-014  0.28136273653493493       0.78539909798812735     
   2.1982415887578100E-013  0.34789255889841186       -1.9244410778103004E-014  0.29353434657053290       0.78539909798813079     
   2.8554936193359026E-013  0.36793348377121138       -1.9258839563348896E-014  0.30830498760742753       0.78539909798813190     
   1.1102230246251565E-014  0.39214109095627414       -2.4294809961186751E-014  0.32616099955633260       0.78539909798812302     
  -2.6334490144108713E-013  0.42098596377817721       -2.1025026260507252E-014  0.34738383001943252       0.78539909798811880     
   6.7057470687359455E-014  0.45462850360910112       -2.3536713117451385E-014  0.37197795090997454       0.78539909798808050     
  -2.0872192862952943E-014  0.49288932391324281       -1.1548972373556181E-014  0.39965622773676968       0.78539909798806840     
   2.7089441800853820E-014  0.53528589288983142       -2.1189112752723558E-014  0.42988167714910208       0.78539909798800001     
  -1.7275070263167436E-013  0.58111840552883409       -1.5290276209689097E-014  0.46194859938663591       0.78539909798798213     
  -1.4210854715202004E-013  0.62957904959608690       -1.6609947933208010E-014  0.49507955891467503       0.78539909798789453     
   1.9850787680297799E-013  0.67985890547994465       -2.6887514145795227E-014  0.52851602442523804       0.78539909798787522     
  -1.4699352846037073E-013  0.73123128836271967       -2.0220786571235902E-014  0.56158562946256518       0.78539909798778862     
   3.2818192607919627E-013  0.78309607746962406       -2.4956317699098129E-014  0.59373502765464314       0.78539909798777052     
  -7.1942451995710144E-014  0.83497697536788129       -1.7278457870815308E-014  0.62452436863430316       0.78539909798769458     
   1.5543122344752192E-013  0.88647445589492291       -1.5194620671730318E-014  0.65358852996814898       0.78539909798767993     
   3.5171865420124959E-013  0.93719127505467981       -2.4161395081173581E-014  0.68058080641450402       0.78539909798761265     
  -4.9737991503207013E-014  0.98665994351178066       -2.8044283007702499E-014  0.70512269525533888       0.78539909798759910     
   1.2922996006636822E-013   1.0343055293215939       -2.6468530639463419E-014  0.72678374073263585       0.78539909798760033     
  -1.4788170688007085E-013   1.0794674287926527       -2.5404272560888814E-014  0.74510536125954929       0.78539909798760266     
   1.0347278589506459E-013   1.1214822188373055       -3.2030061349417543E-014  0.75966513946713676       0.78539909798758056     
   1.8651746813702630E-014   1.1598049121293785       -2.2781988276616996E-014  0.77016062321635559       0.78539909798755403     
  -2.2604140781368187E-013   1.1941293809473583       -2.7038107956947232E-014  0.77648262996102879       0.78539909798753860     
  -8.9261931179862586E-014   1.2244681101057138       -1.1389695728582561E-014  0.77875161616532451       0.78539909798754071     
   1.1102230246251565E-014   1.2511665879867730       -1.6238788268083728E-014  0.77730475911901609       0.78539909798754404     
   1.3766765505351941E-013   1.2748507760013155       -2.8892058421893445E-014  0.77263892971759773       0.78539909798752150     
  -1.0391687510491465E-013   1.2963268661415372       -1.5823874786335442E-014  0.76532804788637687       0.78539909798749696     
  -3.1841196346249490E-013   1.3164635511499538       -9.9156192807723896E-015  0.75593805476188480       0.78539909798748542     
  -7.5495165674510645E-014   1.3360868418028855       -1.7630638553876952E-014  0.74495926821035008       0.78539909798748564     
   6.6613381477509392E-015   1.3559094889522800       -1.5801908437515615E-014  0.73276772454440597       0.78539909798748575     
  -5.1292303737682232E-013   1.3765058963398049       -1.8987105181705893E-014  0.71961801152389415       0.78539909798747942     
   1.2079226507921703E-013   1.3983321116010337       -2.3366601624122349E-014  0.70566235720798853       0.78539909798747476     
   6.9722005946459831E-014   1.4217799431329849       -1.7465900160677808E-014  0.69098505236262664       0.78539909798747454     
  -8.7485574340462335E-014   1.4472450206166858       -2.0562897769689621E-014  0.67563801621602759       0.78539909798747254     
   1.5587531265737198E-013   1.4751827725845170       -2.1948293448066003E-014  0.65966338114770395       0.78539909798747343     
   2.2826185386293218E-013   1.5061271235171616       -2.0604478200137473E-014  0.64309331330319064       0.78539909798745711     
  -3.9523939676655573E-014   1.5406567009906449       -2.2718966836619775E-014  0.62592567922486952       0.78539909798743401     
  -2.0916601783937949E-013   1.5793111072280164       -3.4050154651182004E-014  0.60808412975487869       0.78539909798741525     
   8.9261931179862586E-014   1.6224793398457487       -2.9620614504296929E-014  0.58937860003368203       0.78539909798742136     
  -1.1324274851176597E-013   1.6702954242942680       -2.3666602588576475E-014  0.56948346674842076       0.78539909798742658     
   1.1635137298071641E-013   1.7225763001935315       -1.6752143106768036E-014  0.54794463078635369       0.78539909798736518     
  -4.7073456244106637E-014   1.7788234616031260       -2.6930928983990729E-014  0.52421616119337677       0.78539909798729790     
   1.5409895581797173E-013   1.8382884494261784       -1.7303339138330689E-014  0.49771659768212984       0.78539909798725338     
  -1.1857181902996672E-013   1.9000819814585981       -1.8324155361478651E-014  0.46788901266773153       0.78539909798726282     
   1.4477308241112041E-013   1.9632949538541906       -2.0802477904389808E-014  0.43424943107327851       0.78539909798727092     
   3.5527136788005009E-014   2.0270996102957866       -1.5198184869790265E-014  0.39641402526550873       0.78539909798718943     
   2.2071233729548112E-013   2.0908088308711670       -1.8365854337884509E-014  0.35410356521399272       0.78539909798711027     
  -1.0658141036401503E-014   2.1538857653878933       -2.2071072514144440E-014  0.30713064835827136       0.78539909798706442     
  -3.6060043839825084E-013   2.2159100482223320       -2.3197005119921961E-014  0.25537920123751839       0.78539909798706931     
   2.5712765250318625E-013   2.2765176092404853       -2.8044665754966675E-014  0.19878608676827281       0.78539909798707619     
   2.4424906541753444E-014   2.3353372323970021       -2.6741311174975337E-014  0.13733184128832715       0.78539909798700602     
  -1.2700951401711791E-013   2.3919479199678659       -4.6262939258791958E-014   7.1042647183974586E-002  0.78539909798693075     
   4.7961634663806763E-014   2.4458760379441853       -2.5615417150086266E-014  -1.1948058727900178E-014  0.78539909798688823     
