 force-1force-2force-3workmass
   2.6645352591003757E-015   7.1054273576010019E-015  -1.9398089615056806E-014   0.0000000000000000       0.78539816362971748     
  -3.1086244689504383E-014  -2.9155561746421199E-003  -3.2844600015326400E-014  -4.3514675906498879E-007  0.78539816363012593     
  -2.7977620220553945E-014  -8.9159874724860089E-003  -2.9605966822185564E-014  -5.2960965586570236E-006  0.78539816362814530     
  -2.8421709430404007E-014  -1.7691494748348191E-002  -2.8170874599937928E-014  -2.3525265141609991E-005  0.78539816365013704     
  -1.0214051826551440E-014  -2.9107602478909200E-002  -2.9048870143853609E-014  -6.8461081030396498E-005  0.78539816364029380     
  -1.7763568394002505E-014  -4.3073538521571919E-002  -2.9269677864700944E-014  -1.5748762521949899E-004  0.78539816364030690     
  -2.8865798640254070E-014  -5.9514074482905244E-002  -2.8447578696708663E-014  -3.1173472214146569E-004  0.78539816364032700     
   1.4210854715202004E-014  -7.8355286995385853E-002  -3.0678461072327546E-014  -5.5575446183650512E-004  0.78539816364035486     
  -4.4408920985006262E-016  -9.9513569389030110E-002  -3.0158721989783315E-014  -9.1711705548927491E-004  0.78539816364039217     
   1.6875389974302379E-014 -0.12288560283857919       -2.8779545237520356E-014  -1.4258723711366994E-003  0.78539816364043913     
   5.8619775700208265E-014 -0.14833761456168837       -2.8581074926615128E-014  -2.1138110075040739E-003  0.78539816364049819     
   3.1974423109204508E-014 -0.17569106837298420       -2.7276212703066512E-014  -3.0134092819662783E-003  0.78539816364056914     
   2.1316282072803006E-014 -0.20470489563741090       -2.6201109190866414E-014  -4.1563282010219083E-003  0.78539816364065373     
   5.9952043329758453E-014 -0.23505890030687127       -2.7278521284540434E-014  -5.5714248197984984E-003  0.78539816364075266     
  -4.4408920985006262E-015 -0.26634616959078627       -2.7692199971810780E-014  -7.2824369689513113E-003  0.78539816364086690     
   1.3766765505351941E-014 -0.29808176849488177       -2.5563200934703381E-014  -9.3057402101996978E-003  0.78539816364099735     
   6.5281113847959205E-014 -0.32973002430631659       -2.6505486248699994E-014  -1.1648702298693636E-002  0.78539816364114479     
   1.3766765505351941E-014 -0.36074555975866929       -2.9419815273930313E-014  -1.4309062814217621E-002  0.78539816364130999     
   7.8159700933611020E-014 -0.39061784627612006       -2.9836552393958958E-014  -1.7275464869407897E-002  0.78539816364149395     
   6.6613381477509392E-015 -0.41890825067140902       -3.1191198121196818E-014  -2.0528913005340321E-002  0.78539816364169757     
  -3.9968028886505635E-015 -0.44527228213646630       -3.0399080911293232E-014  -2.4044703235369114E-002  0.78539816364192083     
   2.5757174171303632E-014 -0.46946557990570348       -3.1169834844337321E-014  -2.7794357559132177E-002  0.78539816364216519     
   3.9968028886505635E-015 -0.49133721412522569       -3.2022613502265784E-014  -3.1747262753487271E-002  0.78539816364243076     
  -6.7501559897209518E-014 -0.51081635708568029       -3.2552409712352636E-014  -3.5871950972252598E-002  0.78539816364271853     
   4.3076653355456074E-014 -0.52789817815583362       -3.2052288598352049E-014  -4.0137154281544740E-002  0.78539816364302861     
  -4.2188474935755949E-014 -0.54263286190326632       -3.3402623551233562E-014  -4.4512851953002475E-002  0.78539816364336157     
  -1.9095836023552692E-014 -0.55511915380565036       -3.5833003074125081E-014  -4.8971501510427062E-002  0.78539816364371817     
  -5.3734794391857577E-014 -0.56550172059959181       -3.1710984469503042E-014  -5.3489535372644115E-002  0.78539816364409842     
   6.5281113847959205E-014 -0.57397032889373989       -2.5673014677311334E-014  -5.8049063182997296E-002  0.78539816364450299     
  -1.0214051826551440E-014 -0.58075847132947800       -3.0365769400305408E-014  -6.2639592390272281E-002  0.78539816364493209     
  -2.9753977059954195E-014 -0.58613945182196758       -2.8957328334791620E-014  -6.7259502096570722E-002  0.78539816364538639     
   4.7961634663806763E-014 -0.59041881900536453       -3.2426269586245506E-014  -7.1916997481880962E-002  0.78539816364586568     
   3.2418512319054571E-014 -0.59392310980744334       -2.6708197691169235E-014  -7.6630335319796128E-002  0.78539816364637050     
  -5.5067062021407764E-014 -0.59698584310869762       -3.2754542068621333E-014  -8.1427227288957349E-002  0.78539816364690107     
  -3.2418512319054571E-014 -0.59993235621816154       -2.8645616769381333E-014  -8.6343464571630335E-002  0.78539816364745729     
   4.7961634663806763E-014 -0.60306528027781603       -3.0952138923367783E-014  -9.1420927332115376E-002  0.78539816364803983     
   8.1712414612411521E-014 -0.60665221152874338       -3.6575689513984223E-014  -9.6705215735374050E-002  0.78539816364864845     
  -3.5083047578154947E-014 -0.61091657838867874       -2.9056121390663549E-014 -0.10224315128827444       0.78539816364928350     
   1.5543122344752192E-014 -0.61603202379147959       -2.3459983680961550E-014 -0.10808035444611930       0.78539816364994475     
   6.7501559897209518E-014 -0.62212001552562057       -1.7433120994094926E-014 -0.11425902864144666       0.78539816365063242     
   3.9968028886505635E-014 -0.62925000591585345       -3.3191131724588823E-014 -0.12081600113584301       0.78539816365134651     
   3.1974423109204508E-014 -0.63744134009452580       -3.8036948293338813E-014 -0.12778101295434308       0.78539816365208681     
   4.0412118096355698E-014 -0.64666622590906364       -4.1267354548163016E-014 -0.13517522786667557       0.78539816365285342     
   1.7319479184152442E-014 -0.65685333546430513       -4.6465885259526787E-014 -0.14300994398395428       0.78539816365364601     
   5.7731597280508140E-014 -0.66789189487854550       -4.6393436993610603E-014 -0.15128552889272973       0.78539816365446447     
   4.9737991503207013E-014 -0.67963633843912952       -3.7684144561657556E-014 -0.15999064179568601       0.78539816365530901     
   4.6185277824406512E-014 -0.69191169964859078       -4.0239980270767826E-014 -0.16910183557071656       0.78539816365617887     
   8.9706020389712648E-014 -0.70451987647487790       -2.6111348150464255E-014 -0.17858363571851177       0.78539816365707438     
   5.5067062021407764E-014 -0.71724677325573261       -2.3380933561955662E-014 -0.18838916847625686       0.78539816365799475     
   1.0746958878371515E-013 -0.72987014249093640       -4.2727213196507033E-014 -0.19846136252267366       0.78539816365894000     
   5.6399329650957952E-014 -0.74216778480374579       -3.8028165833648261E-014 -0.20873468947605378       0.78539816365990955     
   8.1268325402561459E-014 -0.75392566017167617       -4.2932345865701833E-014 -0.21913735175540250       0.78539816366090331     
   2.7533531010703882E-014 -0.76494544063268499       -3.5156292347739534E-014 -0.22959378433325917       0.78539816366192072     
   2.2692958623338200E-013 -0.77505109132262007       -2.3870153156484338E-014 -0.24002731633665597       0.78539816366296133     
  -5.9063864910058328E-014 -0.78409418109347406       -2.7534411736796715E-014 -0.25036284021151012       0.78539816366402471     
  -1.4654943925052066E-013 -0.79195776305444809       -2.2194582943325866E-014 -0.26052935536481847       0.78539816366510995     
  -5.8619775700208265E-014 -0.79855879735223922       -1.7950477075974273E-014 -0.27046228195763433       0.78539816366621695     
   2.8288482667448989E-013 -0.80384918937516936       -4.7974117539259924E-015 -0.28010547024602328       0.78539816366734461     
  -9.8143715376863838E-014 -0.80781557559250849       -2.7676470674282834E-014 -0.28941285500522529       0.78539816366849258     
  -1.9717560917342780E-013 -0.81047800912986467       -3.2350443795247584E-014 -0.29834972018934725       0.78539816366966009     
  -1.0613732115416497E-013 -0.81188768955430568       -4.7704754272896481E-014 -0.30689354665152724       0.78539816367084625     
   1.3367085216486885E-013 -0.81212386274517279       -5.4940808961091351E-014 -0.31503441912389629       0.78539816367205006     
  -8.1268325402561459E-014 -0.81129000151982034       -8.1589138388317298E-014 -0.32277497226466423       0.78539816367327109     
   8.7929663550312398E-014 -0.80950937556685787       -5.3446020234308778E-014 -0.33012986361945540       0.78539816367450765     
   1.8207657603852567E-014 -0.80692013244745553       -8.6293373772774551E-014 -0.33712477597548585       0.78539816367575976     
   1.1013412404281553E-013 -0.80367003592382957       -9.4023601370074897E-014 -0.34379497255503910       0.78539816367702564     
   9.3258734068513149E-014 -0.79991103563638788       -9.9297391566768502E-014 -0.35018345335882639       0.78539816367830495     
   1.0613732115416497E-013 -0.79579386405146835       -1.1326255148875447E-013 -0.35633878590877188       0.78539816367959614     
  -3.9435121834685560E-013 -0.79146286542953170       -1.0178730110539457E-013 -0.36231270468486798       0.78539816368089821     
   4.3076653355456074E-014 -0.78705125352643002       -1.0774208385761690E-013 -0.36815758752236505       0.78539816368221027     
   1.3100631690576847E-013 -0.78267697023748539       -1.2470439903620004E-013 -0.37392392253095696       0.78539816368353121     
   4.2543746303635999E-013 -0.77843928043502864       -1.4909819853831068E-013 -0.37965787592610756       0.78539816368485926     
  -2.6378899065093719E-013 -0.77441619437689724       -1.5255111275768693E-013 -0.38539906095838283       0.78539816368619353     
  -9.8587804586713901E-014 -0.77066276440900339       -1.6078662429323549E-013 -0.39117859326376525       0.78539816368753290     
  -1.3278267374516872E-013 -0.76721026216203825       -1.7572490593610390E-013 -0.39701750088413590       0.78539816368887627     
   3.6681768733615172E-013 -0.76406620894493571       -1.5207606138277403E-013 -0.40292553987330582       0.78539816369022186     
   1.6653345369377348E-013 -0.76121520589519776       -1.7402523025206429E-013 -0.40890044972031347       0.78539816369156856     
  -2.4380497620768438E-013 -0.75862049127167097       -1.4071872132881692E-013 -0.41492766735616193       0.78539816369291537     
   2.0872192862952943E-013 -0.75622613764039670       -1.5043282001542782E-013 -0.42098050365848039       0.78539816369426063     
   7.7715611723760958E-014 -0.75395978982254874       -1.5277312438452272E-013 -0.42702077163163921       0.78539816369560311     
  -3.2462921240039577E-013 -0.75173583437339353       -2.0468912325643550E-013 -0.43299984059907359       0.78539816369694115     
  -2.8110846983508964E-013 -0.74945888230379332       -2.2528748779554762E-013 -0.43886007561646956       0.78539816369827364     
   7.7715611723760958E-014 -0.74702743945087136       -2.1333129237011875E-013 -0.44453660650378879       0.78539816369959947     
  -1.3899992268306960E-013 -0.74433763473612125       -2.2587327861690925E-013 -0.44995935748992721       0.78539816370091664     
  -9.6367358537463588E-014 -0.74128687644799029       -2.6377395764562773E-013 -0.45505525741888242       0.78539816370222448     
  -4.5652370772586437E-013 -0.73777731183061057       -3.0204603381199312E-013 -0.45975054297544560       0.78539816370352100     
   0.0000000000000000      -0.73371897570322453       -2.0467696797232447E-013 -0.46397306403774508       0.78539816370480520     
  -2.5401902803423582E-013 -0.72903252965048893       -2.8411488853730901E-013 -0.46765450163435851       0.78539816370607518     
   7.1498362785860081E-014 -0.72365151270842354       -3.1220049326836980E-013 -0.47073241441077762       0.78539816370733029     
   2.8954616482224083E-013 -0.71752404679220305       -2.3656817527916586E-013 -0.47315203888887147       0.78539816370856863     
   4.8316906031686813E-013 -0.71061396303116808       -2.1229510609581535E-013 -0.47486778079557723       0.78539816370978888     
   2.7133850721838826E-013 -0.70290133820065925       -2.3735379162313125E-013 -0.47584434899904160       0.78539816371098992     
   5.2358117841322382E-013 -0.69438245141880550       -2.2030652403298985E-013 -0.47605749857350865       0.78539816371217019     
   4.0367709175370692E-013 -0.68506919065397653       -2.5699456938173189E-013 -0.47549436525479116       0.78539816371332849     
   7.2919448257380282E-013 -0.67498795514323895       -3.1236420232215184E-013 -0.47415338894582959       0.78539816371446314     
   2.0605739337042905E-013 -0.66417811393691295       -3.5502463533495995E-013 -0.47204383891459756       0.78539816371557347     
   5.2224891078367364E-013 -0.65269009219118068       -3.3672305629642173E-013 -0.46918496739144544       0.78539816371665794     
   1.2212453270876722E-013 -0.64058316588387854       -3.1108306133441707E-013 -0.46560483135265507       0.78539816371771531     
   8.7485574340462335E-014 -0.62792305154795969       -2.8643448278192692E-013 -0.46133883351059524       0.78539816371874438     
   5.1514348342607263E-013 -0.61477938127729637       -2.4582618152597559E-013 -0.45642804322933195       0.78539816371974402     
   3.8191672047105385E-013 -0.60122315359207157       -2.2609913220947026E-013 -0.45091736519405501       0.78539816372071358     
   3.0730973321624333E-013 -0.58732424809330475       -2.4633843881486361E-013 -0.44485362811888507       0.78539816372165150     
   4.1344705437040830E-013 -0.57314908657566832       -2.2303388179295345E-013 -0.43828366760989468       0.78539816372255733     
   3.4461322684364859E-013 -0.55875851460894665       -2.1290013853706205E-013 -0.43125247567812863       0.78539816372342997     
  -2.6023627697213669E-013 -0.54420596700032142       -2.6657967778737589E-013 -0.42380148521343308       0.78539816372426885     
  -2.2382096176443156E-013 -0.52953596800143110       -2.4099979506128106E-013 -0.41596705086412555       0.78539816372507310     
  -4.2188474935755949E-013 -0.51478300281046785       -2.6430845460812386E-013 -0.40777917828027732       0.78539816372584192     
  -6.1639582327188691E-013 -0.49997078275325180       -3.6232218105222887E-013 -0.39926054304900305       0.78539816372657523     
  -3.1086244689504383E-014 -0.48511191137162157       -2.4375249486482997E-013 -0.39042582806246529       0.78539816372727222     
  -8.7529983261447342E-013 -0.47020794495304230       -3.1378532864173009E-013 -0.38128139553962193       0.78539816372793281     
  -2.0738966099997924E-013 -0.45524982750200138       -3.5024182470068903E-013 -0.37182529661225949       0.78539816372855664     
  -5.0404125317982107E-013 -0.44021866865090509       -2.6570178896691035E-013 -0.36204760894789345       0.78539816372914373     
  -5.4134474680722633E-013 -0.42508682260690556       -2.6993685103700192E-013 -0.35193108078354918       0.78539816372969373     
  -7.5806028121405689E-013 -0.40981921822108625       -3.0711704197014564E-013 -0.34145204923459715       0.78539816373020721     
  -4.9737991503207013E-014 -0.39437488365298456       -2.5860057007740163E-013 -0.33058159122304609       0.78539816373068461     
   1.0302869668521453E-013 -0.37870860549393370       -3.2317457026534958E-013 -0.31928685836314585       0.78539816373112536     
  -1.1608491945480637E-012 -0.36277265964713834       -3.0934829620747899E-013 -0.30753254121735196       0.78539816373153082     
   1.9451107391432743E-013 -0.34651855201441784       -2.6449704205700326E-013 -0.29528240554320107       0.78539816373190163     
   1.5498713423767185E-013 -0.32989870900447649       -3.2868957409634243E-013 -0.28250084188696967       0.78539816373223759     
   1.7852386235972517E-013 -0.31286806232838593       -3.4916912638448286E-013 -0.26915437131091124       0.78539816373254079     
   2.8377300509419001E-013 -0.29538547849143448       -3.4987957253791728E-013 -0.25521305341660039       0.78539816373281157     
   2.6556534749033744E-013 -0.27741499082813803       -4.1575209009937117E-013 -0.24065174818235135       0.78539816373305105     
   5.9507954119908391E-013 -0.25892680069377860       -4.4549922384389526E-013 -0.22545119033927996       0.78539816373326099     
   2.0472512574087887E-013 -0.23989802363201918       -4.5089117956659111E-013 -0.20959884327278644       0.78539816373344251     
   2.3314683517128287E-013 -0.22031316641064791       -3.8721218722057893E-013 -0.19308950906361844       0.78539816373359739     
   6.2971849956738879E-013 -0.20016433038763282       -4.9172175361123796E-013 -0.17592568100475958       0.78539816373372728     
   2.6201263381153694E-013 -0.17945114651899274       -4.3372108245799228E-013 -0.15811763531852385       0.78539816373383475     
   3.8546943414985435E-013 -0.15818045605199771       -4.7402197761859801E-013 -0.13968326851753332       0.78539816373392068     
  -2.2204460492503131E-015 -0.13636575905382031       -5.0103370984168108E-013 -0.12064769620224425       0.78539816373398819     
   2.8421709430404007E-013 -0.11402645993622862       -4.9899957586703053E-013 -0.10104263752928588       0.78539816373403926     
   6.5236704926974198E-013  -9.1186944611791887E-002  -4.4873624284963194E-013  -8.0905616606811392E-002  0.78539816373407656     
  -2.1049828546892968E-013  -6.7875528216283953E-002  -5.1220850571860556E-013  -6.0279017880496610E-002  0.78539816373410265     
  -7.9580786405131221E-013  -4.4123315005233366E-002  -5.8051589298036093E-013  -3.9209036673209852E-002  0.78539816373412086     
  -1.5867307467942737E-012  -1.9963013268007757E-002  -6.5010757188648345E-013  -1.7744568520310366E-002  0.78539816373413340     
  -1.9553247909698257E-012   4.5722524446532020E-003  -6.4863568185859519E-013   4.0639185623607688E-003  0.78539816373414428     
  -5.0714987764877151E-013   2.9450090918636818E-002  -6.0410441611124058E-013   2.6165485465867278E-002  0.78539816373415594     
  -7.0610184366159956E-013   5.4639918255849906E-002  -6.1648142411452873E-013   4.8509756546888383E-002  0.78539816373417259     
  -3.1219471452459402E-013   8.0113922774799562E-002  -6.4142882251369344E-013   7.1047850732471218E-002  0.78539816373419713     
  -1.8651746813702630E-013  0.10584789269695527       -6.6650236702282870E-013   9.3733177986214500E-002  0.78539816373423421     
  -2.0516921495072893E-013  0.13182188440178422       -7.3465636522843732E-013  0.11652207625509980       0.78539816373428673     
  -2.5668356329333619E-013  0.15802071537210693       -6.1619227522076284E-013  0.13937427095820176       0.78539816373435944     
  -3.8591352335970441E-013  0.18443427284410596       -7.2601863112823763E-013  0.16225314669480539       0.78539816373445603     
   1.9095836023552692E-014  0.21105763560748159       -6.3661875322215712E-013  0.18512582815093381       0.78539816373458171     
  -5.3423931944962533E-013  0.23789101316931749       -6.2718919021569010E-013  0.20796307478479648       0.78539816373473947     
  -2.0872192862952943E-014  0.26493951231703505       -4.9874110153705262E-013  0.23073900055104879       0.78539816373493487     
  -8.4598994476436928E-013  0.29221274675210829       -5.2319235254234775E-013  0.25343063626910123       0.78539816373517191     
   4.0589753780295723E-013  0.31972430999019430       -5.6339256335779867E-013  0.27601735736591415       0.78539816373545568     
   8.2600593032111647E-013  0.34749113558808631       -5.2898059520469805E-013  0.29848020396968522       0.78539816373579074     
   3.5083047578154947E-013  0.37553277148473541       -5.9221236306755324E-013  0.32080112323746235       0.78539816373618254     
  -3.5971225997855072E-014  0.40387059704695538       -5.7614981964608906E-013  0.34296216553275727       0.78539816373663551     
   2.0197177263980848E-012  0.43252701208437117       -5.2086482974006462E-013  0.36494466644618839       0.78539816373715432     
   1.1239897901305085E-012  0.46152462668193905       -4.7548939608655943E-013  0.38672844572683118       0.78539816373774507     
   2.7888802378583932E-013  0.49088547963685158       -5.0205343114063488E-013  0.40829105237507513       0.78539816373841176     
   2.8510527272374020E-013  0.52063031079614497       -5.1031543883743673E-013  0.42960708182630114       0.78539816373916027     
   5.7687188359523134E-013  0.55077790983000696       -5.9670200702108068E-013  0.45064758737872879       0.78539816373999560     
  -2.6334490144108713E-013  0.58134456034993320       -6.7629283301524266E-013  0.47137960335623852       0.78539816374092275     
   1.1355361095866101E-012  0.61234359407797001       -3.8975008784048219E-013  0.49176579228089068       0.78539816374194693     
   1.0835776720341528E-012  0.64378506551572023       -3.1842274494400324E-013  0.51176422307667657       0.78539816374307325     
   6.7457150976224511E-013  0.67567555291995163       -2.0704895255579900E-013  0.53132828184745051       0.78539816374430660     
   9.3924867883288243E-013  0.70801808674452538       -2.3971639944123233E-013  0.55040671146788789       0.78539816374565186     
  -1.1191048088221578E-013  0.74081220241575174       -3.8303946963574681E-013  0.56894377145529340       0.78539816374711457     
  -1.0853540288735530E-012  0.77405411022922621       -3.1990233022946644E-013  0.58687950529411026       0.78539816374869831     
   3.7969627442180354E-013  0.80773697124123345       -2.9570480872240755E-013  0.60415009858776081       0.78539816375040894     
  -7.1498362785860081E-014  0.84185126520690190       -4.6040795991805012E-013  0.62068830886157755       0.78539816375225069     
  -9.2637009174723062E-013  0.87638523387741785       -4.6847750422191936E-013  0.63642394575990657       0.78539816375422777     
  -9.5123908749883412E-013  0.91132538121721751       -4.5193390742942668E-013  0.65128437947051410       0.78539816375634508     
  -3.1086244689504383E-013  0.94665701090988108       -5.8495279435125958E-013  0.66519505511213239       0.78539816375860616     
  -5.0448534238967113E-013  0.98236478116908543       -5.0405241515544287E-013  0.67807999170510413       0.78539816376101490     
   1.7763568394002505E-014   1.0184332572107682       -3.7591403248840107E-013  0.68986224603639812       0.78539816376357563     
   2.5401902803423582E-013   1.0548474424693186       -2.3471507743304890E-013  0.70046432395151292       0.78539816376629168     
  -1.4832579608992091E-013   1.0915932715306162       -1.4675605720944115E-013  0.70980852481278234       0.78539816376916560     
  -1.0618173007514997E-012   1.1286580494401726       -1.9522794951593841E-013  0.71781720801504179       0.78539816377220140     
  -2.0872192862952943E-014   1.1660308249340066       -1.6176250758640178E-013  0.72441297442179753       0.78539816377540106     
  -1.9362289549462730E-013   1.2037026876063095       -1.7959575006440806E-013  0.72951875918172426       0.78539816377876748     
   5.9685589803848416E-013   1.2416669822980957       -1.1361770717878562E-013  0.73305783634310906       0.78539816378230187     
  -1.2607692667643278E-012   1.2799194369857538       -2.5854704232956711E-013  0.73495373920665941       0.78539816378600724     
  -6.0573768223548541E-013   1.3184582036595067       -2.8146328634194252E-013  0.73513010369802245       0.78539816378988447     
   6.5591976294854248E-013   1.3572838145941528       -2.5089336248660641E-013  0.73351044482299343       0.78539816379393446     
   5.4178883601707639E-013   1.3963990592386093       -1.7447874906943331E-013  0.73001787858311218       0.78539816379815852     
   5.8886229226118303E-013   1.4358087894373135       -1.2328441017848588E-013  0.72457480340217995       0.78539816380255656     
   2.2204460492503131E-014   1.4755196627754756       -1.7902800408547559E-013  0.71710255610887597       0.78539816380712835     
   4.9338311214341957E-013   1.5155398355984619       -4.0370151607997933E-014  0.70752105789508413       0.78539816381187366     
   3.5083047578154947E-014   1.5558786182792979        1.3933470464557752E-013  0.69574846525042311       0.78539816381679162     
   1.1413092693146609E-013   1.5965461063594031        1.8103068717999246E-013  0.68170084008733767       0.78539816382188077     
  -9.0594198809412774E-013   1.6375528010082636        2.0154961113641448E-013  0.66529185157122317       0.78539816382713901     
  -1.4388490399142029E-013   1.6789092324445942        2.7514024056314135E-013  0.64643252040467747       0.78539816383256478     
  -7.3052675020335300E-013   1.7206255988879740        2.9746112150624417E-013  0.62503101380084214       0.78539816383815442     
   8.0824236192711396E-014   1.7627114327924609        3.1286526805744198E-013  0.60099249690985879       0.78539816384390537     
  -7.1054273576010019E-015   1.8051753045069621        3.2563836141125944E-013  0.57421904366244103       0.78539816384981376     
  -3.7347902548390266E-013   1.8480245718595150        3.8355693501392829E-013  0.54460960728398877       0.78539816385587469     
  -1.9317880628477724E-013   1.8912651821911126        3.6484618174764741E-013  0.51206004807823291       0.78539816386208439     
  -4.0500935938325711E-013   1.9349015313052984        3.7339646770575040E-013  0.47646321365394506       0.78539816386843753     
  -7.5850437042390695E-013   1.9789363816117564        3.4868580480993445E-013  0.43770906463040760       0.78539816387492767     
  -3.5837999234900053E-013   2.0233708396959056        3.7090832120822505E-013  0.39568483714111391       0.78539816388154937     
  -7.6427753015195776E-013   2.0682043914355415        4.1301167802709071E-013  0.35027523214229683       0.78539816388829564     
  -9.0594198809412774E-013   2.1134349909396555        4.5976580723025948E-013  0.30136262073929210       0.78539816389515971     
  -5.2313708920337376E-013   2.1590591979036233        5.1554600020532110E-013  0.24882725443998810       0.78539816390213324     
  -3.1086244689504383E-013   2.2050723565561299        5.5159182192688642E-013  0.19254746944256174       0.78539816390920858     
  -4.9427129056311969E-013   2.2514688082506531        5.9598839265579156E-013  0.13239987473797743       0.78539816391637651     
  -4.6185277824406512E-014   2.2982421289642296        6.2201297553404918E-013   6.8259514911823693E-002  0.78539816392362904     
  -2.2071233729548112E-013   2.3453853824811226        6.4393294446674892E-013  -1.1457163754299213E-014  0.78539816393095574     
