 force-1force-2force-3workmass
   6.0012903218351399E-002  -1.3073986337985843E-012   1.6264567795785283E-014   0.0000000000000000        39224.437174113249     
   6.0012902254118844E-002   3.9818019548114592E-003   1.6978987352728769E-014  -9.9711038094116994E-006   39224.437174113111     
   6.0013733772387029E-002   1.5332063328813206E-002   1.7621828505482868E-014  -1.4650054724876793E-004   39224.437174106613     
   6.0021199485710608E-002   3.3305399101870137E-002   1.8403889073445903E-014  -6.8088843969071194E-004   39224.437174041661     
   6.0050878743703573E-002   5.7254266102710005E-002   1.8931049664133005E-014  -1.9722409910956501E-003   39224.437173726503     
   6.0131541972217123E-002   8.6607718156265889E-002   1.8568957773347039E-014  -4.4049028266455736E-003   39224.437172693724     
   6.0307122107459865E-002  0.12085049254102387        1.9310173140227885E-014  -8.3408627663035806E-003   39224.437170048303     
   6.0637513956611877E-002  0.15951110009505243        1.9298840941273923E-014  -1.4085566621076462E-002   39224.437164366485     
   6.1198391552136411E-002  0.20216050061637247        2.0251329218854510E-014  -2.1865839385087849E-002   39224.437153798775     
   6.2080327687813713E-002  0.24841595143131201        2.0218981630469997E-014  -3.1818672217674926E-002   39224.437136516091     
   6.3387427839448104E-002  0.29794544628618880        2.0291530133649032E-014  -4.3989449251886081E-002   39224.437111359919     
   6.5235690829599180E-002  0.35047232394163430        2.0754554218495614E-014  -5.8338368103316274E-002   39224.437078104500     
   6.7751366147827841E-002  0.40577660948122940        2.1157689449696316E-014  -7.4753192670941271E-002   39224.437036885494     
   7.1069608551993069E-002  0.46369320795194113        2.1210732564246226E-014  -9.3066712961592302E-002   39224.436987395973     
   7.5333528877548128E-002  0.52411105440071992        2.2160445044985613E-014 -0.11307777606898073        39224.436928776224     
   8.0693586786265648E-002  0.58697442281971135        2.3128722391006858E-014 -0.13457474773241351        39224.436859972280     
   8.7307760103612242E-002  0.65228423873925578        2.3896493541225459E-014 -0.15736136540843226        39224.436779886091     
   9.5342814657835118E-002  0.72008466925856141        2.3949965312922505E-014 -0.18127771205722887        39224.436687289424     
  0.10497590313582961       0.79042947000268171        2.4014556680574950E-014 -0.20620836909932061        39224.436580629350     
  0.11639588326565775       0.86334778894277875        2.3220117925562951E-014 -0.23208421169574511        39224.436457824122     
  0.12980404283279356       0.93882297203418119        2.4231917765172876E-014 -0.25888349262911903        39224.436316059699     
  0.14541350415314014        1.0167842905923337        2.4325528456250004E-014 -0.28662891156211834        39224.436151632020     
  0.16344712380807080        1.0971110937724475        2.5299174124588678E-014 -0.31538049418446490        39224.435959779454     
  0.18413461564834077        1.1796467017453942        2.5694430847542065E-014 -0.34522773579634936        39224.435734573926     
  0.20770966338712959        1.2642151319120245        2.5955178550894400E-014 -0.37628122159934785        39224.435468878844     
  0.23440731915427726        1.3506348162217741        2.6469449557676834E-014 -0.40866146759108513        39224.435154354243     
  0.26446180542013087        1.4387275644481257        2.6804782334870136E-014 -0.44248455998913672        39224.434781558200     
  0.29810493506915359        1.5283232108387566        2.6443482766910904E-014 -0.47784666020508260        39224.434340181302     
  0.33556540758901710        1.6192604958204662        2.5948172706323310E-014 -0.51480981342442700        39224.433819095881     
  0.37706889332572358        1.7113844133386067        2.5788886502983672E-014 -0.55339023273949151        39224.433206503265     
  0.42283826849141359        1.8045404805625544        2.5736968859257536E-014 -0.59354935837903922        39224.432490896841     
  0.47309331446093505        1.8985668834194023        2.5894217649507675E-014 -0.63518793303867005        39224.431661720693     
  0.52804923941778537        1.9932851426777738        2.5326722944645347E-014 -0.67814261726593417        39224.430706383449     
  0.58791336360981505        2.0884897182893987        2.5369419929335223E-014 -0.72218417422077863        39224.429603714620     
  0.65287973862203197        2.1839376641053185        2.4820070997921457E-014 -0.76701719357746612        39224.428325426154     
  0.72312227834801490        2.2793405447630022        2.4438612745014115E-014 -0.81228280143029918        39224.426857268518     
  0.79878730190418779        2.3743603987810662        2.4312292392810274E-014 -0.85756574774868843        39224.425225029605     
  0.87998542305557859        2.4686083452274428        2.4319244061031907E-014 -0.90240416726006423        39224.423479298202     
  0.96678318653669137        2.5616451936990980        2.3977952569739010E-014 -0.94630058500633973        39224.421603204384     
   1.0591968618889851        2.6529877991681836        2.4886110830258065E-014 -0.98873712725442031        39224.419381065643     
   1.1571891397927692        2.7421211392179945        2.3450234032034429E-014  -1.0291946349929408        39224.416357217575     
   1.2606656937223342        2.8285086289393675        2.4409235300187985E-014  -1.0671679740839526        39224.412024947553     
   1.3694690731704684        2.9115962293763893        2.2103436616859537E-014  -1.1021727170178459        39224.406248215048     
   1.4833725117039842        2.9908164909357158        2.2348298060451996E-014  -1.1337500552236826        39224.399681800700     
   1.6020794238451206        3.0656006596357948        2.2244966960230357E-014  -1.1614804650089785        39224.393782387779     
   1.7252299597985319        3.1353967480193941        2.0180357344511405E-014  -1.1850047817919935        39224.390073695620     
   1.8524107472196745        3.1996859889701224        2.2637496722274824E-014  -1.2040422955744550        39224.388704051773     
   1.9831595697773245        3.2579895576164084        2.0910428322323477E-014  -1.2183911544465755        39224.386879528538     
   2.1169596504455352        3.3098638449220097        2.2344644736227588E-014  -1.2279057184199083        39224.378178413004     
   2.2532246360750001        3.3548886579033699        2.1160661100273532E-014  -1.2324584367963363        39224.353750263937     
   2.3912809147637688        3.3926565777775934        2.0633551139755022E-014  -1.2319024918227925        39224.305835397885     
   2.5303633876229163        3.4227792095392804        1.9554303272034153E-014  -1.2260637556411189        39224.233040255705     
   2.6696448057393454        3.4449242909432645        1.9413331128128842E-014  -1.2147886335003597        39224.145751865290     
   2.8082977999589769        3.4588725499066264        2.0378348678634616E-014  -1.1980317795083724        39224.069449968199     
   2.9455525321349469        3.4645550056216070        1.8282972183551342E-014  -1.1759137438355336        39224.043843390551     
   3.0807044356847229        3.4620377375004221        1.8876438662158625E-014  -1.1486849404174664        39224.116791793567     
   3.2130665711443100        3.4514646888779481        1.8255676658523216E-014  -1.1166121904309745        39224.333598716054     
   3.3419072098129021        3.4330019973486223        1.8348620044851145E-014  -1.0798696883171877        39224.723938357842     
   3.4664095680842024        3.4068116925513188        1.9984472159338975E-014  -1.0384890819652899        39225.289805896202     
   3.5856685113317752        3.3730585524910417        1.8484437010102819E-014 -0.99237637653306576        39225.998024818546     
   3.6987469670651194        3.3319557987006281        1.9511159133509590E-014 -0.94141029204421001        39226.779902752984     
   3.8047985922619141        3.2838396431509498        2.0917425233526538E-014 -0.88560831928301065        39227.538867746320     
   3.9031986466928856        3.2292256930341647        1.7132549029802932E-014 -0.82526382726250480        39228.164875386239     
   3.9936050057450831        3.1688049144412904        2.0318113198544660E-014 -0.76095851131945214        39228.552659591158     
   4.0759183381986510        3.1033789261301212        2.0530910844503240E-014 -0.69344119000289872        39228.619977205497     
   4.1501563387883866        3.0337632844061311        2.0970210338118789E-014 -0.62342611529351721        39228.322070303795     
   4.2162964750817586        2.9607005384960399        1.9917618670535444E-014 -0.55140318079645390        39227.659545298055     
   4.2741628856794147        2.8848187984191558        1.6727601705543415E-014 -0.47755571113589612        39226.678419507356     
   4.3233960828735007        2.8066406759213525        2.0802059265491906E-014 -0.40180854435237379        39225.462779258829     
   4.3635110047561856        2.7266293775607782        1.8188318574689287E-014 -0.32397710161618098        39224.121915151132     
   4.3940536326587267        2.6452592018394689        1.7288197489265421E-014 -0.24399333157317260        39222.774660287279     
   4.4148177024981337        2.5630805285972276        1.7608086638606629E-014 -0.16213236421932775        39221.533844096077     
   4.4259878298012350        2.4807322848900064        1.7083910215604165E-014  -7.9084966346806507E-002   39220.493351398414     
   4.4281023894395624        2.3988895985258747        1.6416802760512484E-014   4.1962283225434049E-003   39219.719436201049     
   4.4218898186009135        2.3181905846424122        1.7121034291453715E-014   8.6751476635686942E-002   39219.246933455310     
   4.4081104753487637        2.2391887510058526        1.6970256046995370E-014  0.16779470459571533        39219.080078127663     
   4.3874551211069850        2.1623350033837081        1.8876306553458305E-014  0.24677426633376864        39219.196951474587     
   4.3604635088494099        2.0879696161909163        1.7202157299346468E-014  0.32337027629408155        39219.556209672162     
   4.3274444861514123        2.0163174980809391        1.8998515663769102E-014  0.39746479747797281        39220.104701933677     
   4.2884417123669500        1.9474964729672228        2.0114783663587663E-014  0.46906833945041959        39220.784782519913     
   4.2433014429094413        1.8815453198390060        2.0893364962563236E-014  0.53818780875265837        39221.540462358491     
   4.1918490255275955        1.8184642664529758        2.1345874726123324E-014  0.60466645091781612        39222.321931007224     
   4.1341063504494606        1.7582501905646311        2.1574339260155410E-014  0.66806948991450188        39223.088329710823     
   4.0704401443848646        1.7009109316207636        2.1508283247850060E-014  0.72768573608984000        39223.808923236909     
   4.0015662468721640        1.6464570397160920        2.1932634580662921E-014  0.78265170190109190        39224.462984002523     
   3.9284176880562640        1.5948823115932385        2.0542665026766019E-014  0.83213418109975101        39225.038772136555     
   3.8519422649215347        1.5461470249952716        1.9559645776351384E-014  0.87549000317620029        39225.531989501542     
   3.7729153536807587        1.5001733332335361        1.8729804361913095E-014  0.91234647510319111        39225.944030153805     
   3.6918504515741564        1.4568544511340673        1.9643131081508116E-014  0.94258094720074914        39226.280269350507     
   3.6090348678781261        1.4160684286913496        1.8255827351862751E-014  0.96622584655189037        39226.548548278304     
   3.5246305574722090        1.3776837687347272        1.6078269289144086E-014  0.98336492110827811        39226.757935912872     
   3.4387525189117998        1.3415547320266326        1.5225116042476125E-014  0.99407456106588443        39226.917790136766     
   3.3514837708881196        1.3075165062332732        1.3854333565634212E-014  0.99841883890058836        39227.037099549154     
   3.2628464965576747        1.2753910477896557        1.3412658078998354E-014  0.99647268530248034        39227.124063846502     
   3.1727821419593685        1.2450044486694414        1.2994600618709763E-014  0.98834166121684008        39227.185860841855     
   3.0811843565430408        1.2162058302271248        1.2089037561378997E-014  0.97416381061997637        39227.228548083061     
   2.9879841098044189        1.1888740713639083        1.3138281152296625E-014  0.95409957898496667        39227.257052838126     
   2.8932507011749156        1.1629085944094739        1.2606324931535683E-014  0.92832779547095767        39227.275212862878     
   2.7972314002335050        1.1382065279679972        1.2004426236369794E-014  0.89705345635049505        39227.285839675540     
   2.7003173676095482        1.1146449507512810        1.1886381766752123E-014  0.86052709133084559        39227.290784675046     
   2.6029540730365763        1.0920744695446363        1.0569870402503422E-014  0.81905585215847321        39227.290995632851     
   2.5055518453315262        1.0703262448378763        1.3294162165626337E-014  0.77299652738689084        39227.286562374713     
   2.4084177884967204        1.0492222865197047        1.3414208321062197E-014  0.72272782787337375        39227.276781632521     
   2.3117124400728386        1.0285788940428784        1.4913151488341681E-014  0.66861047094368864        39227.260269463892     
   2.2154339761956354        1.0081987739048515        1.3766540767972910E-014  0.61094975091829573        39227.235032495228     
   2.1194694291804925       0.98786732162848168        1.4095997722143025E-014  0.54997865584238959        39227.198491524941     
   2.0236694203414167       0.96735541012439130        1.6567213632357202E-014  0.48585856505129632        39227.147492574892     
   1.9278800851184261       0.94642506856889508        1.5801601771162399E-014  0.41868567809602020        39227.078303693197     
   1.8318935649916455       0.92482970988881918        1.6726186078756024E-014  0.34848867068435840        39226.986597814568     
   1.7353628716394276       0.90231231913753174        1.5189652039193117E-014  0.27521323150863530        39226.867434439693     
   1.6377661581411687       0.87860992392055381        1.3465535177844544E-014  0.19870155429187264        39226.715268598040     
   1.5384516928749914       0.85346102338096896        1.5285919667839971E-014  0.11868201367045028        39226.524029553082     
   1.4367433758750447       0.82660482718050865        1.6508773270027943E-014   3.4781407018874333E-002   39226.287318641429     
   1.3320684485556473       0.79777503707418695        9.4461182461714404E-015  -5.3443961463693235E-002   39225.998771397077     
   1.2240456100696573       0.76668776167818509        8.4677073718344788E-015 -0.14648095044864551        39225.652612578604     
   1.1124853145349771       0.73302130995001313        1.0287153728552443E-014 -0.24485144961386585        39225.244408813116     
  0.99732950934654419       0.69639627965842266        7.6694280783139889E-015 -0.34912427475748409        39224.772003344362     
  0.87857951030390069       0.65636705747451707        6.3002520330955764E-015 -0.45994033730860462        39224.236607584913     
  0.75622632091892150       0.61241879785752307        4.8258405166959975E-015 -0.57803909388424479        39223.644012248391     
  0.63023441498923738       0.56398599604973132        5.0984644116001353E-015 -0.70424536530246407        39223.005837491117     
  0.50060079779668243       0.51050072123467505        6.0450386303312636E-015 -0.83938274835811022        39222.340650237180     
  0.36740330146210987       0.45143934700077448        1.9128970689058599E-015 -0.98415027857848436        39221.674666284685     
  0.23084454304118829       0.38636095608117138        2.6904982187067471E-015  -1.1390009285859151        39221.041688877434     
   9.1224331382550261E-002  0.31490637324485338        1.4039922502970485E-015  -1.3040658903342255        39220.481960133184     
  -5.1076587302084420E-002  0.23678954847480504        2.9103886905406709E-015  -1.4791385243817192        39220.039710448589     
 -0.19564305360471401       0.15176754206396215       -3.0335744902958505E-016  -1.6637277563205153        39219.759350588967     
 -0.34211251515120011        5.9581396404608356E-002  -3.0886983118425742E-015  -1.8571936752153420        39219.680458626543     
 -0.49014072719856649       -4.0051588288673834E-002  -4.4262009932961833E-015  -2.0588534191040733        39219.832004316166     
 -0.63929022152170667      -0.14738972590302879       -3.0068401293261808E-016  -2.2679672707650909        39220.226614559171     
 -0.78892000587067201      -0.26260176125803181       -1.1547356598649039E-015  -2.4837232829870874        39220.855974321443     
 -0.93816050459229139      -0.38576399163043185        2.0768545243245739E-016  -2.7053152007912509        39221.688480005010     
  -1.0858789766940440      -0.51685987136043465        2.3983107926940049E-015  -2.9319281967655417        39222.669944398280     
  -1.2305564507634674      -0.65568024870013097        4.2994975493601535E-016  -3.1624550365431983        39223.727614386597     
  -1.3704303818220733      -0.80181009409341186        3.4479790387102107E-015  -3.3952868743191047        39224.777184588078     
  -1.5036667980935974      -0.95459434516199515       -1.3826245750215370E-015  -3.6284822529578626        39225.731971477631     
  -1.6286675980237941       -1.1132638517495668       -9.9990105107450206E-016  -3.8601770679109091        39226.513006440204     
  -1.7442956740753086       -1.2770906661620138        3.9486305599678542E-016  -4.0887636498411819        39227.058612016248     
  -1.8496201610260101       -1.4452050887678283       -1.3579916029058373E-016  -4.3123850375261394        39227.332128011345     
  -1.9437512427585641       -1.6164181540751628        1.1722128770906625E-015  -4.5283100739867148        39227.326773734225     
  -2.0258489940399311       -1.7891338559255274       -2.3589090931587676E-016  -4.7328797490616843        39227.066958164462     
  -2.0953024727294540       -1.9614749649648235       -1.2437507685563368E-015  -4.9222336850525892        39226.605582977019     
  -2.1519512580828213       -2.1316106304012639       -5.0090261456485825E-015  -5.0934027015208088        39226.017181923969     
  -2.1961737893198947       -2.2981132077590498       -6.4051314000704135E-015  -5.2451522327291418        39225.387335138817     
  -2.2286252946691274       -2.4600273249790607       -9.2648107866070491E-015  -5.3779949103804814        39224.799686188278     
  -2.2498466288422048       -2.6166783000308769       -1.1430997129926762E-014  -5.4934166116870582        39224.322770700688     
  -2.2602278332841674       -2.7676462198779959       -1.0718696122314706E-014  -5.5930148643844593        39223.999350117090     
  -2.2598952453868151       -2.9125009536202189       -1.1869645443884632E-014  -5.6777232616864826        39223.840773047807     
  -2.2487882282440026       -3.0506410950275775       -1.1513639196088869E-014  -5.7474708676699802        39223.827969271064     
  -2.2269849550176843       -3.1814179583780593       -1.3768567373849692E-014  -5.8012807168587077        39223.919094020173     
  -2.1947233523825105       -3.3039649154689901       -1.7171096621017595E-014  -5.8373290440084240        39224.061923365429     
  -2.1523193966181395       -3.4170190497176396       -2.1146909829429426E-014  -5.8531303624098427        39224.207518019859     
  -2.1001190625304282       -3.5188691196794437       -2.3821965527352183E-014  -5.8457189755908541        39224.321183264896     
  -2.0384640640312757       -3.6073034136266084       -2.2384685734878375E-014  -5.8117218213337587        39224.387743171566     
  -1.9678458107537278       -3.6798993990962998       -2.4095958686754235E-014  -5.7479842958615315        39224.410281475502     
  -1.8891989029602652       -3.7347640081587521       -2.1530004500600383E-014  -5.6529248977707702        39224.403834381446     
  -1.8040417261054182       -3.7712006120396246       -2.4989203422424820E-014  -5.5275291918396317        39224.387030682061     
  -1.7142486835205641       -3.7896548080746779       -2.4720310982570164E-014  -5.3749021167342601        39224.374826398882     
  -1.6216444752092745       -3.7910939063176414       -2.2116303124612849E-014  -5.1989669875160409        39224.374440822416     
  -1.5278061119958419       -3.7766575438752437       -2.6573445445657315E-014  -5.0037279955301077        39224.385026158910     
  -1.4340228409809743       -3.7475279850654495       -3.1056918835787516E-014  -4.7930668146712545        39224.400222904500     
  -1.3413065911765845       -3.7046732762305723       -2.4873042671071231E-014  -4.5702927051572964        39224.412023900972     
  -1.2504309345268991       -3.6484917029697019       -2.1805008526380496E-014  -4.3375155056683212        39224.414364332610     
  -1.1620311810223036       -3.5788012319354046       -2.1637902592139924E-014  -4.0957893678403270        39224.405358122487     
  -1.0767512070063319       -3.4954796957396912       -2.5475799110980869E-014  -3.8463249997806770        39224.387793318965     
 -0.99529645827209023       -3.3992215038301978       -2.4071612942427573E-014  -3.5916303723247776        39224.368107545692     
 -0.91834117190622511       -3.2916704801969807       -2.3794516132750684E-014  -3.3353268980080273        39224.354437339738     
 -0.84638456613274382       -3.1747892195794556       -2.2687232498190756E-014  -3.0807623303949470        39224.354441752919     
 -0.77968432042995550       -3.0500693464252855       -2.1802885953369943E-014  -2.8298133347288896        39224.373494302985     
 -0.71830785782179341       -2.9183198076147274       -2.2630130608693183E-014  -2.5830261739245248        39224.413609493829     
 -0.66223271167930875       -2.7801191318343719       -2.4291630088613894E-014  -2.3408032999920092        39224.473212890705     
 -0.61139413668015763       -2.6362588984010937       -2.4838179930876635E-014  -2.1042682500832761        39224.547647619540     
 -0.56566901722703422       -2.4875552037033746       -2.0149423209747311E-014  -1.8749174036362444        39224.630174431921     
 -0.52486237858903362       -2.3341701505973926       -2.4032763706881910E-014  -1.6535727506297722        39224.713175858793     
 -0.48873701073678832       -2.1752349128517388       -3.1834640521216846E-014  -1.4399356356308903        39224.789302920421     
 -0.45705021681169344       -2.0093792281857432       -2.6670371976912563E-014  -1.2333909062176964        39224.852377963383     
 -0.42953492532531667       -1.8359117752650889       -3.3183456809797097E-014  -1.0343701605872564        39224.897959516238     
 -0.40582477430034847       -1.6557109181439511       -3.2763018333988419E-014 -0.84495540273242753        39224.923559910938     
 -0.38539881920435537       -1.4710069924449858       -4.2574346613524044E-014 -0.66805558796747633        39224.928568486241     
 -0.36762268219661887       -1.2842266138159992       -3.9023492521678144E-014 -0.50585245847419991        39224.913967011955     
 -0.35187038668859372       -1.0968572865275732       -3.4161292017002209E-014 -0.35884578309416248        39224.881931913667     
 -0.33764017081640862      -0.90923781258252134       -3.7321509395306484E-014 -0.22618639131054152        39224.835406901802     
 -0.32458761476460418      -0.72129415649849449       -3.6123069632830231E-014 -0.10681595602199501        39224.777708128808     
 -0.31247333242002717      -0.53345436229668763       -3.5014047821018092E-014  -3.9070035702337691E-004   39224.712199537775     
 -0.30109926729135478      -0.34711664892684624       -2.8305029052458013E-014   9.2572047484727804E-002   39224.642053993506     
 -0.29029232383419334      -0.16429772927667941       -2.8924535991470333E-014  0.17126894241692092        39224.570098810917     
 -0.27993359268779411        1.3265768281854662E-002  -2.6998912022848938E-014  0.23536360444189341        39224.498736284018     
 -0.26997392554181604       0.18490613931597011       -2.7499171002717611E-014  0.28536345690670650        39224.429916660672     
 -0.26038891942800380       0.35117217731505335       -2.5787888177451886E-014  0.32242876886755312        39224.365150742349     
 -0.25107814324654532       0.51323480635690544       -2.1474942127140680E-014  0.34784558638680441        39224.305546770818     
 -0.24175616221325225       0.67207991147639135       -2.4017855713874501E-014  0.36262238781256073        39224.251856836039     
 -0.23193142544548845       0.82784661806026349       -1.7424658573455494E-014  0.36736533031650698        39224.204526221169     
 -0.22099695019249635       0.97961268966919590       -1.2693169264613468E-014  0.36242260995454512        39224.163739217547     
 -0.20836156588795243        1.1258530133912537       -9.1691872881569921E-015  0.34819811275670443        39224.129458222815     
 -0.19357852870080020        1.2649794236260092       -9.6218677524225499E-015  0.32532328316842696        39224.101456658347     
 -0.17641442396903839        1.3956783900906977       -4.7366930031665393E-015  0.29465052482119525        39224.079345479200     
 -0.15682174531547161        1.5172645752697420       -3.7225035847736247E-015  0.25719680947258006        39224.062594826966     
 -0.13490080605102259        1.6296323627035747       -5.5733871483917707E-015  0.21399715006390707        39224.050551714638     
 -0.11091132928090203        1.7327292077248799        1.0396122910916302E-015  0.16595490843943828        39224.042455145056     
  -8.5286382947590361E-002   1.8262622885058555        6.4796022748267103E-015  0.11383025355303600        39224.037448923642     
  -5.8612239456737769E-002   1.9097427267956029        7.5880026137130758E-015   5.8299551285144247E-002   39224.034592533171     
  -3.1573649912425339E-002   1.9825020092228627        1.3318487881561204E-014   0.0000000000000000        39224.032870363029     
