 force-1force-2force-3workmass
  -8.8817841970012523E-015  -8.8817841970012523E-016  -2.1618456724884375E-014   0.0000000000000000       0.78539909798813157     
  -1.8651746813702630E-013  -1.0853349858033212E-003  -2.0769083938809060E-014  -1.6198624663176691E-007  0.78539909798813168     
   1.5631940186722204E-013  -5.2492102160663912E-003  -2.1667652914336323E-014  -3.1180308683433425E-006  0.78539909798813157     
   1.3056222769591841E-013  -1.1704076449020828E-002  -2.2797386941813561E-014  -1.5563495658088480E-005  0.78539909798813157     
   2.0028423364237824E-013  -2.0767334299514051E-002  -2.2288683156132363E-014  -4.8844770272440594E-005  0.78539909798813179     
  -1.7363888105137448E-013  -3.2865122809668801E-002  -2.0454118565580358E-014  -1.2016310527284725E-004  0.78539909798813112     
  -5.4178883601707639E-014  -4.7818135784657212E-002  -1.7087040059265526E-014  -2.5047139524004940E-004  0.78539909798813157     
   2.4602542225693469E-013  -6.5569038466627649E-002  -2.0371687932412371E-014  -4.6506479758417346E-004  0.78539909798813001     
  -2.2204460492503131E-014  -8.6160420594210141E-002  -2.1837849181894942E-014  -7.9405443619629326E-004  0.78539909798813046     
   1.7630341631047486E-013 -0.10961592219906358       -1.8880607114620198E-014  -1.2719009492562425E-003  0.78539909798812702     
   2.1049828546892968E-013 -0.13599920191737924       -2.2652405744835603E-014  -1.9379886273226676E-003  0.78539909798812779     
   1.7319479184152442E-014 -0.16537105165636845       -2.3491887993737868E-014  -2.8364029352470135E-003  0.78539909798812202     
   8.2156503822261584E-014 -0.19764290707708065       -1.9673675966630029E-014  -4.0129415852930700E-003  0.78539909798812313     
   5.7731597280508140E-015 -0.23247606118969610       -2.1770963815631388E-014  -5.5102057213334832E-003  0.78539909798811514     
   3.8635761256955448E-014 -0.26927019127270091       -1.9602867370494246E-014  -7.3623855697780571E-003  0.78539909798811658     
  -2.0872192862952943E-014 -0.30720365760779522       -1.9395258371743293E-014  -9.5905141859433940E-003  0.78539909798810703     
   1.3455903058456897E-013 -0.34532426406846062       -2.1918541991280557E-014  -1.2199615601010669E-002  0.78539909798810803     
   6.6613381477509392E-014 -0.38267059063197806       -2.2819589791018783E-014  -1.5178724645065186E-002  0.78539909798809016     
  -1.1457501614131615E-013 -0.41837448257394261       -2.1051382873909331E-014  -1.8503029866315079E-002  0.78539909798809104     
   6.1284310959308641E-014 -0.45172286791319705       -2.2845351206681096E-014  -2.2137017934237002E-002  0.78539909798807450     
   1.7941204077942530E-013 -0.48217734625309383       -2.1928561468993423E-014  -2.6037576697667264E-002  0.78539909798807528     
  -1.6653345369377348E-013 -0.50935622736990416       -2.1351073315407291E-014  -3.0156053424264806E-002  0.78539909798806806     
   9.6367358537463588E-014 -0.53299621877603265       -2.2323636173799918E-014  -3.4439017679994466E-002  0.78539909798806085     
  -1.5054624213917123E-013 -0.55291557629905208       -2.0167993989682462E-014  -3.8828358116706735E-002  0.78539909798805707     
  -5.7287508070658077E-014 -0.56899396567982663       -2.0462564217976036E-014  -4.3261749198568705E-002  0.78539909798805707     
  -4.4408920985006262E-014 -0.58117535912894169       -2.4021280805342202E-014  -4.7674541178546304E-002  0.78539909798805763     
   5.7287508070658077E-014 -0.58949101804482629       -2.0496425345848347E-014  -5.2003718629878293E-002  0.78539909798805596     
   9.7699626167013776E-015 -0.59409170693014968       -1.8948265099720798E-014  -5.6193797852182648E-002  0.78539909798805263     
   4.4408920985006262E-016 -0.59527508578419175       -1.9927208627081605E-014  -6.0203741075869455E-002  0.78539909798805208     
   2.1760371282653068E-014 -0.59349632350734138       -1.8091413201572550E-014  -6.4013474834935746E-002  0.78539909798805208     
  -3.6148861681795097E-013 -0.58935572822485982       -2.0108301586588865E-014  -6.7628569813802331E-002  0.78539909798805174     
  -1.3056222769591841E-013 -0.58356441386327296       -2.0418085212497709E-014  -7.1082084668340262E-002  0.78539909798805141     
   1.7985612998927536E-013 -0.57689529469213463       -2.1188578655773377E-014  -7.4433338502358226E-002  0.78539909798805374     
  -5.5955240441107890E-014 -0.57012997043348435       -2.0208571424674204E-014  -7.7764160109709046E-002  0.78539909798805652     
   5.5955240441107890E-014 -0.56401165083844562       -1.9709380975909100E-014  -8.1173684811970404E-002  0.78539909798805718     
   9.7699626167013776E-015 -0.55921082756438167       -1.7284454432358408E-014  -8.4772866391088164E-002  0.78539909798805607     
  -6.1728400169158704E-014 -0.55630551201662515       -1.4660958610809605E-014  -8.8679549059545726E-002  0.78539909798805585     
   7.9936057773011271E-015 -0.55577332827641968       -1.9677858829203465E-014  -9.3014363163675007E-002  0.78539909798805962     
   1.5631940186722204E-013 -0.55799002440472067       -1.7504463829746189E-014  -9.7897117821710844E-002  0.78539909798806284     
  -2.8510527272374020E-013 -0.56322867378777142       -1.5074542394760741E-014 -0.10344300064936751       0.78539909798806207     
   1.2612133559741778E-013 -0.57165566977775972       -1.3376757706141647E-014 -0.10975788859733060       0.78539909798806207     
   2.8421709430404007E-014 -0.58332263670323536       -1.9261481251192153E-014 -0.11693241826155254       0.78539909798805985     
  -3.3306690738754696E-014 -0.59815637496852370       -2.0350369053057815E-014 -0.12503501968517050       0.78539909798805563     
   5.8175686490358203E-014 -0.61595087910857682       -2.2687882272992863E-014 -0.13410467141179949       0.78539909798805163     
   6.1728400169158704E-014 -0.63636576742967055       -1.8731638996963410E-014 -0.14414448271203018       0.78539909798805319     
   4.8849813083506888E-014 -0.65893422400385093       -2.5243486432778318E-014 -0.15511723466940641       0.78539909798805441     
  -1.3322676295501878E-013 -0.68308130608433881       -2.1484013511423514E-014 -0.16694370504439993       0.78539909798804142     
  -1.0791367799356522E-013 -0.70815106950423123       -2.1724816424785093E-014 -0.17950408051337297       0.78539909798802776     
   1.7941204077942530E-013 -0.73343916452217384       -2.0161966463270569E-014 -0.19264219719673481       0.78539909798801966     
  -5.3290705182007514E-014 -0.75822683545029079       -1.8312671870715547E-014 -0.20617192306450483       0.78539909798802066     
   7.1942451995710144E-014 -0.78181270945822057       -1.7609936834741004E-014 -0.21988482453512648       0.78539909798802199     
   1.5187850976872141E-013 -0.80354003431120979       -1.9112013810143190E-014 -0.23355835256795709       0.78539909798801144     
  -1.6786572132332367E-013 -0.82281861667316614       -1.9231767490661134E-014 -0.24696407088275196       0.78539909798800189     
  -1.6520118606422329E-013 -0.83914204546191407       -2.1130481295561199E-014 -0.25987578812870304       0.78539909798799756     
   1.2168044349891716E-013 -0.85210146948491250       -1.9388980508519143E-014 -0.27207770340947124       0.78539909798799679     
  -1.7230661342182430E-013 -0.86139715225149915       -2.2935212258909850E-014 -0.28337274442973426       0.78539909798799723     
  -8.8817841970012523E-015 -0.86684836773674956       -1.7950684689785622E-014 -0.29359113997202457       0.78539909798799734     
   1.1102230246251565E-014 -0.86840130950156524       -2.2268282274883545E-014 -0.30259899540269486       0.78539909798799501     
   9.3258734068513149E-015 -0.86613392024617797       -2.1699245614729988E-014 -0.31030633507091476       0.78539909798799623     
  -2.2648549702353193E-014 -0.86025618630796874       -2.0038692873757268E-014 -0.31667385121489633       0.78539909798799667     
   1.6964207816272392E-013 -0.85110465197817620       -1.9657439709326872E-014 -0.32171755844775074       0.78539909798799623     
  -3.1352698215414421E-013 -0.83913053921597269       -1.6395152559645685E-014 -0.32551069377205977       0.78539909798799501     
  -3.9079850466805510E-014 -0.82488175472938297       -1.5912855136569704E-014 -0.32818250564610252       0.78539909798800034     
   3.0464519795714295E-013 -0.80897990604303649       -1.6551889820460846E-014 -0.32991393813796477       0.78539909798800678     
   1.3411494137471891E-013 -0.79209403793122091       -1.7771685622872210E-014 -0.33093055229536050       0.78539909798800833     
  -1.5321077739827160E-013 -0.77491298093091210       -1.9349425419311511E-014 -0.33149324362385157       0.78539909798800644     
  -4.3076653355456074E-014 -0.75811802546986939       -1.5374980398347022E-014 -0.33188739295414926       0.78539909798800456     
   4.7961634663806763E-014 -0.74235720353987844       -2.1037076695971591E-014 -0.33241103829737884       0.78539909798801566     
  -1.6697754290362354E-013 -0.72822194938240470       -1.6794255312895173E-014 -0.33336253110048131       0.78539909798802554     
   3.7880809600210341E-013 -0.71622651175441598       -2.2084984939588654E-014 -0.33502802200696880       0.78539909798802743     
  -1.0880185641326534E-013 -0.70679026900226338       -2.1754899919472419E-014 -0.33766905101583045       0.78539909798802598     
  -6.6613381477509392E-015 -0.70022310442275959       -1.9669502531896478E-014 -0.34151053676397991       0.78539909798802432     
  -1.2034817586936697E-013 -0.69671414593073377       -1.8739583719410386E-014 -0.34672954872047357       0.78539909798803076     
   1.6253665080512292E-013 -0.69632434557328171       -2.1467376057485435E-014 -0.35344535967759372       0.78539909798803476     
  -4.1078251911130792E-013 -0.69898347871993760       -2.3448660956900400E-014 -0.36171136853495001       0.78539909798803542     
   4.2055248172800930E-013 -0.70449207423332805       -1.9392325659126053E-014 -0.37150949227148256       0.78539909798803553     
  -4.7517545453956700E-014 -0.71252856276259724       -1.9006981414415272E-014 -0.38274754300205882       0.78539909798803242     
  -5.9063864910058328E-014 -0.72266156989241415       -2.3173288882777161E-014 -0.39525992631804852       0.78539909798802743     
   5.5511151231257827E-014 -0.73436688815097328       -1.7455897309656837E-014 -0.40881176549721432       0.78539909798802354     
   2.6112445539183682E-013 -0.74704828832957437       -1.6502296009541243E-014 -0.42310629934743660       0.78539909798802443     
   1.0746958878371515E-013 -0.76006110320407272       -1.7292519010544857E-014 -0.43779519544554479       0.78539909798802499     
  -1.1368683772161603E-013 -0.77273740627597043       -2.2759165728309887E-014 -0.45249126343996604       0.78539909798801832     
   8.9261931179862586E-014 -0.78441165150762870       -2.0734539441312861E-014 -0.46678297910924771       0.78539909798801233     
  -1.5853984791647235E-013 -0.79444576442832426       -2.3868086639482817E-014 -0.48025021044312433       0.78539909798801000     
   1.7275070263167436E-013 -0.80225282200340819       -2.3154322558300461E-014 -0.49248054434887623       0.78539909798800878     
  -7.1054273576010019E-015 -0.80731861124657689       -2.2048504435221916E-014 -0.50308563833962094       0.78539909798800889     
  -2.3048229991218250E-013 -0.80922044169602714       -2.0022472933178422E-014 -0.51171702007001718       0.78539909798800855     
   3.2152058793144533E-013 -0.80764265612278985       -1.7789830410526492E-014 -0.51808075564039258       0.78539909798800855     
  -1.9317880628477724E-013 -0.80238830559684349       -1.8634576099429898E-014 -0.52195038323752141       0.78539909798801089     
  -2.3181456754173269E-013 -0.79338652077970018       -2.2882306896086976E-014 -0.52317751803874235       0.78539909798801144     
   1.2390088954816747E-013 -0.78069519520080055       -2.2184121140348714E-014 -0.52169956419293784       0.78539909798801100     
   1.3100631690576847E-013 -0.76449875728296579       -1.2365789003461370E-014 -0.51754406159067212       0.78539909798801000     
  -5.2846615972157451E-014 -0.74510102063534989       -1.9914114236527114E-014 -0.51082933813126563       0.78539909798801499     
   1.9451107391432743E-013 -0.72291334078567582       -2.2340300401613787E-014 -0.50176131812753866       0.78539909798802121     
  -2.2426505097428162E-013 -0.69843856099575197       -2.2860511411093024E-014 -0.49062654843419473       0.78539909798802232     
  -3.6859404417555197E-014 -0.67225143254491515       -1.9872396729884287E-014 -0.47778169782403168       0.78539909798802121     
   1.1812772982011666E-013 -0.64497635750017501       -2.4304689970589343E-014 -0.46363996463628698       0.78539909798801955     
  -1.1945999744966684E-013 -0.61726339475768333       -2.2225432158812546E-014 -0.44865496647849801       0.78539909798803076     
   5.9063864910058328E-014 -0.58976349222356594       -2.1595298368202678E-014 -0.43330277631760916       0.78539909798804097     
   3.1086244689504383E-014 -0.56310389559226293       -1.6812977012207869E-014 -0.41806283201300953       0.78539909798804275     
   4.3520742565306136E-014 -0.53786462110727040       -2.4373979684371821E-014 -0.40339846583045347       0.78539909798804086     
  -2.8110846983508964E-013 -0.51455681624784599       -1.9718257964382035E-014 -0.38973781062891444       0.78539909798803875     
   9.7699626167013776E-014 -0.49360375776614163       -2.0915674302707554E-014 -0.37745583194122068       0.78539909798805008     
  -1.1679546219056647E-013 -0.47532514858831343       -1.9315388470534010E-014 -0.36685820747491515       0.78539909798805851     
  -4.6629367034256575E-014 -0.45992528757403894       -1.9252033977088144E-014 -0.35816773754885700       0.78539909798805974     
  -1.0924594562311540E-013 -0.44748556257719230       -2.2061906646124590E-014 -0.35151389332821559       0.78539909798805896     
   3.1175062531474396E-013 -0.43796158054216727       -2.1053530288908721E-014 -0.34692601048750982       0.78539909798805851     
   1.3455903058456897E-013 -0.43118508107346987       -1.7317453095169584E-014 -0.34433050002640897       0.78539909798806118     
  -4.7517545453956700E-013 -0.42687058632707187       -2.2030002210260709E-014 -0.34355227780541098       0.78539909798806229     
   6.0840221749458578E-014 -0.42462654631345442       -2.0883854446068949E-014 -0.34432043077819685       0.78539909798806229     
  -1.0613732115416497E-013 -0.42397053872891588       -1.8419002075561599E-014 -0.34627793750684432       0.78539909798806229     
   2.2470914018413168E-013 -0.42434791312199938       -2.4111724704772867E-014 -0.34899507505821203       0.78539909798806096     
  -8.3044682241961709E-014 -0.42515312713822295       -2.2089807762081738E-014 -0.35198597457024272       0.78539909798805940     
  -1.4921397450962104E-013 -0.42575292908267981       -2.3212573309307628E-014 -0.35472765463255085       0.78539909798805896     
   3.8635761256955448E-014 -0.42551047458100122       -2.0117980861245000E-014 -0.35668075123372933       0.78539909798805918     
  -2.0650148258027912E-013 -0.42380945767816236       -2.5409050289844795E-014 -0.35731110495934626       0.78539909798805918     
   1.6298074001497298E-013 -0.42007735032433313       -1.9055761103980793E-014 -0.35611133203574896       0.78539909798805874     
   1.6386891843467311E-013 -0.41380689515217250       -1.8874990006690074E-014 -0.35262151108669970       0.78539909798805996     
  -1.2523315717771766E-013 -0.40457506617226091       -1.9474625452496186E-014 -0.34644814811502345       0.78539909798806173     
   1.0924594562311540E-013 -0.39205881021164535       -1.5092134527810360E-014 -0.33728064729297946       0.78539909798806140     
   1.7763568394002505E-013 -0.37604699038121137       -1.8464886786733185E-014 -0.32490459968936536       0.78539909798806329     
  -5.7776006201493146E-013 -0.35644808657587168       -1.5473516843677272E-014 -0.30921131880676933       0.78539909798806518     
   1.3411494137471891E-013 -0.33329336562550971       -2.2581841114815294E-014 -0.29020319955724716       0.78539909798806573     
   5.0182080713057076E-014 -0.30673539173344810       -2.2555455277837636E-014 -0.26799463507366461       0.78539909798806540     
   1.2256862191861728E-013 -0.27704192991178811       -2.0125402039583339E-014 -0.24280841271645004       0.78539909798806828     
  -1.1324274851176597E-013 -0.24458547276021925       -2.1634532728327995E-014 -0.21496770066815873       0.78539909798806995     
  -2.7799984536613920E-013 -0.20982880255105352       -2.1450563033894935E-014 -0.18488393484617305       0.78539909798807117     
   3.9257486150745535E-013 -0.17330714793571822       -1.5058809635217017E-014 -0.15304108665077720       0.78539909798807073     
   5.3201887340037501E-013 -0.13560763929046438       -2.1109442311122580E-014 -0.11997696035528849       0.78539909798807062     
  -3.2684965844964609E-013  -9.7346861875356794E-002  -1.8181525511738507E-014  -8.6262291090916321E-002  0.78539909798807317     
  -8.0380146982861334E-014  -5.9147378541725804E-002  -1.8854474335646430E-014  -5.2478511611144363E-002  0.78539909798807628     
  -3.3972824553529790E-013  -2.1614123553002518E-002  -1.5151081105411527E-014  -1.9195108669661565E-002  0.78539909798807828     
   1.2390088954816747E-013   1.4688443489074832E-002  -2.1314166611220534E-014   1.3052503407031679E-002  0.78539909798807761     
  -1.3233858453531866E-013   4.9257565649413415E-002  -1.9510476036838132E-014   4.3783683208317381E-002  0.78539909798807961     
   4.1744385725905886E-013   8.1671015789323231E-002  -2.0133790128032126E-014   7.2590995595897212E-002  0.78539909798807883     
  -6.1595173406203685E-013  0.11160282505968144       -2.0096397300575294E-014   9.9155622477248961E-002  0.78539909798807950     
   2.7311486405778851E-013  0.13883534135128217       -1.6615215007060052E-014  0.12325912673440342       0.78539909798807894     
  -2.5757174171303632E-014  0.16326716944356834       -1.7070511211395897E-014  0.14479108103028171       0.78539909798807872     
  -1.0391687510491465E-013  0.18491670327212750       -1.6861435000370472E-014  0.16375224691581769       0.78539909798807905     
   2.8155255904493970E-013  0.20392111663572665       -1.5601584098979170E-014  0.18025316517424050       0.78539909798806895     
  -9.3258734068513149E-015  0.22053085171656273       -1.4132450275198347E-014  0.19450821121400974       0.78539909798806939     
   4.2010839251815923E-013  0.23509981816925407       -1.9494527326638624E-014  0.20682536221225867       0.78539909798806717     
   3.6770586575585185E-013  0.24807167760146998       -2.0833574895403239E-014  0.21759210286128994       0.78539909798806806     
  -5.3557158707917552E-013  0.25996274849984591       -1.9052389434738516E-014  0.22725806993413444       0.78539909798806862     
   2.8732571877299051E-013  0.27134219380310221       -9.5745957651588535E-015  0.23631517268945368       0.78539909798806562     
  -3.4638958368304884E-014  0.28281026189196989       -1.3588159940459327E-014  0.24527603744649662       0.78539909798806340     
   1.9273471707492718E-013  0.29497542343685046       -1.0929100553663317E-014  0.25465169310219249       0.78539909798806207     
  -1.6386891843467311E-013  0.30843127995042874       -1.7535022592634608E-014  0.26492943825583515       0.78539909798806218     
   3.0286884111774270E-013  0.32373412372377564       -2.1848187105256727E-014  0.27655181759577951       0.78539909798806240     
  -2.4735768988648488E-013  0.34138199175363226       -1.8454030788032677E-014  0.28989757615878187       0.78539909798805985     
   3.2640556923979602E-013  0.36179599501063731       -1.9249671051459573E-014  0.30526537079022598       0.78539909798805685     
   2.5135449277513544E-013  0.38530461421130768       -1.9265051041945508E-014  0.32286089619222791       0.78539909798805430     
  -3.5438318946034997E-013  0.41213153759460663       -2.4303872301568894E-014  0.34278793360508386       0.78539909798803520     
  -3.9790393202565610E-013  0.44238748534880301       -2.1034260994075878E-014  0.36504366471968597       0.78539909798802965     
   1.0347278589506459E-013  0.47606632740139654       -2.3543147742675644E-014  0.38951842121247582       0.78539909798799545     
   1.9895196601282805E-013  0.51304562450880109       -1.1551769528696143E-014  0.41599983809780916       0.78539909798798635     
   2.2293278334473143E-013  0.55309158380181289       -2.1198041886806863E-014  0.44418121385222742       0.78539909798793628     
  -4.1788794646890892E-013  0.59586822290639807       -1.5295741026432194E-014  0.47367367540203276       0.78539909798792407     
  -2.9043434324194095E-013  0.64095040537885062       -1.6611442052889622E-014  0.50402160647614602       0.78539909798786001     
   1.3811174426336947E-013  0.68784022643359277       -2.6889024493829582E-014  0.53472062950737964       0.78539909798784535     
  -4.2188474935755949E-013  0.73598613065416130       -2.0220655626081493E-014  0.56523734834239647       0.78539909798777230     
   4.9737991503207013E-013  0.78480400081624913       -2.4953515488182461E-014  0.59502995677586901       0.78539909798775609     
  -5.8975047068088315E-013  0.83369942276959730       -1.7273486706982207E-014  0.62356881805821240       0.78539909798767804     
   1.8252066524837574E-013  0.88209024794419788       -1.5191218870624989E-014  0.65035609838421626       0.78539909798766161     
   7.8959061511341133E-013  0.92942861879279848       -2.4151673635459672E-014  0.67494362753837223       0.78539909798758201     
  -2.1671553440683056E-013  0.97522159869986913       -2.8032767327068416E-014  0.69694821064584866       0.78539909798756569     
   1.1013412404281553E-013   1.0190496648629943       -2.6451908684518678E-014  0.71606378040659679       0.78539909798756824     
  -1.5454304502782179E-013   1.0605823560682834       -2.5381143053691256E-014  0.73206988787761196       0.78539909798757079     
   3.3750779948604759E-013   1.0995905123835508       -3.2007685096739465E-014  0.74483622291631635       0.78539909798754692     
   4.3520742565306136E-013   1.1359546544580974       -2.2763421768278510E-014  0.75432302059897682       0.78539909798752161     
  -4.7162274086076650E-013   1.1696692023237572       -2.7022852922189290E-014  0.76057739881102315       0.78539909798750784     
  -3.8458125573015423E-013   1.2008423742515206       -1.1375582304139470E-014  0.76372584307437807       0.78539909798750895     
   3.7259084706420253E-013   1.2296917802909486       -1.6218005288345541E-014  0.76396323419067280       0.78539909798751095     
   2.1449508835758024E-013   1.2565358740432302       -2.8870094395828734E-014  0.76153895902835544       0.78539909798749385     
  -2.0428103653102880E-013   1.2817815954584080       -1.5812595589765575E-014  0.75674078188992455       0.78539909798747476     
  -1.7941204077942530E-013   1.3059086870979089       -9.9050195258435150E-015  0.74987725391950044       0.78539909798746521     
  -1.4344081478157023E-013   1.3294512809034713       -1.7618207685103317E-014  0.74125949179078465       0.78539909798746499     
  -1.1812772982011666E-013   1.3529774770233769       -1.5791463523346565E-014  0.73118319126472309       0.78539909798746654     
  -8.6108897789927141E-013   1.3770676942169309       -1.8980888733768730E-014  0.71991171158888712       0.78539909798745400     
   8.1135098639606440E-013   1.4022926275352052       -2.3360365540385376E-014  0.70766101474197085       0.78539909798743968     
  -6.7501559897209518E-014   1.4291916590291986       -1.7464926085479610E-014  0.69458714628818674       0.78539909798743190     
  -1.3988810110276972E-013   1.4582525247595726       -2.0561837290582746E-014  0.68077680623198766       0.78539909798743213     
   2.5535129566378600E-013   1.4898930094434619       -2.1953492119853082E-014  0.66624141660486536       0.78539909798743412     
   3.2773783686934621E-013   1.5244453382818119       -2.0609106462637285E-014  0.65091491165492177       0.78539909798740992     
  -4.3742787170231168E-013   1.5621438469937563       -2.2720264822360619E-014  0.63465530500584166       0.78539909798738172     
  -2.3936408410918375E-013   1.6031163893164462       -3.4064632773455116E-014  0.61724990727399143       0.78539909798736263     
  -1.2434497875801753E-013   1.6473797842838986       -2.9634887989329564E-014  0.59842388567939508       0.78539909798736651     
  -2.7977620220553945E-014   1.6948394805876164       -2.3680016601916840E-014  0.57785170751751258       0.78539909798737129     
   3.6015634918840078E-013   1.7452934364373296       -1.6759054402858033E-014  0.55517086095696377       0.78539909798731955     
  -2.1982415887578100E-013   1.7984400700321679       -2.6932290726952496E-014  0.52999714136834963       0.78539909798726271     
  -9.0594198809412774E-014   1.8538899806523452       -1.7303876928211116E-014  0.50194071226161296       0.78539909798722607     
  -9.6367358537463588E-014   1.9111809739350343       -1.8315545015761484E-014  0.47062210349333022       0.78539909798723273     
   4.1300296516055823E-014   1.9697958211483537       -2.0793024901141346E-014  0.43568731890487089       0.78539909798723961     
  -5.6399329650957952E-014   2.0291820524961968       -1.5182194010546920E-014  0.39682126193550282       0.78539909798716834     
   5.9685589803848416E-013   2.0887730246831504       -1.8356521541692866E-014  0.35375877700637820       0.78539909798709417     
  -2.1893598045608087E-013   2.1480094596784456       -2.2050833737984832E-014  0.30629272389101470       0.78539909798705021     
  -6.2616578588858829E-013   2.2063606172425874       -2.3175238216707179E-014  0.25427864841596476       0.78539909798705476     
   3.4905411894214922E-013   2.2633443136302391       -2.8023014003386485E-014  0.19763579130226308       0.78539909798706187     
   1.0524914273446484E-013   2.3185450229073079       -2.6715244854255773E-014  0.13634435861707628       0.78539909798699481     
  -5.7331916991643084E-013   2.3716293951921741       -4.6229999853627802E-014   7.0439171759242913E-002  0.78539909798692320     
  -1.1191048088221578E-013   2.4223586291947234       -2.5584388181363763E-014  -1.1833176625738204E-014  0.78539909798688468     
