 force-1force-2force-3workmass
  -8.8817841970012523E-015  -8.8817841970012523E-016  -2.1618456724884375E-014   0.0000000000000000       0.78539909798813157     
  -2.4424906541753444E-014  -3.1861906296430931E-003  -2.2974957819930936E-014  -4.7553895147437603E-007  0.78539909798813157     
  -1.1546319456101628E-014  -9.1117335200445737E-003  -2.3206660196085279E-014  -5.4123697109029461E-006  0.78539909798813157     
   1.4210854715202004E-014  -1.7838508473199788E-002  -2.4760851950235610E-014  -2.3720756642233321E-005  0.78539909798813168     
   3.5527136788005009E-014  -2.9217524217854063E-002  -2.5796184810528763E-014  -6.8719616960389099E-005  0.78539909798813179     
  -1.3766765505351941E-014  -4.3194365180168059E-002  -2.2085747476786994E-014  -1.5792939769000008E-004  0.78539909798813146     
  -8.4376949871511897E-015  -5.9748225456568882E-002  -2.1925912152538189E-014  -3.1296120494150870E-004  0.78539909798813146     
   3.5083047578154947E-014  -7.8848420223595284E-002  -2.2119055199237851E-014  -5.5925213254089459E-004  0.78539909798813046     
  -2.4424906541753444E-014 -0.10043337435201805       -2.5050688635883901E-014  -9.2559397802825100E-004  0.78539909798813090     
   6.6613381477509392E-015 -0.12439750965297591       -2.1504261823520676E-014  -1.4434154038809252E-003  0.78539909798812746     
   4.1744385725905886E-014 -0.15057625462157187       -2.4840390166108630E-014  -2.1457116283573607E-003  0.78539909798812912     
   4.1300296516055823E-014 -0.17873130266720683       -2.4902344854087106E-014  -3.0655546205222983E-003  0.78539909798812180     
   1.3322676295501878E-014 -0.20854269783394486       -2.4311769034309943E-014  -4.2342509368203107E-003  0.78539909798812413     
  -2.6645352591003757E-015 -0.23961224692804883       -2.1666700668208005E-014  -5.6793493797502315E-003  0.78539909798811369     
   4.0856207306205761E-014 -0.27147845289642891       -2.3269217623378303E-014  -7.4227638590941142E-003  0.78539909798811691     
   7.5495165674510645E-015 -0.30363978119703949       -2.1861318118180928E-014  -9.4792544192449646E-003  0.78539909798810437     
   2.3092638912203256E-014 -0.33558165685047303       -2.3872932801739422E-014  -1.1855428773213522E-002  0.78539909798810725     
   2.6201263381153694E-014 -0.36680290558957784       -2.1865507292800673E-014  -1.4549328950937218E-002  0.78539909798809615     
   4.4408920985006262E-015 -0.39683859767169283       -2.3105287361868854E-014  -1.7550583820628296E-002  0.78539909798809782     
  -4.8849813083506888E-015 -0.42527778064382504       -2.6379576346822900E-014  -2.0841056598786267E-002  0.78539909798809160     
   2.7089441800853820E-014 -0.45177584377054636       -2.4284936337034555E-014  -2.4395895563609465E-002  0.78539909798809160     
  -1.4654943925052066E-014 -0.47606212658398661       -2.3579365595583742E-014  -2.8184901157809694E-002  0.78539909798809404     
   1.2878587085651816E-014 -0.49794371130477710       -2.4554065006530955E-014  -3.2174134962246886E-002  0.78539909798809115     
  -5.5511151231257827E-014 -0.51730637509098365       -2.2417981093215100E-014  -3.6327710864170443E-002  0.78539909798810437     
  -2.3980817331903381E-014 -0.53411338940069575       -2.3138675149412936E-014  -4.0609709222913543E-002  0.78539909798809870     
  -3.2862601528904634E-014 -0.54840260710733180       -2.5774861768489313E-014  -4.4986151364273586E-002  0.78539909798812313     
  -3.9968028886505635E-015 -0.56028194652761254       -2.4007009786933427E-014  -4.9426952758772957E-002  0.78539909798811469     
  -2.5757174171303632E-014 -0.56992330617363507       -2.3628400407707518E-014  -5.3907763203525472E-002  0.78539909798811447     
  -2.6645352591003757E-014 -0.57755484313546468       -2.3777305150459216E-014  -5.8411586615348343E-002  0.78539909798811480     
  -2.7977620220553945E-014 -0.58345168909184686       -2.2371638997355219E-014  -6.2930078144990964E-002  0.78539909798811469     
  -9.9031893796563963E-014 -0.58792527315352672       -2.4254833479116159E-014  -6.7464425094366842E-002  0.78539909798811469     
  -5.2402526762307389E-014 -0.59131158140775497       -2.1944258117375759E-014  -7.2025741968638535E-002  0.78539909798811491     
   1.6875389974302379E-014 -0.59395879543406549       -2.5090931086335601E-014  -7.6634939622084841E-002  0.78539909798811491     
  -3.6415315207705135E-014 -0.59621481823774847       -2.3740949109361035E-014  -8.1322061616878716E-002  0.78539909798811458     
   1.0658141036401503E-014 -0.59841520618998478       -2.1852684263233770E-014  -8.6125113305274115E-002  0.78539909798811502     
  -1.3322676295501878E-015 -0.60087198706749279       -2.0086468829987813E-014  -9.1088437789513255E-002  0.78539909798811491     
   1.6431300764452317E-014 -0.60386377149038717       -1.8497491887191013E-014  -9.6260716085738718E-002  0.78539909798811514     
  -3.1974423109204508E-014 -0.60762747396357719       -2.0458704106172450E-014 -0.10169268594941278       0.78539909798811502     
  -7.5495165674510645E-015 -0.61235186416154530       -2.1250029728599024E-014 -0.10743468515968613       0.78539909798811514     
  -4.0856207306205761E-014 -0.61817307848367742       -1.9158924165293350E-014 -0.11353413122412037       0.78539909798811491     
  -5.3290705182007514E-015 -0.62517214105651941       -1.8082980888414435E-014 -0.12003305108285145       0.78539909798811491     
  -8.8817841970012523E-016 -0.63337447327243313       -2.2338503343862491E-014 -0.12696577188133673       0.78539909798811502     
   2.2648549702353193E-014 -0.64275131045673062       -2.2344451237798412E-014 -0.13435687743001268       0.78539909798811491     
   4.2188474935755949E-014 -0.65322289138649259       -2.1651601566435417E-014 -0.14221952460694509       0.78539909798811525     
   6.8389738316909643E-014 -0.66466323961377149       -2.1473193564656919E-014 -0.15055419973139372       0.78539909798811502     
   3.6415315207705135E-014 -0.67690631434089665       -2.5091023608533619E-014 -0.15934797706031056       0.78539909798811491     
   2.0872192862952943E-014 -0.68975327347646775       -2.2628758833701548E-014 -0.16857432053110200       0.78539909798811491     
   5.3290705182007514E-015 -0.70298056375231344       -2.3506292572932706E-014 -0.17819344649648572       0.78539909798811491     
   4.5297099404706387E-014 -0.71634853398618503       -2.4213217691117316E-014 -0.18815324054267513       0.78539909798811514     
   2.2648549702353193E-014 -0.72961025912176281       -2.1710644060423149E-014 -0.19839069679114030       0.78539909798811514     
   5.0182080713057076E-014 -0.74252026537187188       -1.9093106359503589E-014 -0.20883382463583822       0.78539909798811514     
   6.5725203057809267E-014 -0.75484286073461426       -2.2261068075546749E-014 -0.21940394687612952       0.78539909798811514     
   8.8817841970012523E-016 -0.76635979962375433       -2.1053598732145623E-014 -0.23001829569827326       0.78539909798811502     
  -1.0214051826551440E-014 -0.77687704404483249       -1.9600432904513711E-014 -0.24059279974359371       0.78539909798811469     
   1.7319479184152442E-014 -0.78623042481659233       -1.6818066655093704E-014 -0.25104494710478675       0.78539909798811525     
  -1.2434497875801753E-014 -0.79429005275818954       -2.3941344663393469E-014 -0.26129660579329528       0.78539909798811514     
  -2.8421709430404007E-014 -0.80096337938968443       -2.3927649542989476E-014 -0.27127668503873448       0.78539909798811502     
  -1.0658141036401503E-014 -0.80619685751297565       -2.7033314896483285E-014 -0.28092352753389949       0.78539909798811514     
   1.5543122344752192E-014 -0.80997620214653665       -2.2640524704774097E-014 -0.29018693403822948       0.78539909798811514     
  -1.1990408665951691E-014 -0.81232530005299797       -2.2848067037386967E-014 -0.29902973707298508       0.78539909798811525     
  -3.1086244689504383E-014 -0.81330386005845723       -2.4185371358930042E-014 -0.30742885910209528       0.78539909798811536     
  -8.4376949871511897E-014 -0.81300393530287218       -2.1564867661158650E-014 -0.31537581181006114       0.78539909798811536     
  -3.9079850466805510E-014 -0.81154548148484418       -2.0827734509799210E-014 -0.32287661599067041       0.78539909798811536     
   2.9753977059954195E-014 -0.80907114124838797       -1.9963885515253454E-014 -0.32995114520042645       0.78539909798811558     
   5.1070259132757201E-014 -0.80574046354674200       -2.2002245675246908E-014 -0.33663191974612072       0.78539909798811547     
  -1.6875389974302379E-014 -0.80172377774676828       -2.3539097193550025E-014 -0.34296239979923571       0.78539909798811536     
  -2.1760371282653068E-014 -0.79719594530197346       -2.2376137311164300E-014 -0.34899484654240620       0.78539909798811558     
   1.5099033134902129E-014 -0.79233020719881875       -2.4356646730144721E-014 -0.35478783743652231       0.78539909798811558     
  -5.7731597280508140E-015 -0.78729233346922012       -2.1480040263982422E-014 -0.36040353524620294       0.78539909798811558     
   5.1958437552457326E-014 -0.78223526253801667       -2.4305644475871349E-014 -0.36590481984569934       0.78539909798811580     
   1.5543122344752192E-014 -0.77729439393112632       -2.5010887621818230E-014 -0.37135239670059650       0.78539909798811580     
   5.3290705182007514E-015 -0.77258366895749031       -2.3794874636144728E-014 -0.37680199612702303       0.78539909798811580     
  -3.0642155479654321E-014 -0.76819254161405315       -2.2796755449466228E-014 -0.38230177302981549       0.78539909798811591     
   2.5757174171303632E-014 -0.76418390739450404       -2.4648839572448138E-014 -0.38789000804863205       0.78539909798811580     
  -2.3980817331903381E-014 -0.76059302222203629       -2.8412268498470930E-014 -0.39359319832550321       0.78539909798811591     
   5.5067062021407764E-014 -0.75742740860505853       -2.7107906673583426E-014 -0.39942461000657459       0.78539909798811625     
   1.9984014443252818E-014 -0.75466771255493770       -2.6285217270094391E-014 -0.40538334581770807       0.78539909798811602     
  -9.7699626167013776E-015 -0.75226944382796468       -2.7760319367757329E-014 -0.41145396036906412       0.78539909798811602     
   1.7319479184152442E-014 -0.75016550465147347       -2.5823030984874205E-014 -0.41760663412241028       0.78539909798811602     
   6.6169292267659330E-014 -0.74826938900630369       -2.6399829456838361E-014 -0.42379789505354126       0.78539909798811613     
   4.1744385725905886E-014 -0.74647891637416963       -2.4608211947131510E-014 -0.42997185583152153       0.78539909798811602     
   1.1546319456101628E-014 -0.74468035106578911       -2.3057293800594337E-014 -0.43606191466333555       0.78539909798811625     
   2.8421709430404007E-014 -0.74275275100572680       -2.2813177158616176E-014 -0.44199285055197901       0.78539909798811625     
   9.3258734068513149E-015 -0.74057238823893234       -2.5473272061959870E-014 -0.44768322927122450       0.78539909798811613     
   3.7303493627405260E-014 -0.73801708726569482       -2.2123172978078125E-014 -0.45304802539396638       0.78539909798811613     
   5.1070259132757201E-014 -0.73497033625342745       -2.1451806169976373E-014 -0.45800135860092950       0.78539909798811625     
  -3.5083047578154947E-014 -0.73132503975431984       -2.5382858697315760E-014 -0.46245923948896484       0.78539909798811625     
   4.4408920985006262E-014 -0.72698679907532071       -2.3793752991046383E-014 -0.46634222121654156       0.78539909798811636     
   6.6613381477509392E-015 -0.72187662718041246       -2.4399398719475865E-014 -0.46957785847435374       0.78539909798811625     
  -3.9523939676655573E-014 -0.71593302809107451       -2.3279164310234503E-014 -0.47210288416615831       0.78539909798811636     
  -3.9968028886505635E-015 -0.70911339530293338       -2.5360559778154645E-014 -0.47386502641118211       0.78539909798811669     
   4.5297099404706387E-014 -0.70139470883769972       -2.0579921131556523E-014 -0.47482440348259791       0.78539909798811669     
   0.0000000000000000      -0.69277353534133290       -2.5611852194992625E-014 -0.47495445145345050       0.78539909798811647     
   2.8421709430404007E-014 -0.68326535925303844       -2.7031916632008847E-014 -0.47424235789740843       0.78539909798811669     
  -1.9095836023552692E-014 -0.67290329478350985       -2.5710525925340741E-014 -0.47268899426021038       0.78539909798811691     
  -1.5099033134902129E-014 -0.66173624756991645       -2.3484340136029132E-014 -0.47030835870258381       0.78539909798811691     
  -1.6431300764452317E-014 -0.64982661088481253       -2.8988602386272738E-014 -0.46712655958132610       0.78539909798811713     
  -2.6201263381153694E-014 -0.63724759375066231       -2.8705535842530824E-014 -0.46318038659160443       0.78539909798811680     
  -2.0428103653102880E-014 -0.62408028697365614       -2.6901719267805798E-014 -0.45851553132126721       0.78539909798811713     
  -3.1974423109204508E-014 -0.61041057779334373       -2.3010706388022283E-014 -0.45318453102615353       0.78539909798811702     
  -1.4210854715202004E-014 -0.59632602458797690       -2.7428869557986554E-014 -0.44724451844097857       0.78539909798811713     
  -7.7715611723760958E-014 -0.58191279995805356       -1.9180173482964710E-014 -0.44075486607363112       0.78539909798811713     
  -1.3766765505351941E-014 -0.56725280384636667       -2.2402608479186131E-014 -0.43377481558449249       0.78539909798811691     
  -3.7303493627405260E-014 -0.55242103845323465       -2.5623261623767936E-014 -0.42636118147814184       0.78539909798811725     
  -3.0642155479654321E-014 -0.53748332409194211       -2.2280599758540405E-014 -0.41856621360324819       0.78539909798811713     
  -1.6431300764452317E-014 -0.52249442030091497       -2.8127668008495485E-014 -0.41043569509700450       0.78539909798811713     
   6.4837024638109142E-014 -0.50749660010289466       -2.7127900202080302E-014 -0.40200734181230535       0.78539909798811736     
   6.4837024638109142E-014 -0.49251870791312991       -2.3528624612535379E-014 -0.39330955641109888       0.78539909798811713     
  -3.2862601528904634E-014 -0.47757571383890784       -2.5171570787086160E-014 -0.38436057570897342       0.78539909798811713     
  -4.4408920985006262E-014 -0.46266875967618226       -2.5805789486944911E-014 -0.37516803417589051       0.78539909798811713     
  -3.8635761256955448E-014 -0.44778567529084823       -2.4041570132758010E-014 -0.36572895029379771       0.78539909798811713     
   1.9984014443252818E-014 -0.43290192888083201       -2.8515392038143455E-014 -0.35603012643819687       0.78539909798811725     
   1.0658141036401503E-014 -0.41798196126105625       -2.6062888738877850E-014 -0.34604893765586775       0.78539909798811747     
   0.0000000000000000      -0.40298084320586325       -2.9640858856756432E-014 -0.33575447074494003       0.78539909798811736     
   2.9753977059954195E-014 -0.38784618628717427       -2.1697311809912450E-014 -0.32510896288573576       0.78539909798811758     
  -1.2878587085651816E-014 -0.37252023178607363       -2.7412726609213461E-014 -0.31406947916738925       0.78539909798811747     
   2.0872192862952943E-014 -0.35694203918750311       -2.3709610190304731E-014 -0.30258976099634571       0.78539909798811747     
   4.3076653355456074E-014 -0.34104969551267139       -2.4376161888172437E-014 -0.29062217279659297       0.78539909798811758     
   1.6431300764452317E-014 -0.32478246918937348       -2.7925954854653530E-014 -0.27811967271105953       0.78539909798811780     
   6.4837024638109142E-014 -0.30808283711278639       -2.1282962533985187E-014 -0.26503773417350818       0.78539909798811802     
   4.6629367034256575E-014 -0.29089832074532884       -2.8656091910869551E-014 -0.25133614912396141       0.78539909798811791     
  -6.1284310959308641E-014 -0.27318307620357540       -2.3079812996291079E-014 -0.23698065005776980       0.78539909798811758     
   2.6645352591003757E-015 -0.25489919389910520       -2.8038393441434406E-014 -0.22194429671666827       0.78539909798811791     
  -8.8817841970012523E-016 -0.23601767500501447       -2.9145204886269266E-014 -0.20620858364746431       0.78539909798811780     
   3.5527136788005009E-014 -0.21651906437649515       -2.8463898210791552E-014 -0.18976423662961928       0.78539909798811802     
  -8.4376949871511897E-015 -0.19639373211184141       -2.6377013593674296E-014 -0.17261167861392179       0.78539909798811780     
  -5.9952043329758453E-014 -0.17564180824338260       -2.6136991061317327E-014 -0.15476115879579311       0.78539909798811802     
   5.9063864910058328E-014 -0.15427278672548272       -2.0483634308985252E-014 -0.13623255129596501       0.78539909798811780     
   1.3145040611561853E-013 -0.13230482551819467       -2.5929065806065035E-014 -0.11705484210966821       0.78539909798811802     
  -3.8191672047105385E-014 -0.10976377887539046       -2.4702994172667537E-014  -9.7265334107131007E-002  0.78539909798811791     
  -5.3290705182007514E-015  -8.6682005631897319E-002  -2.3988615341212530E-014  -7.6908609496903590E-002  0.78539909798811802     
  -1.0036416142611415E-013  -6.3097003179098277E-002  -3.0161270140483537E-014  -5.6035297003048434E-002  0.78539909798811780     
  -5.1514348342607263E-014  -3.9049920776711655E-002  -2.5565907018602625E-014  -3.4700696800282316E-002  0.78539909798811813     
  -6.6169292267659330E-014  -1.4584007815793054E-002  -2.6274230454625254E-014  -1.2963319841244214E-002  0.78539909798811824     
   3.4194869158454821E-014   1.0256947366627411E-002  -2.2401443699160737E-014   9.1166004723013394E-003  0.78539909798811824     
  -8.1268325402561459E-014   3.5430134416520875E-002  -2.0669270451126896E-014   3.1478567237378741E-002  0.78539909798811836     
   4.8849813083506888E-015   6.0895143608760360E-002  -2.0619517461124928E-014   5.4063195657004570E-002  0.78539909798811824     
  -3.1530333899354446E-014   8.6615249406216233E-002  -1.8102388773372428E-014   7.6813456360974808E-002  0.78539909798811813     
  -6.0396132539608516E-014  0.11255851667063776       -2.1267459308789425E-014   9.9675744203616023E-002  0.78539909798811824     
  -3.5527136788005009E-015  0.13869869887130148       -2.0105681508810056E-014  0.12260073841082697       0.78539909798811802     
  -1.1102230246251565E-014  0.16501590595360982       -2.5051536877721352E-014  0.14554402905108343       0.78539909798811824     
   3.1974423109204508E-014  0.19149702830856574       -2.4671712151401124E-014  0.16846649457626928       0.78539909798811780     
   1.0036416142611415E-013  0.21813591215334238       -2.4636114247341993E-014  0.19133442517070964       0.78539909798811824     
  -6.9277916736609768E-014  0.24493329030759003       -2.2095844439171039E-014  0.21411939648712286       0.78539909798811824     
   2.7089441800853820E-014  0.27189648055041449       -1.2157935039341039E-014  0.23679790766911868       0.78539909798811847     
  -2.8421709430404007E-014  0.29903887164197851       -1.7020483971976512E-014  0.25935080639624530       0.78539909798805563     
   5.0626169922907138E-014  0.32637922093312710       -1.9162861679859999E-014  0.28176252867312579       0.78539909798797769     
   3.3306690738754696E-014  0.35394079805354339       -2.5139725375711389E-014  0.30402019152927462       0.78539909798799856     
   9.1926466438962962E-014  0.38175041323343395       -1.7762933972187832E-014  0.32611258100714258       0.78539909798792240     
   8.8817841970012523E-015  0.40983735049429226       -2.5289919476633650E-014  0.34802906245088128       0.78539909798794261     
   8.7041485130612273E-014  0.43823227926043762       -2.2430726370311277E-014  0.36975848562599367       0.78539909798786867     
   1.0391687510491465E-013  0.46696613846338009       -1.9746363907019498E-014  0.39128808842405283       0.78539909798788810     
   1.5987211554602254E-014  0.49606908179359266       -2.6964619100980710E-014  0.41260248236732577       0.78539909798787422     
  -8.4376949871511897E-014  0.52556946895761003       -2.1875561575138018E-014  0.43368271338371089       0.78539909798787400     
   4.7517545453956700E-014  0.55549297447613677       -2.2231886276670961E-014  0.45450546270232151       0.78539909798787388     
   5.9507954119908391E-014  0.58586181651711078       -1.9667132219773422E-014  0.47504239228654210       0.78539909798787400     
   5.8175686490358203E-014  0.61669413699720099       -2.6042282811401237E-014  0.49525966109280262       0.78539909798787400     
  -6.8833827526759706E-014  0.64800354547138550       -2.3791202182641283E-014  0.51511762040245213       0.78539909798787388     
  -8.5709217501062085E-014  0.67979883610637382       -2.5871978319827213E-014  0.53457069155362147       0.78539909798787400     
  -2.8421709430404007E-014  0.71208388048640003       -3.2867446329746467E-014  0.55356742191422992       0.78539909798787377     
  -9.0150109599562711E-014  0.74485769285557479       -2.0992868502502041E-014  0.57205070811307746       0.78539909798787377     
   8.5709217501062085E-014  0.77811465864475915       -2.3835625590230432E-014  0.58995816945187451       0.78539909798787411     
  -1.0036416142611415E-013  0.81184491192578534       -2.3281485170385234E-014  0.60722264925453562       0.78539909798787377     
  -3.9968028886505635E-015  0.84603484292798559       -2.6005367254447788E-014  0.62377281783366412       0.78539909798787388     
   1.0524914273446484E-013  0.88066771305449043       -2.1658153828610556E-014  0.63953384787846312       0.78539909798787377     
   5.3290705182007514E-015  0.91572435208975422       -2.2681800323568947E-014  0.65442813149813750       0.78539909798787400     
  -6.6169292267659330E-014  0.95118391048332995       -2.2704830478782549E-014  0.66837600785060047       0.78539909798787400     
  -9.5479180117763462E-014  0.98702463879668967       -2.3060318893515293E-014  0.68129647124716963       0.78539909798787388     
  -2.3536728122053319E-014   1.0232246666074780       -2.4874021299546797E-014  0.69310783176790203       0.78539909798787377     
  -3.3306690738754696E-014   1.0597627542898076       -2.5651714469825986E-014  0.70372830358755478       0.78539909798787355     
  -9.1926466438962962E-014   1.0966189930686401       -2.1727480273327889E-014  0.71307650024288027       0.78539909798787377     
  -1.3189449532546860E-013   1.1337754315190689       -1.1830831649828575E-014  0.72107182079881404       0.78539909798787377     
  -1.1857181902996672E-013   1.1712166100660304       -2.3604739882359401E-014  0.72763471603605745       0.78539909798787388     
  -1.3322676295501878E-015   1.2089299889059495       -3.3404199779803087E-014  0.73268682916881400       0.78539909798787411     
  -1.0480505352461478E-013   1.2469062590261579       -2.9896138757785559E-014  0.73615101101638181       0.78539909798787366     
  -9.2814644858663087E-014   1.2851395303836610       -2.0003591261045711E-014  0.73795121471248804       0.78539909798787400     
  -1.6830981053317373E-013   1.3236273957430078       -2.4527779329472604E-014  0.73801227978963690       0.78539909798787400     
  -5.0182080713057076E-014   1.3623708729946862       -3.0282245745460925E-014  0.73625961963086906       0.78539909798787400     
  -1.6608936448392342E-013   1.4013742327916057       -2.4364856838875418E-014  0.73261882966418690       0.78539909798787400     
   2.9753977059954195E-014   1.4406447220025962       -3.7327202018696889E-014  0.72701523621853692       0.78539909798787388     
  -2.0428103653102880E-014   1.4801921966113287       -2.6057770321100299E-014  0.71937340755310242       0.78539909798787411     
   5.7731597280508140E-015   1.5200286802297081       -2.8817478321490414E-014  0.70961664920032463       0.78539909798787400     
   4.7517545453956700E-014   1.5601678663018617       -2.7170907993563097E-014  0.69766650544566433       0.78539909798787400     
   1.0302869668521453E-013   1.6006245832519395       -2.7096571843496350E-014  0.68344228752367697       0.78539909798787400     
   3.9968028886505635E-015   1.6414142423399602       -2.5818855990925346E-014  0.66686064706393511       0.78539909798787388     
   1.4654943925052066E-014   1.6825522877766543       -3.4231851915558389E-014  0.64783521055299942       0.78539909798787400     
  -1.8651746813702630E-014   1.7240536677913552       -3.8154130017226780E-014  0.62627628725454532       0.78539909798787400     
   8.8817841970012523E-016   1.7659323438731445       -3.1943841588528091E-014  0.60209065929576888       0.78539909798787411     
   9.3258734068513149E-014   1.8082008534232776       -2.6608842627852040E-014  0.57518145867052517       0.78539909798787444     
  -1.1990408665951691E-014   1.8508699386079090       -2.8205710740111620E-014  0.54544813188534902       0.78539909798787422     
   4.4408920985006262E-014   1.8939482514317687       -2.4361834439191873E-014  0.51278648907514290       0.78539909798787400     
  -4.7961634663806763E-014   1.9374421420538890       -2.5689087874543420E-014  0.47708883079380082       0.78539909798787400     
   3.1530333899354446E-014   1.9813555342249405       -3.2425216166464138E-014  0.43824414248200305       0.78539909798787400     
   6.2616578588858829E-014   2.0256898886130568       -2.8757873651559589E-014  0.39613834396996761       0.78539909798787400     
   1.7008616737257398E-013   2.0704442517410779       -2.0997695561509792E-014  0.35065457936336319       0.78539909798787444     
   2.1760371282653068E-014   2.1156153854278008       -1.9368929640335838E-014  0.30167353136583808       0.78539909798787444     
  -1.2922996006636822E-013   2.1611979690821648       -2.3732858550941255E-014  0.24907374354077255       0.78539909798787422     
  -1.1990408665951691E-014   2.2071848650136587       -2.3932794297113139E-014  0.19273193420920010       0.78539909798787433     
  -5.9507954119908391E-014   2.2535674351723043       -2.0655716579923022E-014  0.13252328659273224       0.78539909798787444     
  -1.2301271112846734E-013   2.3003358964340537       -3.3556999735704796E-014   6.8321701376003061E-002  0.78539909798787444     
  -8.3488771451811772E-014   2.3474797015849731       -2.8687374174583244E-014  -1.1467394463975229E-014  0.78539909798796026     
