 force-1force-2force-3workmass
   2.2204460492503131E-015  -8.8817841970012523E-015  -1.9398089615056813E-014   0.0000000000000000       0.78539816362971659     
  -3.4194869158454821E-014  -2.9153767613880888E-003  -3.0046955999158078E-014  -4.3511998163662385E-007  0.78539816363331427     
  -3.4194869158454821E-014  -8.9157265758608162E-003  -2.5308517554125691E-014  -5.2959415860615033E-006  0.78539816362964998     
  -3.5527136788005009E-014  -1.7691475122129319E-002  -2.3082770883565649E-014  -2.3525239043656332E-005  0.78539816362965698     
  -4.8849813083506888E-015  -2.9106611428840523E-002  -2.4210175393204637E-014  -6.8458750080636899E-005  0.78539816362967174     
  -1.6431300764452317E-014  -4.3069191602331358E-002  -2.3748041373939521E-014  -1.5747173179601198E-004  0.78539816362969639     
  -2.2204460492503131E-014  -5.9504523366676665E-002  -2.2321342333614251E-014  -3.1168469339466764E-004  0.78539816362973358     
   6.2172489379008766E-015  -7.8339372178998445E-002  -2.4607481163319572E-014  -5.5564158202260627E-004  0.78539816362978554     
   4.4408920985006262E-016  -9.9490978498920413E-002  -2.5966442709003454E-014  -9.1690885784606602E-004  0.78539816362985460     
   1.3322676295501878E-014 -0.12285720618598361       -2.5078468054498008E-014  -1.4255428776774326E-003  0.78539816362994230     
   4.3964831775156199E-014 -0.14830509492956523       -2.5724812188217174E-014  -2.1133476027462850E-003  0.78539816363005177     
   3.0198066269804258E-014 -0.17565591662246050       -2.5042361881397960E-014  -3.0128063679293049E-003  0.78539816363018411     
   4.3520742565306136E-014 -0.20466743267962784       -2.3855020782370924E-014  -4.1555675531272929E-003  0.78539816363034154     
   8.0824236192711396E-014 -0.23501784326769481       -2.3370426288085302E-014  -5.5704516755916700E-003  0.78539816363052550     
   2.1316282072803006E-014 -0.26629887954791087       -2.6057375569159319E-014  -7.2811439645988907E-003  0.78539816363073778     
   3.3750779948604759E-014 -0.29802501401180059       -2.3708204003045087E-014  -9.3039684061808625E-003  0.78539816363098025     
   8.0824236192711396E-014 -0.32966095059423495       -2.6109631659031401E-014  -1.1646262062593116E-002  0.78539816363125436     
   1.6875389974302379E-014 -0.36066255211129850       -2.6147158576080126E-014  -1.4305770295132580E-002  0.78539816363156123     
   2.3980817331903381E-014 -0.39052106533777220       -2.6425723300534997E-014  -1.7271184635628156E-002  0.78539816363190273     
  -4.8849813083506888E-015 -0.41879973893416889       -3.0442280066133233E-014  -2.0523595306273013E-002  0.78539816363228021     
   2.6645352591003757E-015 -0.44515565894167963       -3.2451123222195551E-014  -2.4038405582850642E-002  0.78539816363269455     
   1.5987211554602254E-014 -0.46934543852585087       -3.1868099861119235E-014  -2.7787244678844192E-002  0.78539816363314729     
   3.3306690738754696E-014 -0.49121839653581922       -3.2197952698820190E-014  -3.1739585473765541E-002  0.78539816363363946     
   1.1102230246251565E-014 -0.51070329693683725       -3.1523623330386823E-014  -3.5864011351565028E-002  0.78539816363417203     
   1.1945999744966684E-013 -0.52779446482111680       -3.2852006439980580E-014  -4.0129268749279134E-002  0.78539816363474579     
   8.0824236192711396E-014 -0.54254109935464889       -3.1734348195879433E-014  -4.4505324556435299E-002  0.78539816363536163     
   2.1760371282653068E-014 -0.55504109330740370       -3.1291348277124907E-014  -4.8964615169392101E-002  0.78539816363602089     
  -3.9523939676655573E-014 -0.56543856715260965       -2.9561385287508030E-014  -5.3483561830188986E-002  0.78539816363672377     
   6.0840221749458578E-014 -0.57392308183428042       -2.5047302095738770E-014  -5.8044284804392277E-002  0.78539816363747128     
  -5.6399329650957952E-014 -0.58072816796345705       -2.6328232589696753E-014  -6.2636323922244275E-002  0.78539816363826387     
  -1.8385293287792592E-013 -0.58612723123690458       -2.7845859627125869E-014  -6.7258099784434533E-002  0.78539816363910231     
   8.6153306710912148E-014 -0.59042579116744953       -2.8945425416993600E-014  -7.1917846738285718E-002  0.78539816363998693     
   8.6597395920762210E-014 -0.59395007929376220       -2.4930939911659811E-014  -7.6633815030798802E-002  0.78539816364091852     
   2.9753977059954195E-014 -0.59703297837459601       -2.5335964067681514E-014  -8.1433656409604760E-002  0.78539816364189730     
  -1.8207657603852567E-014 -0.59999890492685992       -2.3353520704406596E-014  -8.6353042394883284E-002  0.78539816364292359     
   1.3322676295501878E-014 -0.60314941064605065       -3.0003366933979819E-014  -9.1433680970125053E-002  0.78539816364399773     
   1.0302869668521453E-013 -0.60675101904621620       -3.3739707588632684E-014  -9.6720966444118428E-002  0.78539816364511994     
  -4.7961634663806763E-014 -0.61102625116974529       -2.3264694634194912E-014 -0.10226150615233287       0.78539816364629056     
  -6.6613381477509392E-014 -0.61614812179763945       -2.5125975551289147E-014 -0.10810072337691023       0.78539816364750958     
   9.0150109599562711E-014 -0.62223779834944892       -2.6509712135321907E-014 -0.11428066072320853       0.78539816364877701     
  -8.3488771451811772E-014 -0.62936474366685857       -3.4484032987880466E-014 -0.12083803078403665       0.78539816365009318     
  -5.9063864910058328E-014 -0.63754855885333761       -3.3093461563506735E-014 -0.12780250594631992       0.78539816365145765     
  -3.5971225997855072E-014 -0.64676186599917784       -3.2839955805256600E-014 -0.13519521989727279       0.78539816365287063     
   9.6811447747313650E-014 -0.65693382812078660       -3.7139548150476000E-014 -0.14302746882500195       0.78539816365433135     
   8.6153306710912148E-014 -0.66795418315501109       -4.2777982425542204E-014 -0.15129963793480794       0.78539816365583981     
   5.5955240441107890E-014 -0.67967787677230618       -3.0679960376550071E-014 -0.16000042017893001       0.78539816365739568     
  -7.9491968563161208E-014 -0.69193046287858095       -2.9364030398160604E-014 -0.16910642126659869       0.78539816365899895     
   2.2781776465308212E-013 -0.70451439638454438       -2.5431915182276164E-014 -0.17858224661014166       0.78539816366064852     
   1.9007018181582680E-013 -0.71721620400370156       -1.8992135653904904E-014 -0.18838113927879618       0.78539816366234405     
  -6.5281113847959205E-014 -0.72981434132881340       -3.3382254220634831E-014 -0.19844618944732551       0.78539816366408521     
   8.6153306710912148E-014 -0.74208738517840089       -4.0792932792189164E-014 -0.20871207708142503       0.78539816366587079     
   8.3488771451811772E-014 -0.75382211304874325       -4.2171791552256956E-014 -0.21910725456744595       0.78539816366770077     
   3.7303493627405260E-014 -0.76482100552465226       -4.1322368094640290E-014 -0.22955643588219132       0.78539816366957349     
   1.9761969838327786E-013 -0.77490876918369800       -2.8013941426032911E-014 -0.23998324027323203       0.78539816367148851     
   6.2616578588858829E-014 -0.78393759278535313       -2.7345875132622490E-014 -0.25031284125154762       0.78539816367344484     
  -4.4053649617126212E-013 -0.79179098682474347       -2.1687227269701911E-014 -0.26047449119700161       0.78539816367544113     
   1.7763568394002505E-014 -0.79838618424140861       -2.1685924979071888E-014 -0.27040381996835627       0.78539816367747650     
  -1.8918200339612667E-013 -0.80367517585038684       -2.4797772715453538E-014 -0.28004483431974148       0.78539816367954962     
   3.1530333899354446E-014 -0.80764450908535501       -3.3943742279938942E-014 -0.28935156769197334       0.78539816368165927     
  -3.5527136788005009E-015 -0.81031399600503562       -3.4170569704008886E-014 -0.29828934437488996       0.78539816368380388     
   1.1102230246251565E-013 -0.81173446863647492       -3.7578875538610361E-014 -0.30683562914458840       0.78539816368598225     
   1.3677947663381929E-013 -0.81198470248992827       -3.8266710910562954E-014 -0.31498043687785415       0.78539816368819293     
   1.1057821325266559E-013 -0.81116761646400981       -5.6009413677465526E-014 -0.32272628088067012       0.78539816369043403     
  -1.6076029396572267E-013 -0.80940585786502339       -4.4044714612293688E-014 -0.33008764757376063       0.78539816369270365     
  -6.3060667798708891E-014 -0.80683689634994415       -6.6527558164816689E-014 -0.33709000059983651       0.78539816369500093     
   5.3290705182007514E-014 -0.80360777603932831       -4.9292115299621478E-014 -0.34376833894382308       0.78539816369732329     
   2.6645352591003757E-015 -0.79986970240814870       -5.0803153900354608E-014 -0.35016535858083486       0.78539816369966986     
  -5.7731597280508140E-015 -0.79577266118427659       -5.4062459748152986E-014 -0.35632929173660699       0.78539816370203752     
  -3.7525538232330291E-013 -0.79146027375744232       -5.3349246412464133E-014 -0.36231151827958819       0.78539816370442539     
  -1.0702549957386509E-013 -0.78706508382751927       -5.6545095738049506E-014 -0.36816405689809972       0.78539816370683080     
   3.0686564400639327E-013 -0.78270444484204482       -5.8466656120291416E-014 -0.37393704852328646       0.78539816370925208     
   1.4432899320127035E-013 -0.77847714033754123       -5.7980180357772795E-014 -0.37967634083471680       0.78539816371168703     
  -1.8607337892717624E-013 -0.77446082600481958       -5.3866805582751919E-014 -0.38542127251286384       0.78539816371413307     
  -9.1038288019262836E-014 -0.77071033880566198       -5.9544868190023237E-014 -0.39120274142093514       0.78539816371658844     
   2.4602542225693469E-013 -0.76725687874231419       -6.7874545260721282E-014 -0.39704162412532984       0.78539816371905102     
   1.7585932710062480E-013 -0.76410803674484740       -6.8196582998952714E-014 -0.40294759750216702       0.78539816372151772     
  -4.5741188614556449E-014 -0.76124861659122267       -5.5187321048701356E-014 -0.40891839687707243       0.78539816372398685     
  -1.9628743075372768E-013 -0.75864217963141201       -7.7045401917914837E-014 -0.41493952980994120       0.78539816372645566     
   9.4146912488213275E-014 -0.75623322657187408       -4.8633014762391874E-014 -0.42098444996739204       0.78539816372892191     
   1.1679546219056647E-013 -0.75394991815059598       -4.7740008316037475E-014 -0.42701518060539279       0.78539816373138316     
  -1.7763568394002505E-013 -0.75170722600626938       -6.1524549470307936E-014 -0.43298336217960909       0.78539816373383609     
  -3.1397107136399427E-013 -0.74941039564648015       -8.2178964253310993E-014 -0.43883168332091316       0.78539816373627902     
  -1.9895196601282805E-013 -0.74695859599787262       -6.9859256727221965E-014 -0.44449563955483917       0.78539816373870930     
   1.0258460747536446E-013 -0.74424862591534691       -7.5666088099548483E-014 -0.44990555078992855       0.78539816374112381     
   1.7319479184152442E-014 -0.74117854809567696       -8.8600327098625454E-014 -0.45498875767659008       0.78539816374352034     
  -1.3411494137471891E-013 -0.73765112635081564       -9.1919682754108258E-014 -0.45967190970504568       0.78539816374589599     
   2.3669954885008337E-013 -0.73357695297326764       -5.9544363180572680E-014 -0.46388325482827319       0.78539816374824856     
   2.7933211299568939E-013 -0.72887716865430541       -9.9998544961586229E-014 -0.46755484178889084       0.78539816375057481     
   4.4408920985006262E-014 -0.72348569702579724       -1.1704796187824803E-013 -0.47062455197249520       0.78539816375287275     
   7.9669604247101233E-013 -0.71735093780418246       -9.7928486081603634E-014 -0.47303788679738190       0.78539816375513949     
   1.1057821325266559E-013 -0.71043688535584337       -8.6746135549741013E-014 -0.47474944863904511       0.78539816375737215     
   2.6822988274943782E-013 -0.70272366203427339       -8.0427388974650126E-014 -0.47572406725375238       0.78539816375956883     
   1.0969003483296547E-013 -0.69420747630110036       -8.4678637074602927E-014 -0.47593753843241515       0.78539816376172655     
  -2.9620750296999176E-013 -0.68490003488421003       -1.0800259857718735E-013 -0.47537695723751483       0.78539816376384308     
   4.1211478674085811E-013 -0.67482745459160398       -1.1484982625638447E-013 -0.47404064340733143       0.78539816376591598     
  -5.1647575105562282E-013 -0.66402873324432754       -1.1714220053243020E-013 -0.47193767125549080       0.78539816376794269     
  -2.6645352591003757E-015 -0.65255385100994090       -1.1904312234273944E-013 -0.46908703069078861       0.78539816376992122     
   5.8220095411343209E-013 -0.64046158198461356       -1.0313157739060439E-013 -0.46551645867299740       0.78539816377184968     
  -6.7501559897209518E-014 -0.62781710225709197       -8.1296119791705389E-014 -0.46126099193090120       0.78539816377372518     
  -7.1942451995710144E-014 -0.61468948407898338       -7.1528167501936399E-014 -0.45636130123445362       0.78539816377554628     
  -6.8833827526759706E-014 -0.60114916616188907       -8.1594911460596964E-014 -0.45086187462141503       0.78539816377731120     
  -7.7715611723760958E-014 -0.58726548745191742       -8.9014680272891430E-014 -0.44480912138415363       0.78539816377901750     
  -2.3225865675158275E-013 -0.57310436647125940       -7.0801669549316824E-014 -0.43824947041437490       0.78539816378066452     
   3.2951419370874646E-013 -0.55872619938461554       -4.1252421330448078E-014 -0.43122753463449293       0.78539816378224980     
  -5.9019455989073322E-013 -0.54418404003508947       -7.7991953381927890E-014 -0.42378440954540508       0.78539816378377258     
   3.3173463975799677E-013 -0.52952211172042674       -5.2913071441537472E-014 -0.41595616632238475       0.78539816378523153     
   1.1635137298071641E-013 -0.51477468736779919       -6.0833805714141232E-014 -0.40777259130215171       0.78539816378662519     
  -1.6830981053317373E-013 -0.49996535991275515       -1.2209235082338836E-013 -0.39925621254346844       0.78539816378795302     
  -8.5265128291212022E-014 -0.48510671008521378       -7.9157262504882327E-014 -0.39042164198393969       0.78539816378921423     
  -5.1114668053742207E-013 -0.47020036524938291       -1.0927644269037422E-013 -0.38127524932278334       0.78539816379040794     
   3.4949820815199928E-013 -0.45523742937163014       -1.3057735520151068E-013 -0.37181517043928025       0.78539816379153404     
  -5.2446935683292395E-013 -0.44019925303635432       -8.0369494807656411E-014 -0.36203164102711760       0.78539816379259242     
  -2.9176661087149114E-013 -0.42505850188854311       -4.6738115009119494E-014 -0.35190763394753155       0.78539816379358229     
  -3.7925218521195347E-013 -0.40978047403022266       -7.2535485075138671E-014 -0.34141976845619837       0.78539816379450478     
   9.2370555648813024E-014 -0.39432461058369483       -5.0076537754664099E-014 -0.33053945022489728       0.78539816379536020     
  -4.8094861426761781E-013 -0.37864613937114555       -8.2696289459225944E-014 -0.31923419356544436       0.78539816379614857     
  -3.0286884111774270E-013 -0.36269779001218438       -9.5629865542619158E-014 -0.30746907213144681       0.78539816379687144     
   3.0198066269804258E-014 -0.34643151871070899       -4.9060961865798836E-014 -0.29520824096202247       0.78539816379752958     
   1.1679546219056647E-013 -0.32980018336130357       -6.6069214098674968E-014 -0.28241647181705076       0.78539816379812422     
   9.6100905011553550E-013 -0.31275911415018243       -9.8628877032916022E-014 -0.26906064529046070       0.78539816379865712     
   1.1191048088221578E-013 -0.29526753014067353       -1.1671071603639386E-013 -0.25511114604154272       0.78539816379913041     
   5.5955240441107890E-013 -0.27728976049515808       -1.5782702088360096E-013 -0.24054311346701773       0.78539816379954586     
  -2.0738966099997924E-013 -0.25879623702293841       -1.5332889646869832E-013 -0.22533750672319641       0.78539816379990612     
  -5.1114668053742207E-013 -0.23976423424758231       -1.4944763866198160E-013 -0.20948195152105242       0.78539816380021354     
   9.2814644858663087E-014 -0.22017834296688399       -1.0875899081474902E-013 -0.19297134548315142       0.78539816380047178     
   3.0997426847534371E-013 -0.20003067285063381       -1.4257434933200382E-013 -0.17580820856013091       0.78539816380068339     
  -6.2305716141963785E-013 -0.17932078936789075       -1.1188421189999476E-013 -0.15800277528625628       0.78539816380085292     
   1.7452705947107461E-013 -0.15805539881623965       -1.1476709425105682E-013 -0.13957283513101437       0.78539816380098271     
   1.1146639167236572E-013 -0.13624780357326571       -1.7030628561648976E-013 -0.12054333674219109       0.78539816380107830     
   4.3653969328261155E-013 -0.11391715617238241       -1.4026711892887581E-013 -0.10094577982979480       0.78539816380114325     
   1.7630341631047486E-013  -9.1087546715280965E-002  -1.1655736294035072E-013  -8.0817425823131117E-002  0.78539816380118288     
  -5.8841820305133297E-013  -6.7786962037832410E-002  -1.5334533832961915E-013  -6.0200363873741836E-002  0.78539816380120187     
  -8.5265128291212022E-013  -4.4046157842062783E-002  -1.5542391962785658E-013  -3.9140472966249007E-002  0.78539816380120575     
  -1.0618173007514997E-012  -1.9897486112611773E-002  -1.7220858484094870E-013  -1.7686323250257985E-002  0.78539816380119976     
  -1.0720313525780512E-012   4.6262801611334226E-003  -1.4040217572670024E-013   4.1119395853783658E-003  0.78539816380119065     
  -8.2156503822261584E-014   2.9493084680057180E-002  -1.7398471969585849E-013   2.6203684079334266E-002  0.78539816380118366     
  -7.5939254884360707E-014   5.4672650802169542E-002  -1.5489840112488408E-013   4.8538816763374015E-002  0.78539816380118599     
   2.3758772726978350E-013   8.0137436710909782E-002  -1.6456297977085328E-013   7.1068703719879167E-002  0.78539816380120375     
  -4.9960036108132044E-013  0.10586345497842409       -1.8306189063890921E-013   9.3746959102329441E-002  0.78539816380124450     
  -2.3936408410918375E-013  0.13183093444892435       -2.1601512345221185E-013  0.11653007591531406       0.78539816380131511     
   4.1833203567875898E-013  0.15802480886566350       -9.5669269615037623E-014  0.13937788141951835       0.78539816380142358     
   9.0594198809412774E-013  0.18443502321243344       -1.5408251656033980E-013  0.16225380681952473       0.78539816380157679     
  -1.5365486660812167E-013  0.21105665532359197       -1.4206301758033847E-013  0.18512496831060510       0.78539816380178396     
   3.0642155479654321E-014  0.23788985686785757       -1.7407468219321030E-013  0.20796206395212735       0.78539816380205174     
  -1.5232259897857148E-013  0.26493962366552992       -8.6106823342698402E-014  0.23073909752579702       0.78539816380238991     
  -6.3771210534468992E-013  0.29221541074702628       -1.4640660962500036E-013  0.25343294670194538       0.78539816380280558     
   1.9761969838327786E-013  0.31973061221757426       -1.3725929924460854E-013  0.27602279806620622       0.78539816380330907     
   4.2632564145606011E-013  0.34750192952488135       -1.5160637875919482E-013  0.29848947550535598       0.78539816380390803     
   4.5963233219481481E-013  0.37554865481341615       -2.1360707939670685E-013  0.32081469166628906       0.78539816380461214     
   3.3884006711559778E-013  0.40389189749164345       -1.7681777469014170E-013  0.34298025362010165       0.78539816380543026     
   7.2830630415410269E-014  0.43255378287155466       -1.4587631132845037E-013  0.36496725429787880       0.78539816380637140     
   3.8902214782865485E-013  0.46155665160244297       -1.1872631634925305E-013  0.38675528058462838       0.78539816380744543     
   3.0775382242609339E-013  0.49092228716289021       -1.4213763917417657E-013  0.40832166681400928       0.78539816380866090     
   3.5571545708990016E-013  0.52067119647611371       -1.2764469474632371E-013  0.42964081935039999       0.78539816381002803     
   4.5297099404706387E-014  0.55082196594198685       -1.5671844082157462E-013  0.45068363417766477       0.78539816381155569     
  -1.1026735080577055E-012  0.58139071159600419       -1.9473625337786667E-013  0.47141702480566927       0.78539816381325334     
   6.0218496855668491E-013  0.61239063784032410       -1.4278614509300932E-013  0.49180357256190987       0.78539816381513028     
   3.3573144264664734E-013  0.64383171522200477       -1.0057637729397089E-013  0.51180130633935406       0.78539816381719563     
  -5.0048853950102057E-013  0.67572048284018926       -3.1431587392887841E-015  0.53136361320911085       0.78539816381945893     
  -2.4868995751603507E-013  0.70805997670067100       -6.9993925009644317E-014  0.55043927633231604       0.78539816382192873     
  -3.1841196346249490E-013  0.74084978089786802       -8.5608638486117376E-014  0.56897263172955981       0.78539816382461436     
  -1.0320633236915455E-012  0.77408619438033810       -4.6345041915533036E-014  0.58690383115258093       0.78539816382752348     
  -5.0226489634042082E-013  0.80776250255355464       -1.0267192837153420E-013  0.60416919483493814       0.78539816383066507     
  -2.1138646388862981E-013  0.84186933979358614       -1.9245849416907647E-013  0.62070163506907505       0.78539816383404759     
  -9.9076302717548970E-013  0.87639512648405571       -1.5902811492180439E-013  0.63643112969170801       0.78539816383767835     
  -5.2047255394427339E-013  0.91132656229193465       -1.5316072933173221E-013  0.65128522353294471       0.78539816384156558     
  -2.6645352591003757E-014  0.94664915644739267       -2.2992950289370914E-013  0.66518953595414132       0.78539816384571548     
  -1.2256862191861728E-013  0.98234777524746164       -1.5255602718176572E-013  0.67806825332093901       0.78539816385013528     
   2.1804780203638074E-013   1.0184071872530396       -1.3566250030442216E-013  0.68984458687271655       0.78539816385483130     
   6.1151084196353622E-013   1.0548125877573842       -3.1759027301519072E-014  0.70044117891532132       0.78539816385980954     
   3.3306690738754696E-013   1.0915500855364986       -7.7425688367755012E-015  0.70978044312010269       0.78539816386507488     
  -5.1647575105562282E-013   1.1286071367751624       -6.8974601700425666E-014  0.71778482798012355       0.78539816387063277     
   3.3750779948604759E-014   1.1659729138950112       -6.9115669562701530E-014  0.72437699637807107       0.78539816387648653     
   5.2091664315412345E-013   1.2036385994291336       -6.9396768738282692E-014  0.72947991775686560       0.78539816388264039     
   9.4457774935108318E-013   1.2415975982373411       -9.8037823311281786E-014  0.73301687324255482       0.78539816388909656     
  -7.6738615462090820E-013   1.2798456644677376       -1.2075566470227243E-013  0.73491137764357894       0.78539816389585837     
  -1.9451107391432743E-013   1.3183809426410775       -1.5307928354960866E-013  0.73508702542649562       0.78539816390292705     
   7.8337336617551045E-013   1.3572039253412953       -1.4179746508412542E-013  0.73346727065354411       0.78539816391030248     
   3.3972824553529790E-013   1.3963173325197822       -1.0308180043470576E-013  0.72997515299868088       0.78539816391798623     
   5.3024251656097476E-013   1.4357259200736205       -9.5814300191730516E-014  0.72453298372998276       0.78539816392597595     
   1.9673151996357774E-013   1.4754362274540540       -1.3562729705465875E-013  0.71706200654266450       0.78539816393427131     
   5.1514348342607263E-014   1.5154562753373764       -8.6868407861216038E-014  0.70748204826766692       0.78539816394286888     
  -8.7929663550312398E-014   1.5557952262360555       -4.4254774119406549E-014  0.69571117449687581       0.78539816395176576     
  -3.5216274341109965E-013   1.5964630210366835       -2.7121367887171792E-014  0.68166536392158772       0.78539816396095763     
  -3.7925218521195347E-013   1.6374700050028395       -3.8428103050412769E-017  0.66525821387250783       0.78539816397043904     
   4.4408920985006262E-015   1.6788265565800504       -8.6746799330472222E-015  0.64640068761320713       0.78539816398020412     
  -3.5837999234900053E-013   1.7205427313772343       -1.2223680482976190E-014  0.62500091151462467       0.78539816399024542     
  -1.1679546219056647E-013   1.7626279329731300       -4.2634032452471565E-015  0.60096402783433511       0.78539816400055495     
  -2.3980817331903381E-014   1.8050906205260002        1.0282807151763796E-014  0.57419210602683179       0.78539816401112383     
  -1.9095836023552692E-013   1.8479380615615391        2.7655702422911995E-014  0.54458411285057151       0.78539816402194107     
  -6.8833827526759706E-014   1.8911761364018087        5.6043407877512216E-015  0.51203593893078114       0.78539816403299634     
  -3.2196467714129540E-013   1.9348091986017124        4.2623968984157856E-015  0.47644047702576797       0.78539816404427709     
  -5.2491344604277401E-013   1.9788399937383758       -1.7710814636266264E-015  0.43768774517502163       0.78539816405576990     
  -2.9887203822909214E-013   2.0232696366874112        1.9673813390723126E-014  0.39566504615907983       0.78539816406746110     
  -5.3557158707917552E-013   2.0680976456143032        4.3759996665333607E-014  0.35025715345651998       0.78539816407933505     
  -5.8841820305133297E-013   2.1133220290253387        6.4732647062149430E-014  0.30134651307632376       0.78539816409137586     
  -1.3056222769591841E-013   2.1589394205174433        7.9420458797217464E-014  0.24881345033578572       0.78539816410356589     
  -8.8817841970012523E-014   2.2049452545643984        9.1547407599807365E-014  0.19253637086486863       0.78539816411588759     
  -2.1449508835758024E-013   2.2513339754885404        1.0743269019221709E-013  0.13239194576256885       0.78539816412832053     
   1.3411494137471891E-013   2.2980992710205328        1.0896298578806923E-013   6.8255271923752359E-002  0.78539816414084629     
  -5.1070259132757201E-014   2.3452343213987721        1.1184645214698675E-013  -1.1456425823735502E-014  0.78539816415344343     
