0.0021798807669,2.4785729025e-12,-1.19348975145e-13,-2.79413898915e-17
0.0043597615337,1.1324274851e-11,-1.13797860025e-13,-2.7921094902e-16
0.0065396423006,2.6229018957e-11,3.1641356202e-13,-1.19409556805e-15
0.0087195230674,4.56412685425e-11,5.5788706985e-13,-3.2791190093e-15
0.010899403834,7.0998762425e-11,3.7192471325e-13,-7.245110242e-15
0.013079284601,1.02906572155e-10,5.8009153035e-13,-1.38908814335e-14
0.015259165368,1.40260025815e-10,6.661338148e-13,-2.3923625673e-14
0.017439046135,1.8303969451e-10,-4.9960036108e-13,-3.822909165e-14
0.019618926902,2.3197832544e-10,-2.29261054585e-12,-5.776632284e-14
0.021798807669,2.86903834025e-10,-3.5471625637e-12,-8.344278729e-14
0.023978688435,3.4743874444e-10,-4.4825254619e-12,-1.16213781415e-13
0.026158569202,4.13871714675e-10,-5.5622173535e-12,-1.5711813034e-13
0.028338449969,4.86519158295e-10,-6.672440378e-12,-2.0722750262e-13
0.030518330736,5.6534499305e-10,-7.760458942e-12,-2.67560795815e-13
0.032698211503,6.5036032115e-10,-8.9150908875e-12,-3.39218478395e-13
0.03487809227,7.416789405e-10,-1.0058620603e-11,-4.23306344585e-13
0.037057973036,8.39275871e-10,-1.1129985822e-11,-5.2104668355e-13
0.039237853803,9.4309282605e-10,-1.21846976955e-11,-6.335087646e-13
0.04141773457,1.05321029675e-09,-1.32477362415e-11,-7.619082595e-13
0.043597615337,1.1697087743e-09,-1.4244161406e-11,-9.073953227e-13
0.045777496104,1.2925910342e-09,-1.52100554375e-11,-1.071198825e-12
0.047957376871,1.421879281e-09,-1.62037050445e-11,-1.25462682215e-12
0.050137257638,1.5576012702e-09,-1.71973546515e-11,-1.4587610742e-12
0.052317138404,1.6998430441e-09,-1.8224310949e-11,-1.68505236315e-12
0.054497019171,1.8486184805e-09,-1.93317584165e-11,-1.9346186966e-12
0.056676899938,2.00397198835e-09,-2.0433654768e-11,-2.20879031815e-12
0.058856780705,2.1659368743e-09,-2.15077955445e-11,-2.50885246985e-12
0.061036661472,2.33451868945e-09,-2.26096918965e-11,-2.83633239935e-12
0.063216542239,2.5097285361e-09,-2.3683832673e-11,-3.1921639645e-12
0.065396423006,2.6916191498e-09,-2.46747067225e-11,-3.5780613462e-12
0.067576303772,2.88024049055e-09,-2.557676293e-11,-3.9952926203e-12
0.069756184539,3.075645294e-09,-2.6512125828e-11,-4.4450473954e-12
0.071936065306,3.2778502135e-09,-2.7658431101e-11,-4.9291414949e-12
0.074115946073,3.4868358201e-09,-2.9051760997e-11,-5.448671701e-12
0.07629582684,3.702563256e-09,-3.06421554795e-11,-6.005073636e-12
0.078475707607,3.9250158679e-09,-3.2285285556e-11,-6.5999574905e-12
0.080655588374,4.15419365575e-09,-3.38978844995e-11,-7.2347625925e-12
0.08283546914,4.39011049735e-09,-3.5468850079e-11,-7.9111662525e-12
0.085015349907,4.63279137275e-09,-3.70370401015e-11,-8.6302940985e-12
0.087195230674,4.88220019965e-09,-3.87218035415e-11,-9.39395542e-12
0.089375111441,5.138292569e-09,-4.05175892835e-11,-1.02037153245e-11
0.091554992208,5.400976888e-09,-4.23605595045e-11,-1.10612211445e-11
0.093734872975,5.670214298e-09,-4.41979786105e-11,-1.1968103777e-11
0.095914753741,5.9459298595e-09,-4.60270710435e-11,-1.2926119492e-11
0.098094634508,6.228140226e-09,-4.7864490149e-11,-1.39366081295e-11
0.10027451528,6.5168037635e-09,-4.98046048845e-11,-1.5001789544e-11
0.10245439604,6.8119482275e-09,-5.1875170825e-11,-1.61231350645e-11
0.10463427681,7.1135153325e-09,-5.418998583e-11,-1.7302284239e-11
0.10681415758,7.4214911995e-09,-5.6768478805e-11,-1.85412048805e-11
0.10899403834,7.7358147665e-09,-5.968003869e-11,-1.9842139181e-11
0.11117391911,8.056383338e-09,-6.2880256555e-11,-2.12063400185e-11
0.11335379988,8.3830831165e-09,-6.6352479065e-11,-2.2637106099e-11
0.11553368064,8.7157947525e-09,-6.996903057e-11,-2.4134482675e-11
0.11771356141,9.0543239575e-09,-7.362166432e-11,-2.57018369675e-11
0.11989344218,9.398543055e-09,-7.7227113595e-11,-2.73405739905e-11
0.12207332294,9.74829939e-09,-8.081313396e-11,-2.90540859765e-11
0.12425320371,1.0103501369e-08,-8.4396378775e-11,-3.0842737981e-11
0.12643308448,1.0464090705e-08,-8.8151708155e-11,-3.2710385073e-11
0.12861296524,1.08299869075e-08,-9.2215124425e-11,-3.465864828e-11
0.13079284601,1.1201117811e-08,-9.667266987e-11,-3.66896596185e-11
0.13297272678,1.15773696185e-08,-1.0154377339e-10,-3.8806553074e-11
0.13515260754,1.1958539714e-08,-1.06761821605e-10,-4.1010801195e-11
0.13733248831,1.23443699705e-08,-1.12213016655e-10,-4.33058268035e-11
0.13951236908,1.27345967105e-08,-1.1777523401e-10,-4.5693092787e-11
0.14169224985,1.31289257245e-08,-1.2332079802e-10,-4.81769257405e-11
0.14387213061,1.35270600275e-08,-1.2886081091e-10,-5.075967929e-11
0.14605201138,1.3928769249e-08,-1.3442580382e-10,-5.3442488995e-11
0.14823189215,1.43337897105e-08,-1.40149003515e-10,-5.623043603e-11
0.15041177291,1.47418632855e-08,-1.4615253452e-10,-5.9124690735e-11
0.15259165368,1.51527429495e-08,-1.5260293029e-10,-6.212883061e-11
0.15477153445,1.55660789815e-08,-1.59519619735e-10,-6.524692888e-11
0.15695141521,1.59815272125e-08,-1.6694701177e-10,-6.8481045205e-11
0.15913129598,1.63986491055e-08,-1.74851799705e-10,-7.1834839475e-11
0.16131117675,1.68169478345e-08,-1.8315626793e-10,-7.5311228665e-11
0.16349105751,1.7235907146e-08,-1.9173829191e-10,-7.891447076e-11
0.16567093828,1.7654933071e-08,-2.00578442745e-10,-8.2647120195e-11
0.16785081905,1.80733789045e-08,-2.0959900482e-10,-8.651322506e-11
0.17003069981,1.84905618595e-08,-2.1880552925e-10,-9.051634807e-11
0.17221058058,1.89056992285e-08,-2.2827850721e-10,-9.4661685105e-11
0.17439046135,1.93179860995e-08,-2.38023489805e-10,-9.8949162515e-11
0.17657034211,1.97264926615e-08,-2.4815982602e-10,-1.0338738958e-10
0.17875022288,2.01302891025e-08,-2.5874580256e-10,-1.0797697465e-10
0.18093010365,2.05284123035e-08,-2.69861910595e-10,-1.12723474575e-10
0.18310998442,2.0919876942e-08,-2.8153313014e-10,-1.176311733e-10
0.18528986518,2.1303772635e-08,-2.93753910085e-10,-1.2270491488e-10
0.18746974595,2.16792278575e-08,-3.0654367933e-10,-1.279467005e-10
0.18964962672,2.204549876e-08,-3.1983582449e-10,-1.33362994085e-10
0.19182950748,2.24019747195e-08,-3.3361924334e-10,-1.38959218515e-10
0.19400938825,2.27481949945e-08,-3.4787173142e-10,-1.4473801507e-10
0.19618926902,2.30838487215e-08,-3.6254332869e-10,-1.5070437979e-10
0.19836914978,2.3408783245e-08,-3.77653464055e-10,-1.5686622507e-10
0.20054903055,2.3722984688e-08,-3.93224341975e-10,-1.63224971995e-10
0.20272891132,2.4026561296e-08,-4.09253186895e-10,-1.69786563055e-10
0.20490879208,2.43197406655e-08,-4.25803836635e-10,-1.7655654368e-10
0.20708867285,2.4602767046e-08,-4.42912373445e-10,-1.8354057233e-10
0.20926855362,2.48759485235e-08,-4.6063708403e-10,-1.90744189425e-10
0.21144843438,2.5139629267e-08,-4.7898907063e-10,-1.98172186165e-10
0.21362831515,2.53941034865e-08,-4.9799608881e-10,-2.0583059228e-10
0.21580819592,2.56396598395e-08,-5.177025475e-10,-2.13725662595e-10
0.21798807669,2.5876537024e-08,-5.3809734445e-10,-2.2186041691e-10
0.22016795745,2.6104932105e-08,-5.5916382635e-10,-2.30244908005e-10
0.22234783822,2.6324981084e-08,-5.8095750435e-10,-2.3888318232e-10
0.22452771899,2.6536800535e-08,-6.0343396945e-10,-2.4778137828e-10
0.22670759975,2.67404459685e-08,-6.26629304e-10,-2.56946469085e-10
0.22888748052,2.6935959019e-08,-6.505351813e-10,-2.66384584295e-10
0.23106736129,2.7123334134e-08,-6.7515992795e-10,-2.76100158285e-10
0.23324724205,2.7302557437e-08,-7.005285241e-10,-2.86100693335e-10
0.23542712282,2.74735956205e-08,-7.266631741e-10,-2.96395860385e-10
0.23760700359,2.7636437583e-08,-7.535666535e-10,-3.06988431835e-10
0.23978688435,2.77910333635e-08,-7.81266718e-10,-3.1788990919e-10
0.24196676512,2.79373330025e-08,-8.098188786e-10,-3.291025566e-10
0.24414664589,2.80753226225e-08,-8.392175843e-10,-3.406361072e-10
0.24632652665,2.82049716915e-08,-8.694739373e-10,-3.524959109e-10
0.24850640742,2.83262607815e-08,-9.006045909e-10,-3.64689595395e-10
0.25068628819,2.84391926675e-08,-9.326317496e-10,-3.7722736148e-10
0.25286616895,2.85437673495e-08,-9.6556374005e-10,-3.90114061115e-10
0.25504604972,2.86400070325e-08,-9.993894601e-10,-4.03358132665e-10
0.25722593049,2.87279672275e-08,-1.03413111405e-09,-4.169671057e-10
0.25940581126,2.88076923425e-08,-1.0697859265e-09,-4.3094869608e-10
0.26158569202,2.8879232339e-08,-1.10638165295e-09,-4.4531018392e-10
0.26376557279,2.8942667707e-08,-1.14393494675e-09,-4.60061793685e-10
0.26594545356,2.8998109469e-08,-1.18245691015e-09,-4.75209842135e-10
0.26812533432,2.9045657546e-08,-1.22196697205e-09,-4.90760948125e-10
0.27030521509,2.9085392428e-08,-1.262492888e-09,-5.0672757605e-10
0.27248509586,2.91174445665e-08,-1.3040568625e-09,-5.2311384375e-10
0.27466497662,2.9141933311e-08,-1.34671440665e-09,-5.3993044185e-10
0.27684485739,2.91589669075e-08,-1.3904516427e-09,-5.571863955e-10
0.27902473816,2.9168670257e-08,-1.4352907751e-09,-5.74890659e-10
0.28120461892,2.91711627075e-08,-1.48125400835e-09,-5.930490192e-10
0.28338449969,2.916659414e-08,-1.5283718735e-09,-6.1167406595e-10
0.28556438046,2.9155095005e-08,-1.57660828835e-09,-6.3077001485e-10
0.28774426122,2.91367846515e-08,-1.6259993352e-09,-6.503514615e-10
0.28992414199,2.9111871247e-08,-1.6765672184e-09,-6.704236565e-10
0.29210402276,2.90805018955e-08,-1.7283008358e-09,-6.9099756985e-10
0.29428390352,2.90428875395e-08,-1.7812112896e-09,-7.120817439e-10
0.29646378429,2.899923357e-08,-1.83533466205e-09,-7.3368347335e-10
0.29864366506,2.8949781461e-08,-1.8906542998e-09,-7.558130179e-10
0.30082354583,2.88947671345e-08,-1.94720350955e-09,-7.7848442325e-10
0.30300342659,2.88344376155e-08,-2.0050100469e-09,-8.017022766e-10
0.30518330736,2.8769045479e-08,-2.06406836065e-09,-8.2547705555e-10
0.30736318813,2.86988266485e-08,-2.1244450643e-09,-8.4982106495e-10
0.30954306889,2.8624050352e-08,-2.1861318311e-09,-8.747390551e-10
0.31172294966,2.85449552885e-08,-2.2491924989e-09,-9.0024368155e-10
0.31390283043,2.84617690525e-08,-2.31361874105e-09,-9.263470628e-10
0.31608271119,2.83747525475e-08,-2.37949659975e-09,-9.5305685055e-10
0.31826259196,2.8284133369e-08,-2.44681497285e-09,-9.803827619e-10
0.32044247273,2.8190214052e-08,-2.51561271815e-09,-1.00833185075e-09
0.32262235349,2.80932888065e-08,-2.58591204005e-09,-1.0369241621e-09
0.32480223426,2.79937434345e-08,-2.65772404085e-09,-1.0661552188e-09
0.32698211503,2.7891960963e-08,-2.73103206715e-09,-1.09605195555e-09
0.32916199579,2.77884548705e-08,-2.80583889455e-09,-1.12660809215e-09
0.33134187656,2.76837774925e-08,-2.88215562525e-09,-1.1578466836e-09
0.33352175733,2.75785505545e-08,-2.9599378504e-09,-1.18977311745e-09
0.3357016381,2.7473498476e-08,-3.0392105499e-09,-1.2223930931e-09
0.33788151886,2.73693651075e-08,-3.1199293149e-09,-1.25572649765e-09
0.34006139963,2.72669609115e-08,-3.20215520765e-09,-1.28977806475e-09
0.3422412804,2.7167110228e-08,-3.28586324815e-09,-1.32456028655e-09
0.34442116116,2.7070670705e-08,-3.3710922942e-09,-1.3600805717e-09
0.34660104193,2.69784944385e-08,-3.4578562236e-09,-1.39635527095e-09
0.3487809227,2.68913835645e-08,-3.54619666965e-09,-1.43338938835e-09
0.35096080346,2.68100791565e-08,-3.6361469391e-09,-1.47119781365e-09
0.35314068423,2.6735361147e-08,-3.7277153586e-09,-1.50978989925e-09
0.355320565,2.66678068515e-08,-3.82095743935e-09,-1.5491706215e-09
0.35750044576,2.66080241175e-08,-3.9158981613e-09,-1.589360754e-09
0.35968032653,2.6556495891e-08,-4.0125236467e-09,-1.6303653102e-09
0.3618602073,2.6513594098e-08,-4.1108949578e-09,-1.67219804605e-09
0.36404008806,2.64796573555e-08,-4.21097601235e-09,-1.71486762395e-09
0.36621996883,2.6454893831e-08,-4.3127945659e-09,-1.7583828462e-09
0.3683998496,2.64394645065e-08,-4.41635061855e-09,-1.802756867e-09
0.37057973036,2.6433427669e-08,-4.5216358435e-09,-1.8480033161e-09
0.37275961113,2.6436738909e-08,-4.62865856755e-09,-1.89412804195e-09
0.3749394919,2.64493787985e-08,-4.73741601505e-09,-1.9411478116e-09
0.37711937267,2.6471161374e-08,-4.84789708375e-09,-1.98906785355e-09
0.37929925343,2.65019090005e-08,-4.96010177375e-09,-2.03790312995e-09
0.3814791342,2.65413996335e-08,-5.074035636e-09,-2.0876624609e-09
0.38365901497,2.65893168595e-08,-5.189670915e-09,-2.13835896265e-09
0.38583889573,2.66453942245e-08,-5.3070187135e-09,-2.19000036945e-09
0.3880187765,2.67092931105e-08,-5.426112337e-09,-2.24260299565e-09
0.39019865727,2.67806915535e-08,-5.546887949e-09,-2.29617086015e-09
0.39237853803,2.6859273139e-08,-5.6693899575e-09,-2.3507232184e-09
0.3945584188,2.6944727005e-08,-5.793629465e-09,-2.4062599865e-09
0.39673829957,2.70367617185e-08,-5.9196009205e-09,-2.4628019164e-09
0.39891818033,2.7135130254e-08,-6.047334855e-09,-2.5203588705e-09
0.4010980611,2.7239599465e-08,-6.176817391e-09,-2.5789359666e-09
0.40327794187,2.73499750625e-08,-6.3081068145e-09,-2.6385482303e-09
0.40545782263,2.7466104391e-08,-6.441180922e-09,-2.6992055066e-09
0.4076377034,2.75878597745e-08,-6.576100775e-09,-2.76092919575e-09
0.40981758417,2.7715146844e-08,-6.712833067e-09,-2.8237084366e-09
0.41199746493,2.784791564e-08,-6.8514416365e-09,-2.8875745264e-09
0.4141773457,2.79861578355e-08,-6.991901502e-09,-2.9525291624e-09
0.41635722647,2.81298234705e-08,-7.1342404205e-09,-3.018580307e-09
0.41853710724,2.8278918096e-08,-7.278444514e-09,-3.085748793e-09
0.420716988,2.8433466692e-08,-7.4245137815e-09,-3.15403710365e-09
0.42289686877,2.85934720345e-08,-7.5724704285e-09,-3.22345950555e-09
0.42507674954,2.8758934123e-08,-7.7222839235e-09,-3.29402217775e-09
0.4272566303,2.892988904e-08,-7.873968144e-09,-3.3657411057e-09
0.42943651107,2.9106281274e-08,-8.027520315e-09,-3.4386323863e-09
0.43161639184,2.92881247035e-08,-8.1829404365e-09,-3.5126948056e-09
0.4337962726,2.94753554895e-08,-8.3402174055e-09,-3.58794803945e-09
0.43597615337,2.9667918122e-08,-8.4993539985e-09,-3.66439723225e-09
0.43815603414,2.98657459875e-08,-8.6603585415e-09,-3.74205687525e-09
0.4403359149,3.0068708634e-08,-8.8232060545e-09,-3.8209346871e-09
0.44251579567,3.02767172445e-08,-8.9879131915e-09,-3.90104015575e-09
0.44469567644,3.04896025095e-08,-9.1544771765e-09,-3.9823889117e-09
0.4468755572,3.07072534065e-08,-9.322867478e-09,-4.0649873984e-09
0.44905543797,3.0929453443e-08,-9.493106301e-09,-4.14885039435e-09
0.45123531874,3.115603886e-08,-9.6651492365e-09,-4.23398864135e-09
0.45341519951,3.1386809818e-08,-9.8389907335e-09,-4.32039822445e-09
0.45559508027,3.16215470475e-08,-1.00146418935e-08,-4.40811102825e-09
0.45777496104,3.18600396065e-08,-1.0192047206e-08,-4.49712704835e-09
0.45995484181,3.21020321435e-08,-1.0371181691e-08,-4.5874510748e-09
0.46213472257,3.23472748585e-08,-1.05520508995e-08,-4.6791015952e-09
0.46431460334,3.25955235025e-08,-1.07346381785e-08,-4.77208795385e-09
0.46649448411,3.28464616615e-08,-1.09188852405e-08,-4.86641526055e-09
0.46867436487,3.3099800678e-08,-1.1104808739e-08,-4.96209531045e-09
0.47085424564,3.3355213036e-08,-1.12923920215e-08,-5.0591498055e-09
0.47303412641,3.3612318484e-08,-1.14816323115e-08,-5.1575676345e-09
0.47521400717,3.3870778404e-08,-1.16725046295e-08,-5.257373773e-09
0.47739388794,3.4130182014e-08,-1.18650256285e-08,-5.3585728915e-09
0.47957376871,3.43901324085e-08,-1.20592175135e-08,-5.461181026e-09
0.48175364947,3.465019105e-08,-1.2255080284e-08,-5.565191229e-09
0.48393353024,3.49099221755e-08,-1.2452619491e-08,-5.670633997e-09
0.48611341101,3.51689094515e-08,-1.26518628905e-08,-5.777503351e-09
0.48829329177,3.542668936e-08,-1.28528049315e-08,-5.885826393e-09
0.49047317254,3.56828011585e-08,-1.30554400625e-08,-5.9955910215e-09
0.49265305331,3.59368507175e-08,-1.325980159e-08,-6.106822547e-09
0.49483293408,3.61883800705e-08,-1.346589229e-08,-6.219512662e-09
0.49701281484,3.6436936801e-08,-1.3673684407e-08,-6.333693304e-09
0.49919269561,3.66820712695e-08,-1.3883200145e-08,-6.449366759e-09
0.50137257638,3.69233560395e-08,-1.40944145245e-08,-6.566526819e-09
0.50355245714,3.7160283184e-08,-1.4307333096e-08,-6.6852002795e-09
0.50573233791,3.73923614295e-08,-1.45219281045e-08,-6.805387906e-09
0.50791221868,3.7619057869e-08,-1.47381995495e-08,-6.9271048785e-09
0.51009209944,3.7839789635e-08,-1.49561169005e-08,-7.050345362e-09
0.51227198021,3.8053959983e-08,-1.51756773815e-08,-7.175137674e-09
0.51445186098,3.8260905555e-08,-1.53968504615e-08,-7.3014733605e-09
0.51663174174,3.8459938012e-08,-1.5619630589e-08,-7.4293733945e-09
0.51881162251,3.86503690165e-08,-1.5843976131e-08,-7.558845199e-09
0.52099150328,3.88315046785e-08,-1.606989819e-08,-7.689886596e-09
0.52317138404,3.90025900465e-08,-1.6297349581e-08,-7.8225153815e-09
0.52535126481,3.91629673135e-08,-1.65263025485e-08,-7.956730954e-09
0.52753114558,3.93120036525e-08,-1.67567543175e-08,-8.092554959e-09
0.52971102634,3.94491050935e-08,-1.69886410495e-08,-8.229984768e-09
0.53189090711,3.95737942415e-08,-1.72219766225e-08,-8.3690276395e-09
0.53407078788,3.96856603135e-08,-1.7456722179e-08,-8.509696687e-09
0.53625066865,3.9784411876e-08,-1.7692866616e-08,-8.6520007165e-09
0.53843054941,3.98698712935e-08,-1.79303655255e-08,-8.7959479595e-09
0.54061043018,3.9941930319e-08,-1.8169218907e-08,-8.941528694e-09
0.54279031095,4.00006638925e-08,-1.84094045565e-08,-9.08877872e-09
0.54497019171,4.0046177485e-08,-1.86509085955e-08,-9.237681746e-09
0.54715007248,4.00787208975e-08,-1.8893719922e-08,-9.388253736e-09
0.54932995325,4.0098580012e-08,-1.9137827434e-08,-9.5405065385e-09
0.55150983401,4.0106132304e-08,-1.93832366825e-08,-9.694437991e-09
0.55368971478,4.01017635765e-08,-1.96299393405e-08,-9.850058208e-09
0.55586959555,4.00859123675e-08,-1.9877910429e-08,-1.000737536e-08
0.55804947631,4.0059033868e-08,-2.0127180478e-08,-1.01663951775e-08
0.56022935708,4.0014785929e-08,-2.03864536365e-08,-1.03270480865e-08
0.56240923785,3.99837551955e-08,-2.05713709955e-08,-1.04895157325e-08
0.56458911861,3.99569238805e-08,-2.08688205605e-08,-1.06535588145e-08
0.56676899938,3.9903574889e-08,-2.1226591318e-08,-1.0819437182e-08
0.56894888015,3.98026944735e-08,-2.1426484198e-08,-1.0987015206e-08
0.57112876092,3.96676691495e-08,-2.1531530725e-08,-1.1156327735e-08
0.57330864168,3.95898980265e-08,-2.17667828205e-08,-1.13274189915e-08
0.57548852245,3.9536698915e-08,-2.2083225526e-08,-1.15002641855e-08
0.57766840322,3.93808152755e-08,-2.23782492535e-08,-1.1674858446e-08
0.57984828398,3.91926907595e-08,-2.26529212055e-08,-1.18512212685e-08
0.58202816475,3.90688537075e-08,-2.2914446729e-08,-1.20293526235e-08
0.58420804552,3.89443172155e-08,-2.3173622743e-08,-1.22092645315e-08
0.58638792628,3.8778164013e-08,-2.3451349196e-08,-1.2390943233e-08
0.58856780705,3.86154691555e-08,-2.37341646335e-08,-1.25744080665e-08
0.59074768782,3.8457817486e-08,-2.40039113585e-08,-1.2759662317e-08
0.59292756858,3.82758880145e-08,-2.42731501565e-08,-1.29467077845e-08
0.59510744935,3.80802805955e-08,-2.45495263005e-08,-1.31355531305e-08
0.59728733012,3.78855391505e-08,-2.48233392175e-08,-1.33261867385e-08
0.59946721088,3.7680975007e-08,-2.5095979461e-08,-1.3518637505e-08
0.60164709165,3.7462632996e-08,-2.53746620935e-08,-1.37128881095e-08
0.60382697242,3.72381486755e-08,-2.5654933733e-08,-1.39089541655e-08
0.60600685318,3.70065394995e-08,-2.5933205583e-08,-1.41068432955e-08
0.60818673395,3.6763544986e-08,-2.6214100335e-08,-1.430654279e-08
0.61036661472,3.65117547305e-08,-2.6498531147e-08,-1.45080625375e-08
0.61254649549,3.6253242075e-08,-2.67833297205e-08,-1.47114149305e-08
0.61472637625,3.5986080782e-08,-2.7069360642e-08,-1.49165874435e-08
0.61690625702,3.5709860069e-08,-2.7358408594e-08,-1.512359385e-08
0.61908613779,3.54256568525e-08,-2.7648952572e-08,-1.5332449466e-08
0.62126601855,3.5133146392e-08,-2.7939939251e-08,-1.55431281605e-08
0.62344589932,3.4832278728e-08,-2.82322693e-08,-1.57556542805e-08
0.62562578009,3.4524316739e-08,-2.85260357e-08,-1.5970011029e-08
0.62780566085,3.4168826102e-08,-2.88868012845e-08,-1.61860905965e-08
0.62998554162,3.3824087975e-08,-2.92391527655e-08,-1.6403680969e-08
0.63216542239,3.3560990098e-08,-2.95864513445e-08,-1.6623654396e-08
0.63434530315,3.3138281008e-08,-3.0141661389e-08,-1.6845385227e-08
0.63652518392,3.26408289285e-08,-3.06879757715e-08,-1.70688939285e-08
0.63870506469,3.2439614883e-08,-3.0878236079e-08,-1.72943404675e-08
0.64088494545,3.22415594225e-08,-3.1142155521e-08,-1.75216585305e-08
0.64306482622,3.17759846215e-08,-3.16468282135e-08,-1.7750776809e-08
0.64524470699,3.13514991745e-08,-3.1951827295e-08,-1.79817707525e-08
0.64742458775,3.1065952588e-08,-3.21384002745e-08,-1.82146359615e-08
0.64960446852,3.0709146337e-08,-3.2519781312e-08,-1.8449333585e-08
0.65178434929,3.0294328157e-08,-3.2929674265e-08,-1.8685890517e-08
0.65396423006,2.9932803458e-08,-3.32155414285e-08,-1.8924311391e-08
0.65614411082,2.95754087885e-08,-3.3522322418e-08,-1.91645888065e-08
0.65832399159,2.9180138861e-08,-3.38895772555e-08,-1.94067208165e-08
0.66050387236,2.8794502893e-08,-3.42266243125e-08,-1.9650712652e-08
0.66268375312,2.8425301002e-08,-3.4548222616e-08,-1.98965563055e-08
0.66486363389,2.8042496103e-08,-3.48985215725e-08,-2.01442650935e-08
0.66704351466,2.7655011614e-08,-3.524991965e-08,-2.03938150265e-08
0.66922339542,2.72782962885e-08,-3.55880158675e-08,-2.0645222355e-08
0.67140327619,2.6901655903e-08,-3.5934544229e-08,-2.0898483238e-08
0.67358315696,2.652072173e-08,-3.6289099503e-08,-2.1153608089e-08
0.67576303772,2.61443866555e-08,-3.6639358214e-08,-2.1410556994e-08
0.67794291849,2.57724785955e-08,-3.69904301635e-08,-2.1669368784e-08
0.68012279926,2.54004900445e-08,-3.73471059635e-08,-2.1930022663e-08
0.68230268002,2.50314935445e-08,-3.77044409585e-08,-2.2192527212e-08
0.68448256079,2.46686393535e-08,-3.8061413743e-08,-2.24568664355e-08
0.68666244156,2.4310581326e-08,-3.84206444435e-08,-2.2723044493e-08
0.68884232233,2.3957480444e-08,-3.87812310045e-08,-2.2991056862e-08
0.69102220309,2.36112157605e-08,-3.91425114545e-08,-2.32609019395e-08
0.69320208386,2.32714403305e-08,-3.95066063195e-08,-2.3532574904e-08
0.69538196463,2.29369967465e-08,-3.98744870455e-08,-2.38060775915e-08
0.69756184539,2.26081375845e-08,-4.0245581867e-08,-2.40814086905e-08
0.69974172616,2.2285359669e-08,-4.061990605e-08,-2.4358554225e-08
0.70192160693,2.19687851245e-08,-4.0997294448e-08,-2.46375237855e-08
0.70410148769,2.1659085636e-08,-4.13765716135e-08,-2.49182995945e-08
0.70628136846,2.135718824e-08,-4.1756730018e-08,-2.5200881657e-08
0.70846124923,2.1063667477e-08,-4.21372672865e-08,-2.5485267812e-08
0.71064112999,2.07789618845e-08,-4.25178142695e-08,-2.57714493755e-08
0.71282101076,2.0503521103e-08,-4.28983223945e-08,-2.6059428289e-08
0.71500089153,2.02377947735e-08,-4.32791802395e-08,-2.63492065675e-08
0.71718077229,1.99819494285e-08,-4.36608069145e-08,-2.66407608055e-08
0.71936065306,1.9734025525e-08,-4.4041460756e-08,-2.6934142417e-08
0.72154053383,1.9438023413e-08,-4.4321094017e-08,-2.72294893015e-08
0.72372041459,1.85294002365e-08,-4.45994935425e-08,-2.75259415525e-08
0.72590029536,1.8067974894e-08,-4.463752562e-08,-2.7824518626e-08
0.72808017613,1.85945092655e-08,-4.44796255385e-08,-2.8124985426e-08
0.7302600569,1.8041268479e-08,-4.51481407815e-08,-2.8427060736e-08
0.73243993766,1.7237644645e-08,-4.5826427375e-08,-2.8730818115e-08
0.73461981843,1.7328169455e-08,-4.57592172485e-08,-2.9036431799e-08
0.7367996992,1.7254853102e-08,-4.6069160986e-08,-2.9343750075e-08
0.73897957996,1.67575314735e-08,-4.6764263295e-08,-2.9652757198e-08
0.74115946073,1.6559925653e-08,-4.70598282565e-08,-2.9963507575e-08
0.7433393415,1.6499060451e-08,-4.72537176055e-08,-3.02759718915e-08
0.74551922226,1.6202170161e-08,-4.77201875235e-08,-3.0590104786e-08
0.74769910303,1.5916043483e-08,-4.8144568887e-08,-3.0905950027e-08
0.7498789838,1.57653889945e-08,-4.84295242795e-08,-3.12234670275e-08
0.75205886456,1.55552432045e-08,-4.87952525605e-08,-3.15426700705e-08
0.75423874533,1.5290024802e-08,-4.9208448427e-08,-3.1863529769e-08
0.7564186261,1.50839923885e-08,-4.95528895695e-08,-3.2186047293e-08
0.75859850686,1.4889467437e-08,-4.9895014509e-08,-3.25102081425e-08
0.76077838763,1.4658094183e-08,-5.0275378305e-08,-3.2836009708e-08
0.7629582684,1.4438200635e-08,-5.0638276905e-08,-3.3163437344e-08
0.76513814916,1.4240414403e-08,-5.09835979e-08,-3.3492483493e-08
0.76731802993,1.4032580653e-08,-5.1345719345e-08,-3.3823144054e-08
0.7694979107,1.3821019329e-08,-5.1711626645e-08,-3.4155396459e-08
0.77167779147,1.3621220818e-08,-5.2066592705e-08,-3.44892360095e-08
0.77385767223,1.3421283529e-08,-5.2423791695e-08,-3.4824641079e-08
0.776037553,1.30924826535e-08,-5.2734652755e-08,-3.51619137395e-08
0.77821743377,1.1934217503e-08,-5.2969620355e-08,-3.54997292905e-08
0.78039731453,1.2697023988e-08,-5.264116504e-08,-3.5840042783e-08
0.7825771953,1.44565609485e-08,-5.2009110905e-08,-3.61814502e-08
0.78475707607,1.3334183757e-08,-5.2792070715e-08,-3.6524497275e-08
0.78693695683,1.2673259664e-08,-5.3103943465e-08,-3.68691384225e-08
0.7891168376,1.35311206685e-08,-5.2700832585e-08,-3.7215349765e-08
0.79129671837,1.29936644775e-08,-5.3568399715e-08,-3.75629568845e-08
0.79347659913,1.20398940815e-08,-5.4418693165e-08,-3.79120748825e-08
0.7956564799,1.22548499125e-08,-5.4057759655e-08,-3.82626717055e-08
0.79783636067,1.23139887175e-08,-5.397001318e-08,-3.8614691993e-08
0.80001624143,1.17522380715e-08,-5.453184987e-08,-3.89681581655e-08
0.8021961222,1.15244674915e-08,-5.472819628e-08,-3.9323065324e-08
0.80437600297,1.15071341345e-08,-5.4666568495e-08,-3.96793655385e-08
0.80655588374,1.11907816345e-08,-5.48748387e-08,-4.0037063238e-08
0.8087357645,1.07678366225e-08,-5.510681217e-08,-4.03965247445e-08
0.81091564527,1.11261555525e-08,-5.5085833115e-08,-4.0756394586e-08
0.81309552604,1.39825540035e-08,-5.5423002995e-08,-4.1117094103e-08
0.8152754068,6.945161113e-09,-5.7722458065e-08,-4.1482506957e-08
0.81745528757,9.4076413325e-09,-5.42195025e-08,-4.1846124878e-08
0.81963516834,1.66840513625e-08,-5.3199554485e-08,-4.22105956295e-08
0.8218150491,5.486489041e-09,-6.008212261e-08,-4.2579009675e-08
0.82399492987,9.555312097e-09,-5.5412900655e-08,-4.2946702203e-08
0.82617481064,1.0752282398e-08,-5.437138517e-08,-4.33168309815e-08
0.8283546914,1.1704226477e-08,-5.7251474395e-08,-4.3686887982e-08
0.83053457217,5.5647375595e-09,-5.690583421e-08,-4.40595926145e-08
0.83271445294,5.2283011255e-09,-5.1762186205e-08,-4.4431399619e-08
0.8348943337,6.899786298e-09,-4.9403586777e-08,-4.4805042378e-08
0.83707421447,1.0236664294e-08,-5.7976609625e-08,-4.51800268945e-08
0.83925409524,9.6937041725e-09,-6.2756125295e-08,-4.55567840965e-08
0.841433976,4.0849212901e-09,-6.010324599e-08,-4.59348030665e-08
0.84361385677,6.5938643435e-09,-5.885219395e-08,-4.63137344585e-08
0.84579373754,7.343364805e-09,-5.993497365e-08,-4.66938207245e-08
0.84797361831,4.96649110725e-09,-5.9465721235e-08,-4.7075036955e-08
0.85015349907,5.250999635e-09,-5.8992923045e-08,-4.7457328204e-08
0.85233337984,5.826697458e-09,-6.021686205e-08,-4.7840660746e-08
0.85451326061,4.5888043365e-09,-6.0688538915e-08,-4.82250474865e-08
0.85669314137,3.9666547824e-09,-6.01972e-08,-4.8610445207e-08
0.85887302214,4.1697340025e-09,-6.051395912e-08,-4.89968551095e-08
0.86105290291,3.63651608825e-09,-6.112847728e-08,-4.93842424155e-08
0.86323278367,2.86893286905e-09,-6.114420775e-08,-4.9772606513e-08
0.86541266444,2.6002727749e-09,-6.120621926e-08,-5.0161903445e-08
0.86759254521,2.2300494784e-09,-6.161050975e-08,-5.0552128735e-08
0.86977242597,1.548913775e-09,-6.1869859235e-08,-5.0943255735e-08
0.87195230674,1.0038497811e-09,-6.2005550695e-08,-5.133526219e-08
0.87413218751,5.528355551e-10,-6.230145705e-08,-5.172815048e-08
0.87631206827,-5.7959193e-11,-6.2637943445e-08,-5.212186904e-08
0.87849194904,-7.152112236e-10,-6.290506588e-08,-5.2516426535e-08
0.88067182981,-1.3179873859e-09,-6.322843915e-08,-5.2911786665e-08
0.88285171057,-1.9671458906e-09,-6.3623618875e-08,-5.3307918005e-08
0.88503159134,-2.66479338595e-09,-6.4001010045e-08,-5.370480323e-08
0.88721147211,-3.3281100098e-09,-6.4377467245e-08,-5.410244195e-08
0.88939135288,-3.9775127636e-09,-6.478683978e-08,-5.450078756e-08
0.89157123364,-4.6608911175e-09,-6.518408868e-08,-5.4899848665e-08
0.89375111441,-5.362546518e-09,-6.554223414e-08,-5.5299556505e-08
0.89593099518,-6.0692589845e-09,-6.588165291e-08,-5.569993452e-08
0.89811087594,-6.789746543e-09,-6.6203738325e-08,-5.6100925995e-08
0.90029075671,-7.5092293495e-09,-6.649434753e-08,-5.65025431e-08
0.90247063748,-8.205669477e-09,-6.6755471985e-08,-5.6904732605e-08
0.90465051824,-8.882450331e-09,-6.6987540515e-08,-5.7307486275e-08
0.90683039901,-9.5521840435e-09,-6.71796882e-08,-5.771078047e-08
0.90901027978,-1.02217123655e-08,-6.7329677945e-08,-5.8114582e-08
0.91119016054,-1.08997699755e-08,-6.7446381815e-08,-5.8518883695e-08
0.91337004131,-1.1594253335e-08,-6.753730075e-08,-5.892364845e-08
0.91554992208,-1.23032306565e-08,-6.760814131e-08,-5.93288584e-08
0.91772980284,-1.30199379055e-08,-6.7664190915e-08,-5.973448378e-08
0.91990968361,-1.37400091305e-08,-6.7703785635e-08,-6.0140511465e-08
0.92208956438,-1.44606243645e-08,-6.7716704465e-08,-6.054689942e-08
0.92426944515,-1.51797796555e-08,-6.7688997465e-08,-6.0953633705e-08
0.92644932591,-1.58969448715e-08,-6.760625254e-08,-6.136069458e-08
0.92862920668,-1.66107599895e-08,-6.745475567e-08,-6.1768038735e-08
0.93080908745,-1.7316204026e-08,-6.722398749e-08,-6.2175665765e-08
0.93298896821,-1.80057080355e-08,-6.6908380225e-08,-6.2583559405e-08
0.93516884898,-1.86721915705e-08,-6.6507115095e-08,-6.2991640995e-08
0.93734872975,-1.9312199062e-08,-6.602449837e-08,-6.3399917355e-08
0.93952861051,-1.99289890145e-08,-6.547112852e-08,-6.3808383325e-08
0.94170849128,-2.0555634972e-08,-6.487379939e-08,-6.421623883e-08
0.94388837205,-2.1143370388e-08,-6.42295106e-08,-6.4625388655e-08
0.94606825281,-2.1695190089e-08,-6.365409033e-08,-6.503419943e-08
0.94824813358,-2.1880472434e-08,-6.2927821285e-08,-6.544325795e-08
0.95042801435,-2.27772911645e-08,-6.2579467995e-08,-6.5852138205e-08
0.95260789511,-2.4258173248e-08,-6.2481426975e-08,-6.626101866e-08
0.95478777588,-2.48572773475e-08,-6.162651084e-08,-6.666989042e-08
0.95696765665,-2.51988041545e-08,-6.096674554e-08,-6.7078705785e-08
0.95914753741,-2.6330546077e-08,-6.129591418e-08,-6.7487449975e-08
0.96132741818,-2.74447520265e-08,-6.147839876e-08,-6.7896095525e-08
0.96350729895,-2.80741180305e-08,-6.123440782e-08,-6.8304600535e-08
0.96568717972,-2.88395807235e-08,-6.144942333e-08,-6.8712965395e-08
0.96786706048,-2.9799132606e-08,-6.205847919e-08,-6.9121127055e-08
0.97004694125,-3.05788200315e-08,-6.2502744645e-08,-6.9529074895e-08
0.97222682202,-3.1306066073e-08,-6.292675825e-08,-6.9936780505e-08
0.97440670278,-3.21790510905e-08,-6.354097526e-08,-7.034422977e-08
0.97658658355,-3.30624472245e-08,-6.4129848655e-08,-7.07513608e-08
0.97876646432,-3.3895991569e-08,-6.459342644e-08,-7.1158161045e-08
0.98094634508,-3.4781905134e-08,-6.5041974585e-08,-7.156462277e-08
0.98312622585,-3.57008367315e-08,-6.5440804165e-08,-7.1970686895e-08
0.98530610662,-3.6570296791e-08,-6.5691736775e-08,-7.237633769e-08
0.98748598738,-3.75716846525e-08,-6.585762907e-08,-7.278095101e-08
0.98966586815,-3.874111032e-08,-6.579203432e-08,-7.318430311e-08
0.99184574892,-3.8055716911e-08,-6.5446181805e-08,-7.3588585985e-08
0.99402562968,-4.0040581961e-08,-6.703740202e-08,-7.3992021635e-08
0.99620551045,-4.41907621605e-08,-6.9349791185e-08,-7.439476995e-08
0.99838539122,-4.387283592e-08,-6.8249769725e-08,-7.479714573e-08
1.000565272,-4.27313434635e-08,-6.714445666e-08,-7.5199015255e-08
1.0027451528,-4.47802045445e-08,-6.8515638995e-08,-7.560004156e-08
1.0049250335,-4.60491533795e-08,-6.866893304e-08,-7.600042117e-08
1.0071049143,-4.57851090375e-08,-6.7524864865e-08,-7.640014458e-08
1.0092847951,-4.678187282e-08,-6.776856437e-08,-7.6799053135e-08
1.0114646758,-4.82542117375e-08,-6.841102407e-08,-7.7197195385e-08
1.0136445566,-4.8747597625e-08,-6.8054192835e-08,-7.7594534335e-08
1.0158244374,-4.92918178495e-08,-6.775970063e-08,-7.799100548e-08
1.0180043181,-5.0374399095e-08,-6.79797052e-08,-7.8386617385e-08
1.0201841989,-5.1228332685e-08,-6.795821822e-08,-7.878131204e-08
1.0223640797,-5.1876175575e-08,-6.773091532e-08,-7.9175070585e-08
1.0245439604,-5.2753115765e-08,-6.772130079e-08,-7.956785391e-08
1.0267238412,-5.3671245225e-08,-6.77506537e-08,-7.9959652345e-08
1.028903722,-5.4451343435e-08,-6.765328159e-08,-8.0350393045e-08
1.0310836027,-5.527652225e-08,-6.7604857825e-08,-8.0740075115e-08
1.0332634835,-5.618006893e-08,-6.7638111085e-08,-8.1128656845e-08
1.0354433643,-5.703947592e-08,-6.764116489e-08,-8.1516111625e-08
1.037623245,-5.7878529745e-08,-6.7635771985e-08,-8.1902407935e-08
1.0398031258,-5.875358533e-08,-6.7671544065e-08,-8.2287495815e-08
1.0419830066,-5.9622892735e-08,-6.771027558e-08,-8.2671355405e-08
1.0441628873,-6.046260159e-08,-6.7731654315e-08,-8.305396386e-08
1.0463427681,-6.1296615005e-08,-6.77561951e-08,-8.343528978e-08
1.0485226489,-6.2119373535e-08,-6.777656006e-08,-8.3815283385e-08
1.0507025296,-6.2912158815e-08,-6.7774807295e-08,-8.4193914315e-08
1.0528824104,-6.381448425e-08,-6.7861598285e-08,-8.4570231785e-08
1.0550622912,-6.4694932745e-08,-6.7310017975e-08,-8.494899091e-08
1.0572421719,-6.710177136e-08,-6.5194299265e-08,-8.531949452e-08
1.0594220527,-6.5208058395e-08,-6.334180125e-08,-8.569443446e-08
1.0616019335,-5.805644576e-08,-5.969367639e-08,-8.606634918e-08
1.0637818142,-6.6933703025e-08,-5.9372758795e-08,-8.64350176e-08
1.065961695,-6.4393856915e-08,-5.865741573e-08,-8.6802795055e-08
1.0681415758,-5.554317839e-08,-5.3901515195e-08,-8.71701278e-08
1.0703214565,-6.372465333e-08,-5.6775534275e-08,-8.753448384e-08
1.0725013373,-6.692241761e-08,-5.7716804945e-08,-8.7897390255e-08
1.0746812181,-6.165085109e-08,-5.4309669955e-08,-8.8258965765e-08
1.0768610988,-6.2924204735e-08,-5.429014599e-08,-8.86185093e-08
1.0790409796,-6.6403080255e-08,-5.580913093e-08,-8.8976205095e-08
1.0812208604,-6.493880711e-08,-5.4597011635e-08,-8.933217767e-08
1.0834007411,-6.409152098e-08,-5.351605478e-08,-8.968625412e-08
1.0855806219,-6.5974861685e-08,-5.407298706e-08,-9.003838815e-08
1.0877605027,-6.6481178895e-08,-5.402631051e-08,-9.038862838e-08
1.0899403834,-6.593829094e-08,-5.329361674e-08,-9.0736892155e-08
1.0921202642,-6.65832417e-08,-5.3196635985e-08,-9.1083126145e-08
1.094300145,-6.7825831065e-08,-5.2799817295e-08,-9.1428320785e-08
1.0964800257,-7.0706895895e-08,-4.7697029659e-08,-9.1771850845e-08
1.0986599065,-6.509353889e-08,-4.47264475455e-08,-9.2110706915e-08
1.1008397873,-4.37592101445e-08,-4.7856323071e-08,-9.2447526075e-08
1.103019668,-7.1609648765e-08,-4.6351836258e-08,-9.2784558555e-08
1.1051995488,-5.7250132415e-08,-4.34052321865e-08,-9.3118062975e-08
1.1073794296,-5.331306785e-08,-3.5805290677e-08,-9.3449147265e-08
1.1095593103,-5.5798224375e-08,-3.08810144125e-08,-9.3776571455e-08
1.1117391911,-4.2065020911e-08,-4.1440761933e-08,-9.4102103135e-08
1.1139190719,-9.1227930765e-08,-5.355920568e-08,-9.442686752e-08
1.1160989526,-7.780900646e-08,-5.0131140905e-08,-9.474904977e-08
1.1182788334,-5.644539003e-08,-4.24966214995e-08,-9.5068396285e-08
1.1204587142,-8.251927197e-08,-5.3406556955e-08,-9.5385488335e-08
1.1226385949,-7.6825215635e-08,-5.0458531795e-08,-9.570047018e-08
1.1248184757,-6.431913613e-08,-4.44663375565e-08,-9.601256356e-08
1.1269983565,-7.7082421e-08,-4.98105709455e-08,-9.632221165e-08
1.1291782372,-8.0845841135e-08,-5.101241929e-08,-9.6629421835e-08
1.131358118,-7.1878517025e-08,-4.62740901155e-08,-9.6933891775e-08
1.1335379988,-7.3644829125e-08,-4.63162314055e-08,-9.723572284e-08
1.1357178795,-7.9128256725e-08,-4.80310069495e-08,-9.753493303e-08
1.1378977603,-7.6740649945e-08,-4.6105980145e-08,-9.783143416e-08
1.1400776411,-7.5063891215e-08,-4.43256958915e-08,-9.812514505e-08
1.1422575218,-7.7766879045e-08,-4.4368998753e-08,-9.8416127025e-08
1.1444374026,-7.8369014055e-08,-4.3411606254e-08,-9.870428923e-08
1.1466172834,-7.7160297595e-08,-4.1582878807e-08,-9.898959006e-08
1.1487971641,-7.7868159145e-08,-4.05134301105e-08,-9.927202696e-08
1.1509770449,-7.8886802645e-08,-3.9531793117e-08,-9.955157406e-08
1.1531569257,-7.863299456e-08,-3.7976710665e-08,-9.9828164505e-08
1.1553368064,-7.86894383e-08,-3.6531513925e-08,-1.0010178074e-07
1.1575166872,-7.9371778595e-08,-3.535162163e-08,-1.0037240501e-07
1.159696568,-7.957524639e-08,-3.4009488281e-08,-1.0063998427e-07
1.1618764487,-7.952619119e-08,-3.26203161705e-08,-1.0090448438e-07
1.1640563295,-7.9822876085e-08,-3.1429242542e-08,-1.0116588281e-07
1.1662362103,-8.0130702075e-08,-3.02935482255e-08,-1.0142414417e-07
1.168416091,-8.0241738255e-08,-2.9127900092e-08,-1.016792481e-07
1.1705959718,-8.0455395125e-08,-2.8055273382e-08,-1.0193115743e-07
1.1727758526,-8.0802012305e-08,-2.70969399695e-08,-1.0217981601e-07
1.1749557333,-8.1105455685e-08,-2.6196177172e-08,-1.02425211325e-07
1.1771356141,-8.1417517175e-08,-2.5377816515e-08,-1.02667336765e-07
1.1793154949,-8.1814557905e-08,-2.4662895337e-08,-1.029061068e-07
1.1814953756,-8.222157122e-08,-2.40053810165e-08,-1.03141547275e-07
1.1836752564,-8.2610607245e-08,-2.3373633584e-08,-1.0337357595e-07
1.1858551372,-8.30362612e-08,-2.27679375355e-08,-1.0360217429e-07
1.1880350179,-8.3499396285e-08,-2.217467876e-08,-1.0382732341e-07
1.1902148987,-8.3969164955e-08,-2.15765016965e-08,-1.040490075e-07
1.1923947795,-8.445234234e-08,-2.09745387725e-08,-1.04267174665e-07
1.1945746602,-8.495683601e-08,-2.0371618281e-08,-1.04481788095e-07
1.196754541,-8.547062502e-08,-1.9763414516e-08,-1.04692860435e-07
1.1989344218,-8.599897461e-08,-1.91514290535e-08,-1.0490029559e-07
1.2011143025,-8.656861894e-08,-1.85452972425e-08,-1.0510409239e-07
1.2032941833,-8.720257849e-08,-1.79355350015e-08,-1.053023296e-07
1.2054740641,-8.7984691755e-08,-1.7408459396e-08,-1.05499815325e-07
1.2076539448,-8.8435647695e-08,-1.70093314435e-08,-1.056928658e-07
1.2098338256,-8.6729096125e-08,-1.70082711805e-08,-1.0588225214e-07
1.2120137064,-8.792358508e-08,-1.6893253463e-08,-1.060674896e-07
1.2141935871,-9.242866472e-08,-1.6567226757e-08,-1.0624895483e-07
1.2163734679,-9.266017398e-08,-1.57948668035e-08,-1.0642648541e-07
1.2185533487,-9.1517349255e-08,-1.55831930695e-08,-1.06600108455e-07
1.2207332294,-9.470194906e-08,-1.6396486946e-08,-1.0676984446e-07
1.2229131102,-9.7789296105e-08,-1.68124597575e-08,-1.0693565756e-07
1.225092991,-9.827960945e-08,-1.65996841275e-08,-1.0709747927e-07
1.2272728717,-9.9877370265e-08,-1.6935747249e-08,-1.07255328695e-07
1.2294527525,-1.02832978245e-07,-1.7756085491e-08,-1.07409161155e-07
1.2316326333,-1.04713099305e-07,-1.82762083245e-08,-1.07558951955e-07
1.233812514,-1.06100025985e-07,-1.86195919795e-08,-1.07704681435e-07
1.2359923948,-1.0810961848e-07,-1.90877619265e-08,-1.0784632568e-07
1.2381722756,-1.09875639145e-07,-1.9427076614e-08,-1.0798383522e-07
1.2403521563,-1.10959746945e-07,-1.9464088674e-08,-1.08117203085e-07
1.2425320371,-1.11946280025e-07,-1.93005111895e-08,-1.08246387965e-07
1.2447119179,-1.12747575165e-07,-1.88903670485e-08,-1.08371404445e-07
1.2468917986,-1.1290463564e-07,-1.81014592205e-08,-1.0849219221e-07
1.2490716794,-1.1254517873e-07,-1.69582903275e-08,-1.08608739455e-07
1.2512515602,-1.11855255615e-07,-1.55278984115e-08,-1.08720998925e-07
1.2534314409,-1.10695319575e-07,-1.38243277935e-08,-1.08828995505e-07
1.2556113217,-1.09075223855e-07,-1.1908271591e-08,-1.08932647325e-07
1.2577912025,-1.0720979382e-07,-9.8937164015e-09,-1.09031955155e-07
1.2599710832,-1.053345855e-07,-7.6417705495e-09,-1.0912441713e-07
1.262150964,-1.04186700935e-07,-4.32771873895e-09,-1.092133412e-07
1.2643308448,-9.5334806715e-08,-5.807368475e-09,-1.09299411275e-07
1.2665107255,-1.02352762375e-07,-6.742276182e-09,-1.0937975391e-07
1.2686906063,-1.2207482525e-07,-3.96465082985e-09,-1.09456295395e-07
1.2708704871,-1.15392009835e-07,-1.9909879301e-09,-1.09528771775e-07
1.2730503678,-1.04127934055e-07,-2.6409374687e-09,-1.095967049e-07
1.2752302486,-1.13582485085e-07,-3.35269312315e-09,-1.0965996759e-07
1.2774101294,-1.17484319495e-07,-2.22019069795e-09,-1.09718796755e-07
1.2795900101,-1.1089221208e-07,-7.091133236e-10,-1.0977304352e-07
1.2817698909,-1.1335641037e-07,-3.6843028628e-10,-1.09822630185e-07
1.2839497717,-1.1945699152e-07,-1.1060319327e-10,-1.0986764678e-07
1.2861296524,-1.18515172675e-07,9.86849491e-10,-1.09908021695e-07
1.2883095332,-1.1750393991e-07,2.14538942165e-09,-1.09943716085e-07
1.290489414,-1.20114559965e-07,3.0061897416e-09,-1.09974749445e-07
1.2926692947,-1.21044180235e-07,4.07584244135e-09,-1.10001090265e-07
1.2948491755,-1.2021578455e-07,5.3691745495e-09,-1.1002271247e-07
1.2970290563,-1.2067787325e-07,6.5318223055e-09,-1.1003959244e-07
1.299208937,-1.21374246765e-07,7.5892375715e-09,-1.10051736405e-07
1.3013888178,-1.21633536575e-07,8.6876089655e-09,-1.1005591343e-07
1.3035686986,-1.2150613432e-07,1.04458247605e-08,-1.10066416495e-07
1.3057485793,-1.22384938295e-07,1.4839174334e-08,-1.10055772525e-07
1.3079284601,-1.19883729335e-07,1.87363624615e-08,-1.10056044005e-07
1.3101083409,-9.0537914665e-08,1.09010939165e-08,-1.10037290375e-07
1.3122882216,-1.10761248785e-07,1.6602252906e-08,-1.10023682735e-07
1.3144681024,-1.1454035359e-07,1.7197526736e-08,-1.10003887745e-07
1.3166479832,-1.00828012605e-07,2.4621077399e-08,-1.0997574428e-07
1.3188278639,-9.333055717e-08,1.75988168485e-08,-1.09943205885e-07
1.3210077447,-8.3422718735e-08,1.5370549278e-08,-1.09908526295e-07
1.3231876255,-1.00916658365e-07,1.8740520247e-08,-1.09866411985e-07
1.3253675062,-9.898890041e-08,1.9804863305e-08,-1.0981962989e-07
1.327547387,-8.909791793e-08,1.74947362155e-08,-1.0976863715e-07
1.3297272678,-9.549947916e-08,1.87282689355e-08,-1.09712287205e-07
1.3319071485,-9.976917764e-08,1.8115225986e-08,-1.09650768265e-07
1.3340870293,-9.4291757735e-08,1.76285569475e-08,-1.09584478205e-07
1.3362669101,-9.3272770065e-08,1.70632313835e-08,-1.09513107315e-07
1.3384467908,-9.714379162e-08,1.8029538973e-08,-1.09436663875e-07
1.3406266716,-9.605191087e-08,1.6950268966e-08,-1.0935521e-07
1.3428065524,-9.483390462e-08,1.91614057955e-08,-1.09269648585e-07
1.3449864331,-9.0598761825e-08,3.092692491e-08,-1.09186068255e-07
1.3471663139,-6.863290214e-08,3.8753461551e-08,-1.0908619451e-07
1.3493461947,-3.11838402325e-08,-2.17912354825e-09,-1.08987653375e-07
1.3515260754,-1.13754956845e-07,3.3952804457e-08,-1.08886521505e-07
1.3537059562,-1.25301952145e-07,3.9206562996e-08,-1.08773812565e-07
1.355885837,-6.144446618e-08,1.77102665865e-08,-1.0865586638e-07
1.3580657177,-9.8737217015e-08,2.44842729425e-08,-1.08535188275e-07
1.3602455985,-1.13542523995e-07,3.24023419205e-08,-1.084090904e-07
1.3624254793,-8.2978139635e-08,2.8043417588e-08,-1.0827690523e-07
1.36460536,-8.704280907e-08,2.86571849585e-08,-1.0814031763e-07
1.3667852408,-1.01252572995e-07,3.4087455081e-08,-1.07998835635e-07
1.3689651216,-9.067906981e-08,3.4997543752e-08,-1.07851851455e-07
1.3711450023,-8.477484825e-08,3.4968478113e-08,-1.0769984593e-07
1.3733248831,-9.1650713405e-08,3.7733344227e-08,-1.07542886725e-07
1.3755047639,-9.0163658485e-08,3.9561559584e-08,-1.0738073623e-07
1.3776846447,-8.426281478e-08,3.9917683048e-08,-1.0721341122e-07
1.3798645254,-8.5300558285e-08,4.1461933886e-08,-1.0704102909e-07
1.3820444062,-8.644962246e-08,4.33010072245e-08,-1.0686193805e-07
1.384224287,-8.6263467205e-08,4.47925863065e-08,-1.06670489475e-07
1.3864041677,-8.7208341935e-08,4.91004514825e-08,-1.06479933825e-07
1.3885840485,-8.1348539015e-08,5.114091095e-08,-1.0628703792e-07
1.3907639293,-7.1744385435e-08,4.86488044295e-08,-1.06088970045e-07
1.39294381,-7.5423657595e-08,5.074474174e-08,-1.0588525755e-07
1.3951236908,-8.1090262285e-08,5.6275489825e-08,-1.0567707755e-07
1.3973035716,-7.52614554e-08,5.812867687e-08,-1.0546374629e-07
1.3994834523,-7.146426506e-08,5.814702053e-08,-1.05245085655e-07
1.4016633331,-7.415214276e-08,5.9657173645e-08,-1.0502139907e-07
1.4038432139,-7.2602977795e-08,6.1308649825e-08,-1.0479269193e-07
1.4060230946,-6.8022484865e-08,6.2439023395e-08,-1.04558841375e-07
1.4082029754,-6.7060146325e-08,6.405802555e-08,-1.0431988699e-07
1.4103828562,-6.6966249215e-08,6.5812469365e-08,-1.0407590919e-07
1.4125627369,-6.4845034895e-08,6.7005309635e-08,-1.03826860335e-07
1.4147426177,-6.328420704e-08,6.8034888835e-08,-1.03572746615e-07
1.4169224985,-6.294071375e-08,6.913605244e-08,-1.03313586165e-07
1.4191023792,-6.2036568935e-08,6.9979316785e-08,-1.0304942149e-07
1.42128226,-6.089398291e-08,7.0590447375e-08,-1.0278021495e-07
1.4234621408,-6.046644435e-08,7.121314094e-08,-1.02505992725e-07
1.4256420215,-6.0184733585e-08,7.177700101e-08,-1.02226761335e-07
1.4278219023,-5.9644171545e-08,7.2184641595e-08,-1.0194255632e-07
1.4300017831,-5.926040353e-08,7.2538014485e-08,-1.0165337243e-07
1.4321816638,-5.9038496315e-08,7.288654402e-08,-1.01359216485e-07
1.4343615446,-5.8652656345e-08,7.31897265e-08,-1.0106010697e-07
1.4365414254,-5.81452865e-08,7.348533171e-08,-1.00756084385e-07
1.4387213061,-5.762136185e-08,7.3843858805e-08,-1.00447138405e-07
1.4409011869,-5.695948019e-08,7.4274347785e-08,-1.0013328343e-07
1.4430810677,-5.607859385e-08,7.475283448e-08,-9.9811739875e-08
1.4452609484,-5.527756447e-08,7.5458078675e-08,-9.9489678675e-08
1.4474408292,-5.347193799e-08,7.5682918265e-08,-9.9162067475e-08
1.44962071,-4.81983175595e-08,7.253764256e-08,-9.882917002e-08
1.4518005907,-4.6874298887e-08,7.250069989e-08,-9.849131204e-08
1.4539804715,-5.1080834005e-08,7.7065823165e-08,-9.8148756045e-08
1.4561603523,-4.8761356064e-08,7.7805453745e-08,-9.780107907e-08
1.458340233,-4.4224866824e-08,7.5838801905e-08,-9.744861973e-08
1.4605201138,-4.73349692775e-08,7.712168404e-08,-9.709150958e-08
1.4626999946,-5.068120923e-08,7.9000164745e-08,-9.672963781e-08
1.4648798753,-4.9754483866e-08,7.883924902e-08,-9.636301148e-08
1.4670597561,-5.125394692e-08,7.9065415325e-08,-9.5991775255e-08
1.4692396369,-5.5912520445e-08,8.0167089635e-08,-9.5615868005e-08
1.4714195176,-5.9246842155e-08,8.052072342e-08,-9.5235321755e-08
1.4735993984,-6.210130604e-08,8.0559334205e-08,-9.485017452e-08
1.4757792792,-6.6574083745e-08,8.115489669e-08,-9.446047752e-08
1.4779591599,-7.1171589455e-08,8.1734174985e-08,-9.406622144e-08
1.4801390407,-7.49797599e-08,8.2045209515e-08,-9.3667442715e-08
1.4823189215,-7.896532872e-08,8.2617690465e-08,-9.32641688e-08
1.4844988022,-8.296720949e-08,8.345089342e-08,-9.2856471e-08
1.486678683,-8.609358504e-08,8.422444686e-08,-9.24443093e-08
1.4888585638,-8.8446699965e-08,8.504747462e-08,-9.202775141e-08
1.4910384445,-9.0241404625e-08,8.603776025e-08,-9.1606833925e-08
1.4932183253,-9.1092995645e-08,8.7006782335e-08,-9.118158968e-08
1.4953982061,-9.083957475e-08,8.784961647e-08,-9.075202687e-08
1.4975780868,-8.9669305315e-08,8.860588374e-08,-9.031820485e-08
1.4997579676,-8.75739703e-08,8.920836292e-08,-8.988013129e-08
1.5019378484,-8.4503515295e-08,8.956419495e-08,-8.94378767e-08
1.5041177291,-8.0656623045e-08,8.969755494e-08,-8.8991422555e-08
1.5062976099,-7.625756693e-08,8.9642257505e-08,-8.854083255e-08
1.5084774907,-7.143717423e-08,8.9386159585e-08,-8.808615103e-08
1.5106573714,-6.639410133e-08,8.8956597645e-08,-8.7627406975e-08
1.5128372522,-6.1373693625e-08,8.8415835765e-08,-8.716462153e-08
1.515017133,-5.6536349215e-08,8.7797244475e-08,-8.669785204e-08
1.5171970137,-5.199310288e-08,8.71219652e-08,-8.622712814e-08
1.5193768945,-4.78597897425e-08,8.6425308575e-08,-8.5752468515e-08
1.5215567753,-4.42081454775e-08,8.5730950115e-08,-8.5273959325e-08
1.523736656,-4.10524655935e-08,8.504273674e-08,-8.4791619465e-08
1.5259165368,-3.8393459245e-08,8.4366313935e-08,-8.4305476145e-08
1.5280964176,-3.6219624522e-08,8.3708193155e-08,-8.381558391e-08
1.5302762983,-3.40002900835e-08,8.3080856085e-08,-8.331659586e-08
1.5324561791,-3.30228996925e-08,8.786575356e-08,-8.282251391e-08
1.5346360599,-1.9806091489e-08,6.6841121525e-08,-8.2319950395e-08
1.5368159406,-3.45715192585e-08,7.123015511e-08,-8.1812987485e-08
1.5389958214,-7.831943427e-08,1.13154258185e-07,-8.1305303e-08
1.5411757022,-7.0479604095e-08,1.10147019285e-07,-8.0793492645e-08
1.5433555829,-4.5903218726e-08,8.4175455495e-08,-8.027785393e-08
1.5455354637,-6.5170042975e-08,9.470813578e-08,-7.9756057025e-08
1.5477153445,-7.410044661e-08,1.0351845492e-07,-7.9242514215e-08
1.5498952252,-5.533753178e-08,9.347738139e-08,-7.8710546775e-08
1.552075106,-5.304216927e-08,9.8221150655e-08,-7.818731376e-08
1.5542549868,-3.43726228035e-08,6.688918308e-08,-7.765128357e-08
1.5564348675,-4.9193545071e-08,8.502388793e-08,-7.7122542575e-08
1.5586147483,-5.153058674e-08,8.491466419e-08,-7.657759207e-08
1.5607946291,-4.2975832615e-08,8.1990622625e-08,-7.6044225245e-08
1.5629745098,-3.956258654e-08,6.8470412675e-08,-7.54927283e-08
1.5651543906,-5.5322366135e-08,8.902769355e-08,-7.495388725e-08
1.5673342714,-4.5495116008e-08,7.2658254415e-08,-7.4397204265e-08
1.5695141521,-3.88848328535e-08,8.4365350815e-08,-7.385028726e-08
1.5716940329,-2.0350096608e-08,6.5760386025e-08,-7.3295722025e-08
1.5738739137,-1.82445350495e-08,1.9456233846e-08,-7.2731667585e-08
1.5760537944,-5.7097776505e-08,1.07550265915e-07,-7.21728498e-08
1.5782336752,-3.8014424941e-08,6.4847954785e-08,-7.16120656e-08
1.580413556,6.934569585e-09,2.8250626838e-08,-7.104432023e-08
1.5825934367,-5.071572884e-08,5.872704545e-08,-7.047971283e-08
1.5847733175,-2.6821983523e-08,9.63858382e-08,-6.9910410315e-08
1.5869531983,-3.5227654127e-10,4.1413983354e-09,-6.9339239345e-08
1.589133079,1.5842785417e-08,6.66627864e-10,-6.876244801e-08
1.5913129598,1.7659958218e-08,2.818116851e-08,-6.8193496935e-08
1.5934928406,-4.59016227805e-08,8.617361269e-08,-6.76171552e-08
1.5956727213,-5.0421408715e-08,8.8459040095e-08,-6.7033539165e-08
1.5978526021,-6.846023748e-09,4.6223791461e-08,-6.644937144e-08
1.6000324829,-4.31751329135e-08,8.4687240555e-08,-6.586441252e-08
1.6022123636,-4.27959293005e-08,8.3097892455e-08,-6.5276511215e-08
1.6043922444,-1.53567325525e-08,5.955118343e-08,-6.4686658705e-08
1.6065721252,-2.5818523708e-08,7.42608669e-08,-6.4095554225e-08
1.6087520059,-3.338186394e-08,8.3361526015e-08,-6.3502535075e-08
1.6109318867,-1.82838105765e-08,7.166550131e-08,-6.29076586e-08
1.6131117675,-1.4885320754e-08,7.221393483e-08,-6.2311298665e-08
1.6152916482,-2.09006562055e-08,7.981777739e-08,-6.17134209e-08
1.617471529,-1.62956537155e-08,7.667006474e-08,-6.111399506e-08
1.6196514098,-1.0459040578e-08,7.3461847715e-08,-6.0513168805e-08
1.6218312905,-1.18463891475e-08,7.6930997685e-08,-5.9911008595e-08
1.6240111713,-1.15841079785e-08,7.796455148e-08,-5.930755008e-08
1.6261910521,-8.002026125e-09,7.5988412785e-08,-5.870288886e-08
1.6283709328,-6.7455471765e-09,7.6545961235e-08,-5.8097097855e-08
1.6305508136,-6.347251197e-09,7.775938504e-08,-5.74902253e-08
1.6327306944,-4.008782889e-09,7.720858397e-08,-5.688235774e-08
1.6349105751,-1.6734343078e-09,7.7080689055e-08,-5.627357774e-08
1.6370904559,-5.9238031145e-11,7.789615064e-08,-5.566394149e-08
1.6392703367,2.40689967955e-09,7.81092635e-08,-5.5053522435e-08
1.6414502174,5.5727693295e-09,7.80579934e-08,-5.444239026e-08
1.6436300982,8.6268263365e-09,7.848931227e-08,-5.3830631495e-08
1.645809979,1.2026862839e-08,7.879270292e-08,-5.321829961e-08
1.6479898597,1.60237288715e-08,7.8681036685e-08,-5.2605497925e-08
1.6501697405,2.0121457972e-08,7.860278539e-08,-5.1992290615e-08
1.6523496213,2.4175846741e-08,7.8590642325e-08,-5.1378738405e-08
1.654529502,2.82729055445e-08,7.846849559e-08,-5.076492522e-08
1.6567093828,3.21863154185e-08,7.8375830825e-08,-5.015091563e-08
1.6588892636,3.5717104274e-08,7.838485694e-08,-4.95368168455e-08
1.6610691443,3.8862880275e-08,7.8376449775e-08,-4.8922688738e-08
1.6632490251,4.15324705185e-08,7.83510673e-08,-4.83086157975e-08
1.6654289059,4.3379683873e-08,7.8366821365e-08,-4.76951834915e-08
1.6676087866,4.33788949205e-08,8.0203249595e-08,-4.70755842385e-08
1.6697886674,4.6903017581e-08,8.5420120975e-08,-4.645948408e-08
1.6719685482,5.7601950295e-08,7.5691608535e-08,-4.5846191544e-08
1.6741484289,6.401299074e-08,5.7544671805e-08,-4.52339100135e-08
1.6763283097,5.5622746685e-08,6.539373487e-08,-4.4621550827e-08
1.6785081905,4.90924460805e-08,7.934945756e-08,-4.40103080415e-08
1.6806880712,5.3871155455e-08,7.2927497375e-08,-4.3399843793e-08
1.682867952,5.2814922575e-08,6.797918062e-08,-4.2789983168e-08
1.6850478328,4.47047676655e-08,7.3232564455e-08,-4.21810005345e-08
1.6872277135,4.3026481683e-08,7.2438136045e-08,-4.15730274855e-08
1.6894075943,4.49533965605e-08,6.758504312e-08,-4.0966017612e-08
1.6915874751,4.2925224486e-08,6.84844903e-08,-4.03600958435e-08
1.6937673558,4.0887131181e-08,7.0265854245e-08,-3.97553705705e-08
1.6959472366,4.19413767605e-08,6.854588286e-08,-3.9151916862e-08
1.6981271174,4.28670876575e-08,6.756555315e-08,-3.85497816605e-08
1.7003069981,4.31133087565e-08,6.8246219785e-08,-3.79490910615e-08
1.7024868789,4.46323991655e-08,6.781108175e-08,-3.73499128e-08
1.7046667597,4.6743636739e-08,6.693950394e-08,-3.6752325938e-08
1.7068466404,4.8261775132e-08,6.7230016e-08,-3.61564287155e-08
1.7090265212,4.97985513935e-08,6.783184292e-08,-3.5562286629e-08
1.711206402,5.166569117e-08,6.8196095995e-08,-3.4970002383e-08
1.7133862827,5.32675154e-08,6.9103828215e-08,-3.4379651495e-08
1.7155661635,5.453341112e-08,7.067047225e-08,-3.3791310894e-08
1.7177460443,5.567802608e-08,7.242138278e-08,-3.32028003695e-08
1.719925925,5.6730543875e-08,7.4703021545e-08,-3.26202567695e-08
1.7221058058,5.8273236235e-08,7.5927653055e-08,-3.20400188495e-08
1.7242856866,6.0487104215e-08,7.1139039105e-08,-3.14605776275e-08
1.7264655673,6.082645776e-08,7.1514838495e-08,-3.0884082714e-08
1.7286454481,5.858705743e-08,8.1156487085e-08,-3.0310330267e-08
1.7308253289,5.9712423895e-08,8.309142818e-08,-2.973853325e-08
1.7330052096,6.1825962405e-08,7.943109781e-08,-2.9169458195e-08
1.7351850904,5.9399725415e-08,8.331708934e-08,-2.8603314805e-08
1.7373649712,5.7171721525e-08,8.799118101e-08,-2.8039915528e-08
1.7395448519,5.8102378465e-08,8.7187126965e-08,-2.7479401255e-08
1.7417247327,5.7814596165e-08,8.76202666e-08,-2.69219811675e-08
1.7439046135,5.5706436685e-08,9.0742613425e-08,-2.636766338e-08
1.7460844942,5.4879480125e-08,9.190520289e-08,-2.5816512337e-08
1.748264375,5.4947681125e-08,9.188092509e-08,-2.52686586855e-08
1.7504442558,5.441719575e-08,9.307336568e-08,-2.4724174443e-08
1.7526241365,5.415545651e-08,9.401365242e-08,-2.4183119179e-08
1.7548040173,5.478233561e-08,9.372228549e-08,-2.3645629479e-08
1.7569838981,5.5613505465e-08,9.333167017e-08,-2.3111740038e-08
1.7591637788,5.659732405e-08,9.281304336e-08,-2.25815626855e-08
1.7613436596,5.8176588545e-08,9.1304966365e-08,-2.2055172904e-08
1.7635235404,6.0161897685e-08,8.905326476e-08,-2.1532649486e-08
1.7657034211,6.2247933195e-08,8.6486592885e-08,-2.10140946805e-08
1.7678833019,6.449870499e-08,8.3377563185e-08,-2.0499568009e-08
1.7700631827,6.685721421e-08,7.9723080915e-08,-1.9989181711e-08
1.7722430635,6.9062361385e-08,7.589893436e-08,-1.9482984109e-08
1.7744229442,7.1001074465e-08,7.203618535e-08,-1.89810804785e-08
1.776602825,7.263617069e-08,6.815865927e-08,-1.8483547984e-08
1.7787827058,7.3836373125e-08,6.449934753e-08,-1.79904651905e-08
1.7809625865,7.451023548e-08,6.1256499875e-08,-1.75019154725e-08
1.7831424673,7.467432783e-08,5.845921247e-08,-1.7017971575e-08
1.7853223481,7.4347715485e-08,5.615579668e-08,-1.65387286605e-08
1.7875022288,7.354859777e-08,5.4415594255e-08,-1.60642468995e-08
1.7896821096,7.2353216475e-08,5.320448526e-08,-1.55946186295e-08
1.7918619904,7.0858316435e-08,5.243649681e-08,-1.5129908369e-08
1.7940418711,6.9136615875e-08,5.204775777e-08,-1.4670214625e-08
1.7962217519,6.7256326895e-08,5.1957529945e-08,-1.42155988645e-08
1.7984016327,6.528556584e-08,5.205979814e-08,-1.37661403345e-08
1.8005815134,6.326952018e-08,5.2270951455e-08,-1.3321914145e-08
1.8027613942,6.123477697e-08,5.253003865e-08,-1.28829965865e-08
1.804941275,5.9206363425e-08,5.277572823e-08,-1.2449455304e-08
1.8071211557,5.7207065475e-08,5.295725247e-08,-1.2021394805e-08
1.8093010365,5.525714747e-08,5.3043050505e-08,-1.1598847211e-08
1.8114809173,5.338377379e-08,5.3005352885e-08,-1.11819064555e-08
1.813660798,5.16229684e-08,5.2813337035e-08,-1.07706346945e-08
1.8158406788,5.001394854e-08,5.243748491e-08,-1.03651155095e-08
1.8180205596,4.85964393725e-08,5.184595808e-08,-9.965407477e-09
1.8202004403,4.74081912615e-08,5.1001206035e-08,-9.571579354e-09
1.8223803211,4.64787874855e-08,4.9867862617e-08,-9.1837163185e-09
1.8245602019,4.58254850735e-08,4.84219664365e-08,-8.8018643745e-09
1.8267400826,4.54530732495e-08,4.6656375985e-08,-8.4260940675e-09
1.8289199634,4.5354718592e-08,4.4587322723e-08,-8.0564785285e-09
1.8310998442,4.55137608155e-08,4.22594209625e-08,-7.693072582e-09
1.8332797249,4.5907894153e-08,3.97437777135e-08,-7.335936636e-09
1.8354596057,4.6513744245e-08,3.71313535475e-08,-6.9851426655e-09
1.8376394865,4.73101849365e-08,3.4524327841e-08,-6.640748612e-09
1.8398193672,4.82808432125e-08,3.20251297705e-08,-6.3027980155e-09
1.841999248,4.941536208e-08,2.972468105e-08,-5.9713726825e-09
1.8441791288,5.0708882925e-08,2.76931394485e-08,-5.646503492e-09
1.8463590095,5.215996246e-08,2.59741672615e-08,-5.3282683525e-09
1.8485388903,5.3984668125e-08,2.39713970895e-08,-5.015847484e-09
1.8507187711,5.737697678e-08,2.4618190819e-08,-4.71703747895e-09
1.8528986518,5.923964097e-08,1.1938922073e-08,-4.4166980591e-09
1.8550785326,5.6104022815e-08,1.8373666477e-08,-4.1250506946e-09
1.8572584134,5.1596119045e-08,5.105891543e-08,-3.8420818782e-09
1.8594382941,5.7484542125e-08,4.81584383485e-08,-3.56460438505e-09
1.8616181749,6.3824286135e-08,2.69032018885e-08,-3.29361321275e-09
1.8637980557,6.057885027e-08,3.564963047e-08,-3.0305188125e-09
1.8659779364,6.0894692065e-08,4.3269265948e-08,-2.7742492926e-09
1.8681578172,6.783514306e-08,3.1733002337e-08,-2.52474505735e-09
1.870337698,7.0030399535e-08,2.9356186926e-08,-2.282577036e-09
1.8725175787,6.888151438e-08,3.5742700466e-08,-2.04759268945e-09
1.8746974595,7.1315815755e-08,3.27851218395e-08,-1.8196706876e-09
1.8768773403,7.4344634615e-08,2.69725519695e-08,-1.5989740501e-09
1.879057221,7.478843933e-08,2.6821644905e-08,-1.3855402129e-09
1.8812371018,7.5378600585e-08,2.6233629158e-08,-1.17966324685e-09
1.8834169826,7.69410452e-08,2.228842666e-08,-9.8074440735e-10
1.8855968633,7.8743676855e-08,1.94613131165e-08,-7.9135206285e-10
1.8877767441,8.068095775e-08,1.61015700775e-08,-6.0432736245e-10
1.8899566249,8.336253632e-08,-7.7331807625e-09,-4.29819340085e-10
1.8921365056,8.1268411445e-08,-8.158751452e-11,-2.58054826455e-10
1.8943163864,8.022397191e-08,3.87664622625e-09,-9.807035083e-11
1.8964962672,8.352480374e-08,-6.5000782535e-09,5.9397198745e-11
1.8986761479,8.363676973e-08,-1.33897143375e-08,2.0444450712e-10
1.9008560287,8.2327986095e-08,-6.4258570685e-09,3.4685254751e-10
1.9030359095,8.3440947205e-08,-1.277700723e-08,4.7743698538e-10
1.9052157902,8.6911335075e-08,-1.93151772355e-08,6.033716447e-10
1.907395671,8.772910315e-08,-2.1849649867e-08,7.219665503e-10
1.9095755518,8.9826056315e-08,-3.5853819913e-08,8.329859358e-10
1.9117554325,8.908868365e-08,-2.9172320115e-08,9.364412669e-10
1.9139353133,9.034188536e-08,-2.6082572213e-08,1.0330753188e-09
1.9161151941,9.398733458e-08,-3.48312462205e-08,1.1223936939e-09
1.9182950748,9.515186139e-08,-3.5850195035e-08,1.2044028733e-09
1.9204749556,9.534270873e-08,-3.25101306985e-08,1.2793765235e-09
1.9226548364,9.754126118e-08,-3.5438413315e-08,1.3472547928e-09
1.9248347171,9.9521005325e-08,-3.81123688165e-08,1.40803712085e-09
1.9270145979,1.0012205509e-07,-3.64960089925e-08,1.4618259953e-09
1.9291944787,1.00995503625e-07,-3.6001746029e-08,1.50868232675e-09
1.9313743594,1.02190721165e-07,-3.7055486457e-08,1.5486441149e-09
1.9335542402,1.02666149195e-07,-3.6253053337e-08,1.58178698535e-09
1.935734121,1.0277180218e-07,-3.45314082885e-08,1.608191026e-09
1.9379140017,1.0302830117e-07,-3.36058042505e-08,1.62792747475e-09
1.9400938825,1.03108306615e-07,-3.2460112376e-08,1.6408587014e-09
1.9422737633,1.03144526255e-07,-3.1978195092e-08,1.6465292863e-09
1.944453644,1.02997227415e-07,-2.8861377177e-08,1.64756321825e-09
1.9466335248,1.0261971689e-07,-3.00178409905e-08,1.6412435464e-09
1.9488134056,1.01287758735e-07,-2.24704560515e-08,1.62878060195e-09
1.9509932863,1.0153023283e-07,-1.01457869885e-08,1.60997768645e-09
1.9531731671,1.0329217204e-07,-1.33497629615e-08,1.58678656615e-09
1.9553530479,1.0495633529e-07,-2.0891113839e-08,1.5561368334e-09
1.9575329286,1.0420294211e-07,-1.3691148215e-08,1.5212072139e-09
1.9597128094,1.0545253004e-07,-8.630626769e-09,1.4796296515e-09
1.9618926902,1.0851679e-07,-1.37406475085e-08,1.4339670122e-09
1.9640725709,1.10284781305e-07,-1.15138287795e-08,1.3818308129e-09
1.9662524517,1.11548448255e-07,-8.032760568e-09,1.3255542262e-09
1.9684323325,1.1620167051e-07,-8.1583850785e-09,1.26448167355e-09
1.9706122132,1.19245155415e-07,-1.50147672075e-08,1.1988012962e-09
1.972792094,1.21294480015e-07,-1.26113508525e-08,1.1287034317e-09
1.9749719748,1.24049565065e-07,-1.09752679165e-08,1.05460558765e-09
1.9771518555,1.2833759888e-07,-1.49022044705e-08,9.7662416195e-10
1.9793317363,1.3122148368e-07,-1.652635806e-08,8.9500793865e-10
1.9815116171,1.3384481301e-07,-1.5835877054e-08,8.100804793e-10
1.9836914978,1.370550895e-07,-1.7552451159e-08,7.2209293055e-10
1.9858713786,1.39527062125e-07,-1.93614346775e-08,6.3119205405e-10
1.9880512594,1.40272155005e-07,-1.9127049944e-08,5.3811683405e-10
1.9902311401,1.41113085105e-07,-1.8223722531e-08,4.4281675602e-10
1.9924110209,1.4416150218e-07,-1.7470119795e-08,3.45795281615e-10
1.9945909017,1.48100939845e-07,-1.59660534795e-08,2.47395511795e-10
1.9967707824,1.4723371411e-07,-1.98446703515e-08,1.48104143685e-10
1.9989506632,1.4870788212e-07,-1.76131609295e-08,4.81676804585e-11
2.001130544,1.48867965175e-07,-1.79795678345e-08,-5.1912998705e-11
2.001130544,1.48867965175e-07,-1.79795678345e-08,-5.1912998705e-11
