 force-1force-2force-3workmass
   4.4408920985006262E-016   1.0658141036401503E-014  -2.1490512560269858E-014   0.0000000000000000       0.78539817820995284     
   1.9095836023552692E-014  -8.5265128291212022E-014  -1.7971955363128884E-014  -1.1067240244947330E-007  0.78539817820995306     
   3.4194869158454821E-014   9.2370555648813024E-014  -1.3263989909286107E-014  -1.0641147514162002E-006  0.78539817820995272     
   1.1546319456101628E-014  -1.2434497875801753E-013  -1.5641446959041807E-014  -4.0824802462360173E-006  0.78539817820995406     
  -4.5297099404706387E-014  -5.6843418860808015E-014  -9.5419179174872869E-015  -1.0691540775319259E-005  0.78539817820995383     
   5.7731597280508140E-015  -6.0396132539608516E-014  -2.0367133068233699E-014  -2.2644404089397355E-005  0.78539817820995372     
  -4.8405723873656825E-014  -1.0658141036401503E-014  -2.8164871061826040E-014  -4.1865071155168176E-005  0.78539817820995406     
   1.1102230246251565E-014  -3.5527136788005009E-014  -1.1474607322353402E-014  -7.0405015275952894E-005  0.78539817820995350     
  -1.4210854715202004E-014   2.4868995751603507E-014  -7.6441867461452547E-015  -1.1040888176021903E-004  0.78539817820995372     
   7.8159700933611020E-014  -7.8159700933611020E-014  -3.0120014372187433E-014  -1.6408699782691490E-004  0.78539817820995395     
  -9.7699626167013776E-015   1.1368683772161603E-013  -1.9711634942064611E-014  -2.3369298037790142E-004  0.78539817820995395     
   3.4638958368304884E-014   2.4868995751603507E-013  -2.4007121319603257E-014  -3.2150521372600990E-004  0.78539817820995372     
   7.5495165674510645E-015   7.4606987254810520E-014  -3.2906880475406660E-014  -4.2981127878419055E-004  0.78539817820995372     
   3.9968028886505635E-015   4.9737991503207013E-014  -2.4811101471056578E-014  -5.6089463384971397E-004  0.78539817820995372     
  -2.2648549702353193E-014  -2.8421709430404007E-014  -7.0787542155364816E-015  -7.1702304827214931E-004  0.78539817820995372     
   7.5051076464660582E-014  -1.2789769243681803E-013  -2.2188533542287189E-014  -9.0043847921734727E-004  0.78539817820995395     
   2.3536728122053319E-014   1.2434497875801753E-013  -1.1911748195023849E-014  -1.1133482001916494E-003  0.78539817820995383     
   1.3766765505351941E-014   1.2434497875801753E-013  -2.2407430077534101E-014  -1.3579170050301423E-003  0.78539817820995372     
   1.5099033134902129E-014   6.7501559897209518E-014  -1.7881311234061265E-014  -1.6362602690618063E-003  0.78539817820995406     
   1.7763568394002505E-015   1.4210854715202004E-014  -2.0334973042288335E-014  -1.9504376369502384E-003  0.78539817820995450     
  -6.0840221749458578E-014  -2.1671553440683056E-013  -1.7988880985859265E-014  -2.3024471714592808E-003  0.78539817820995417     
   3.8635761256955448E-014   7.1054273576010019E-015  -2.0590117303237613E-014  -2.6942198819497189E-003  0.78539817820995417     
   2.7089441800853820E-014   4.9737991503207013E-014  -1.1567771909715487E-014  -3.1276146181090907E-003  0.78539817820995428     
  -5.7287508070658077E-014   1.0658141036401503E-014  -2.1736989166283832E-014  -3.6044133449952532E-003  0.78539817820995439     
  -3.5527136788005009E-015   2.1316282072803006E-014  -2.1743088104570793E-014  -4.1263167986070482E-003  0.78539817820995483     
   8.3932860661661834E-014  -1.9184653865522705E-013  -1.6256387549592437E-014  -4.6949405104336249E-003  0.78539817820995439     
   2.7977620220553945E-014   3.5527136788005009E-015  -2.1286802556389729E-014  -5.3118111963076486E-003  0.78539817820995483     
   2.3092638912203256E-014  -6.7501559897209518E-014  -2.4444470581244934E-014  -5.9783635248523634E-003  0.78539817820995494     
   8.1712414612411521E-014  -5.6843418860808015E-014  -1.6758725990133898E-014  -6.6959372667401013E-003  0.78539817820995572     
   3.9079850466805510E-014   5.3290705182007514E-014  -1.9860110555270046E-014  -7.4657747749380960E-003  0.78539817820995539     
   3.1086244689504383E-015   7.1054273576010019E-014  -2.7453828079033492E-014  -8.2890186938897811E-003  0.78539817820995583     
  -3.9523939676655573E-014   7.1054273576010019E-015  -2.3903756142449331E-014  -9.1667097799513660E-003  0.78539817820995605     
   6.6613381477509392E-015   3.9079850466805510E-014  -2.5275067616312409E-014  -1.0099784766381004E-002  0.78539817820995639     
   2.1316282072803006E-014   4.6185277824406512E-014  -1.8419576599598213E-014  -1.1089074289811766E-002  0.78539817820995661     
   4.8405723873656825E-014   1.7763568394002505E-014  -2.4430102073434478E-014  -1.2135300964442952E-002  0.78539817820995728     
  -2.7977620220553945E-014   9.9475983006414026E-014  -2.1454957926766505E-014  -1.3239077708790865E-002  0.78539817820995750     
  -1.0658141036401503E-014  -1.2434497875801753E-013  -8.9268673177395431E-015  -1.4400906396460628E-002  0.78539817820995816     
  -1.9984014443252818E-014  -2.3803181647963356E-013  -2.2890642625923902E-014  -1.5621176852121936E-002  0.78539817820995850     
   5.3290705182007514E-014   9.9475983006414026E-014  -1.6214049668570495E-014  -1.6900166167749010E-002  0.78539817820995883     
   5.9952043329758453E-015  -1.4210854715202004E-014  -2.5227038970466190E-014  -1.8238038281039304E-002  0.78539817820995983     
   1.3100631690576847E-014   9.2370555648813024E-014  -3.0842384002712903E-014  -1.9634843745987618E-002  0.78539817820996038     
  -9.3258734068513149E-015  -4.6185277824406512E-014  -1.5463966153183538E-014  -2.1090519609472131E-002  0.78539817820996083     
   3.8635761256955448E-014   6.3948846218409017E-014  -2.5254441561408285E-014  -2.2604889315947639E-002  0.78539817820996138     
   2.0872192862952943E-014   9.9475983006414026E-014  -2.2849088245766452E-014  -2.4177662597217823E-002  0.78539817820996249     
  -5.5511151231257827E-014   9.9475983006414026E-014  -1.9418681629349246E-014  -2.5808435361450555E-002  0.78539817820996316     
  -1.9095836023552692E-014   2.8421709430404007E-014  -2.4189058262880211E-014  -2.7496689658653151E-002  0.78539817820996394     
  -1.9984014443252818E-015   7.1054273576010019E-014  -3.3200218499877097E-014  -2.9241793833377404E-002  0.78539817820996483     
   1.3766765505351941E-014  -2.1316282072803006E-014  -2.7397994170469895E-014  -3.1043002968510803E-002  0.78539817820996594     
   7.7715611723760958E-015   1.0302869668521453E-013  -2.5920009528670247E-014  -3.2899459664457849E-002  0.78539817820996727     
   4.8405723873656825E-014   8.8817841970012523E-014  -2.1998075661044121E-014  -3.4810195103478943E-002  0.78539817820996838     
   2.6645352591003757E-015  -4.2632564145606011E-014  -2.6085677318161614E-014  -3.6774130367314743E-002  0.78539817820997015     
  -3.0198066269804258E-014  -6.3948846218409017E-014  -1.0147305901723756E-014  -3.8790077818435027E-002  0.78539817820997149     
   4.2188474935755949E-015   1.5631940186722204E-013  -2.2993664305749838E-014  -4.0856742513016991E-002  0.78539817820997282     
  -4.5963233219481481E-014  -7.4606987254810520E-014  -2.2372530119439832E-014  -4.2972723626261325E-002  0.78539817820997448     
   5.2180482157382357E-014  -4.2632564145606011E-014  -2.0650727956259415E-014  -4.5136515828180040E-002  0.78539817820997615     
  -4.1744385725905886E-014  -1.8118839761882555E-013  -1.1422529878130290E-014  -4.7346510576452318E-002  0.78539817820997793     
   2.0428103653102880E-014  -7.4606987254810520E-014  -1.0531691410534084E-014  -4.9600997522490128E-002  0.78539817820997992     
  -5.7065463465733046E-014   5.6843418860808015E-014  -8.1698915100510776E-015  -5.1898166105213916E-002  0.78539817820998181     
   3.6859404417555197E-014  -6.7501559897209518E-014  -1.7168307351896540E-014  -5.4236107425406507E-002  0.78539817820998392     
  -1.1635137298071641E-013  -1.9895196601282805E-013  -1.4725150122218946E-014  -5.6612816385849696E-002  0.78539817820998659     
   7.2830630415410269E-014   4.6185277824406512E-014  -3.0549317327202013E-014  -5.9026193992275759E-002  0.78539817820998903     
   1.6653345369377348E-014  -6.0396132539608516E-014  -2.1016761814262256E-014  -6.1474049816479075E-002  0.78539817820999169     
   2.4646951146678475E-014  -6.0396132539608516E-014  -2.6241785802882142E-014  -6.3954104549442198E-002  0.78539817820999447     
  -2.1982415887578100E-014  -7.8159700933611020E-014  -2.2281407282802192E-014  -6.6463992539444156E-002  0.78539817820999736     
   6.4392935428259079E-014   2.4868995751603507E-014  -2.0386494911327720E-014  -6.9001264261884868E-002  0.78539817821000069     
  -5.9952043329758453E-014   3.9079850466805510E-014  -2.1631960028542394E-014  -7.1563388742079431E-002  0.78539817821000368     
   4.8849813083506888E-015  -6.3948846218409017E-014  -2.3593216102676373E-014  -7.4147756028958803E-002  0.78539817821000724     
   4.0412118096355698E-014   1.5276668818842154E-013  -2.6379194515530166E-014  -7.6751679787569235E-002  0.78539817821001112     
  -3.1086244689504383E-015  -6.3948846218409017E-014  -1.0069776825461622E-014  -7.9372400089396347E-002  0.78539817821001501     
  -3.9079850466805510E-014   5.6843418860808015E-014  -2.1347661833206522E-014  -8.2007086416912928E-002  0.78539817821001900     
   1.3322676295501878E-014  -7.1054273576010019E-014  -2.0198377287635060E-014  -8.4652840788362965E-002  0.78539817821002322     
   8.0824236192711396E-014   1.7763568394002505E-013  -3.6103834583824656E-014  -8.7306700986058819E-002  0.78539817821002778     
  -1.4210854715202004E-014  -2.8421709430404007E-014  -3.3443552881496108E-014  -8.9965643832424239E-002  0.78539817821003244     
  -1.9539925233402755E-014   9.2370555648813024E-014  -2.6967497956810503E-014  -9.2626588450474709E-002  0.78539817821003721     
  -4.3520742565306136E-014  -6.3948846218409017E-014  -2.5225567165519716E-014  -9.5286399488036008E-002  0.78539817821004232     
  -2.9309887850104133E-014  -1.7763568394002505E-014  -3.0538301626953918E-014  -9.7941890339294166E-002  0.78539817821004754     
   8.8817841970012523E-014   1.5987211554602254E-014  -2.2539901006936097E-014 -0.10058982642450760       0.78539817821005320     
  -4.0856207306205761E-014   1.7763568394002505E-015  -1.9821187017774846E-014 -0.10322692858453082       0.78539817821005942     
  -5.5067062021407764E-014  -3.5527136788005009E-015  -3.3921503944427194E-014 -0.10584987668828380       0.78539817821006541     
   7.7271522513910895E-014   7.1054273576010019E-014  -1.4569045961347036E-014 -0.10845531341414705       0.78539817821007196     
  -7.1942451995710144E-014  -1.4921397450962104E-013  -2.1628714731607242E-014 -0.11103984806508817       0.78539817821007885     
   3.3750779948604759E-014   1.8296475445822580E-013  -2.9499308272813160E-014 -0.11360006042560503       0.78539817821008551     
   7.1942451995710144E-014   6.9277916736609768E-014  -2.8396382761178257E-014 -0.11613250461301888       0.78539817821009317     
   6.3948846218409017E-014   1.2079226507921703E-013  -1.5738158056494352E-015 -0.11863371286416458       0.78539817821010083     
   3.3750779948604759E-014   7.1054273576010019E-014  -1.1206059272573662E-014 -0.12110019925651994       0.78539817821010860     
   4.8849813083506888E-014   1.6342482922482304E-013  -1.7137989928373436E-014 -0.12352846342400801       0.78539817821011693     
   7.9936057773011271E-014   1.8651746813702630E-013  -2.2126511898492168E-014 -0.12591499435295453       0.78539817821012536     
  -6.5725203057809267E-014   1.5987211554602254E-014  -8.4255122003796775E-015 -0.12825627433667863       0.78539817821013447     
   1.0480505352461478E-013   8.8817841970012523E-014  -2.2369016606468445E-014 -0.13054878312820600       0.78539817821014368     
   7.8159700933611020E-014   1.0480505352461478E-013  -1.9155461655612855E-014 -0.13278900227100304       0.78539817821015334     
  -6.2172489379008766E-014  -2.1316282072803006E-014  -2.6015674297773903E-014 -0.13497341953592357       0.78539817821016333     
  -5.1514348342607263E-014  -2.3447910280083306E-013  -2.5749837782401676E-014 -0.13709853336415645       0.78539817821017355     
   2.1316282072803006E-014   4.6185277824406512E-014  -2.9450388629655531E-014 -0.13916085722852478       0.78539817821018443     
   5.3290705182007514E-015   4.6185277824406512E-014  -3.3474380032097023E-014 -0.14115692386895606       0.78539817821019531     
   1.2256862191861728E-013   3.5527136788005009E-014  -2.5685173176779719E-014 -0.14308328941423815       0.78539817821020708     
   1.9539925233402755E-014   0.0000000000000000       -2.9167901701319044E-014 -0.14493653751032554       0.78539817821021851     
  -1.7763568394002505E-015   3.0198066269804258E-014  -2.3187654383063730E-014 -0.14671328348572427       0.78539817821023072     
  -5.1514348342607263E-014   2.8421709430404007E-014  -2.8473369161432846E-014 -0.14841017861880368       0.78539817821024327     
   5.5067062021407764E-014   1.0480505352461478E-013  -1.8491062745378425E-014 -0.15002391467094758       0.78539817821025626     
   8.1712414612411521E-014   8.8817841970012523E-014  -3.0128940280632719E-014 -0.15155122862743745       0.78539817821026980     
  -3.0198066269804258E-014   0.0000000000000000       -1.7748888943930094E-014 -0.15298890752909172       0.78539817821028324     
  -2.1316282072803006E-014  -3.9079850466805510E-014  -1.8904086208405351E-014 -0.15433379331175390       0.78539817821029745     
   0.0000000000000000       -1.0835776720341528E-013  -1.2085919054951095E-014 -0.15558278757138996       0.78539817821031210     
  -5.8619775700208265E-014   1.7763568394002505E-014  -2.6435548026753036E-014 -0.15673285621002467       0.78539817821032720     
  -1.1191048088221578E-013  -6.7501559897209518E-014  -1.9554165408141029E-014 -0.15778103397980844       0.78539817821034252     
  -1.0125233984581428E-013  -1.0658141036401503E-014  -2.0310380879531630E-014 -0.15872442899094269       0.78539817821035829     
   4.7961634663806763E-014  -2.1316282072803006E-014  -2.8282141355129995E-014 -0.15956022727341965       0.78539817821037428     
   1.2967404927621828E-013   1.2967404927621828E-013  -2.5608107771207628E-014 -0.16028569746696464       0.78539817821039060     
  -3.9079850466805510E-014   5.3290705182007514E-014  -1.7372457379837844E-014 -0.16089819567605929       0.78539817821040747     
   7.1054273576010019E-014   1.0125233984581428E-013  -3.8349704395463922E-014 -0.16139517047094482       0.78539817821042501     
  -9.4146912488213275E-014  -8.5265128291212022E-014  -2.6530046428617702E-014 -0.16177416797613026       0.78539817821044267     
  -9.7699626167013776E-014  -2.3092638912203256E-014  -2.9341779722703224E-014 -0.16203283697160403       0.78539817821046054     
  -1.6697754290362354E-013  -9.6811447747313650E-014  -2.4503019568727385E-014 -0.16216893395438875       0.78539817821047908     
  -7.2830630415410269E-014  -5.2402526762307389E-014  -2.4604866553680355E-014 -0.16218032813977390       0.78539817821049751     
   1.8651746813702630E-013   4.7961634663806763E-014  -2.9596351938768839E-014 -0.16206500641620150       0.78539817821051661     
   7.2830630415410269E-014  -4.4408920985006262E-014  -1.7023298826447665E-014 -0.16182107831988399       0.78539817821053615     
   1.3855583347321954E-013   5.0626169922907138E-014  -2.8229331328827711E-014 -0.16144678109038485       0.78539817821055602     
  -5.3290705182007514E-015   0.0000000000000000       -3.0341111854399477E-014 -0.16094048484507645       0.78539817821057600     
   3.3750779948604759E-014   8.8817841970012523E-015  -1.9137814603556592E-014 -0.16030069787075960       0.78539817821059588     
   1.1013412404281553E-013   1.7763568394002505E-014  -2.9320274495905325E-014 -0.15952607200221519       0.78539817821061675     
  -8.5265128291212022E-014  -3.2862601528904634E-014  -9.5995212075992304E-015 -0.15861540803109250       0.78539817821063818     
   1.2079226507921703E-013   6.3948846218409017E-014  -2.7009923222689613E-014 -0.15756766110039477       0.78539817821065949     
   2.1316282072803006E-014  -5.6843418860808015E-014  -3.0837358104293130E-014 -0.15638194606477293       0.78539817821068092     
   8.8817841970012523E-014  -2.3980817331903381E-014  -2.9403483496128612E-014 -0.15505754283257434       0.78539817821070290     
   1.0658141036401503E-013   4.2188474935755949E-014  -3.1045384634503920E-014 -0.15359390173573748       0.78539817821072444     
  -1.3855583347321954E-013   4.4408920985006262E-015  -3.5383337532050672E-014 -0.15199064898594677       0.78539817821074687     
   1.0658141036401503E-013  -1.0214051826551440E-014  -2.6417205297797744E-014 -0.15024759225484008       0.78539817821076907     
  -4.2632564145606011E-014   3.1086244689504383E-015  -2.0329878143558488E-014 -0.14836472639486348       0.78539817821079150     
   1.0658141036401503E-013  -1.8651746813702630E-014  -2.2146850349448381E-014 -0.14634223927324175       0.78539817821081448     
   1.2434497875801753E-013  -7.9936057773011271E-015  -3.4191695875435595E-014 -0.14418051767222126       0.78539817821083735     
  -1.2434497875801753E-013  -1.8429702208777599E-014  -3.0543010941056871E-014 -0.14188015320243852       0.78539817821086044     
  -7.1054273576010019E-015   6.4837024638109142E-014  -1.5682295458421277E-014 -0.13944194819447087       0.78539817821088342     
  -1.0658141036401503E-013  -2.0428103653102880E-014  -1.9213619512768814E-014 -0.13686692156422850       0.78539817821090652     
  -1.4210854715202004E-014   8.8817841970012523E-016  -2.4798156031359688E-014 -0.13415631468160544       0.78539817821092983     
  -1.3145040611561853E-013  -1.1324274851176597E-014  -3.3140663521231915E-014 -0.13131159728884034       0.78539817821095304     
   8.8817841970012523E-014  -1.9984014443252818E-014  -1.3399398995398111E-014 -0.12833447352099703       0.78539817821097602     
  -1.0302869668521453E-013  -2.9753977059954195E-014  -1.5723191500770273E-014 -0.12522688805716387       0.78539817821099922     
   6.0396132539608516E-014   4.0412118096355698E-014  -3.4420124430018647E-014 -0.12199103240801662       0.78539817821102276     
   1.4921397450962104E-013  -2.9309887850104133E-014  -2.8178917266587565E-014 -0.11862935132128498       0.78539817821104596     
   9.5923269327613525E-014  -6.5725203057809267E-014  -2.9956361230082401E-014 -0.11514454924382428       0.78539817821106872     
   3.1974423109204508E-014   7.8159700933611020E-014  -2.7328502247470611E-014 -0.11153959683956083       0.78539817821109148     
   4.2632564145606011E-014   1.9539925233402755E-014  -3.2015631742939882E-014 -0.10781773751614791       0.78539817821111413     
   7.6383344094210770E-014  -1.0746958878371515E-013  -2.9649503344166798E-014 -0.10398249397174732       0.78539817821113700     
  -1.1368683772161603E-013  -4.7073456244106637E-014  -2.6216262176639861E-014 -0.10003767479365114       0.78539817821115954     
  -6.2172489379008766E-014   1.2700951401711791E-013  -3.5054171607636381E-014  -9.5987381074241901E-002  0.78539817821118141     
   5.3290705182007514E-014   3.6415315207705135E-014  -2.1908365714330910E-014  -9.1836013166461478E-002  0.78539817821120350     
   1.0835776720341528E-013  -1.9539925233402755E-014  -1.9778560833325857E-014  -8.7588277594525227E-002  0.78539817821122515     
  -1.0480505352461478E-013   6.5725203057809267E-014  -2.6873314513900846E-014  -8.3249193979902714E-002  0.78539817821124669     
   1.9539925233402755E-014   0.0000000000000000       -2.1190032048317800E-014  -7.8824102065449597E-002  0.78539817821126767     
  -3.7303493627405260E-014   5.5067062021407764E-014  -3.9739561654859135E-014  -7.4318668808378938E-002  0.78539817821128866     
   3.1974423109204508E-014  -4.4408920985006262E-014  -3.4127345188136858E-014  -6.9738895518071317E-002  0.78539817821130908     
   7.1054273576010019E-015   1.2434497875801753E-014  -4.2592045607654389E-014  -6.5091125026740193E-002  0.78539817821132962     
  -7.1054273576010019E-014   4.9737991503207013E-014  -2.5919350170647832E-014  -6.0382048840423863E-002  0.78539817821134950     
   3.5527136788005009E-014  -9.7699626167013776E-014  -3.9055050601539681E-014  -5.5618714600577324E-002  0.78539817821136859     
  -6.9277916736609768E-014   1.3500311979441904E-013  -1.9321597129484544E-014  -5.0808533351815149E-002  0.78539817821138791     
   5.1514348342607263E-014  -6.2172489379008766E-014  -3.1285202963798110E-014  -4.5959286963313972E-002  0.78539817821140656     
   3.3750779948604759E-014  -9.4146912488213275E-014  -1.3862960901317196E-014  -4.1079135653366530E-002  0.78539817821142477     
   3.5527136788005009E-015  -2.4868995751603507E-014  -2.7517933877691593E-014  -3.6176625553569319E-002  0.78539817821144253     
   1.2434497875801753E-014   1.7763568394002505E-014  -2.8510340872043194E-014  -3.1260696335633442E-002  0.78539817821145985     
   6.7501559897209518E-014  -1.4388490399142029E-013  -2.9249586490612489E-014  -2.6340688860086565E-002  0.78539817821147662     
  -4.2632564145606011E-014  -1.4033219031261979E-013  -3.4664124446321656E-014  -2.1426352924834885E-002  0.78539817821149316     
  -3.3750779948604759E-014   6.2172489379008766E-014  -1.8896435466845424E-014  -1.6527854977359854E-002  0.78539817821150892     
   1.3855583347321954E-013  -6.9277916736609768E-014  -2.9887554637420448E-014  -1.1655785659999257E-002  0.78539817821152402     
   3.5527136788005009E-015   3.5527136788005009E-015  -1.8445834263661172E-014  -6.8211677077445639E-003  0.78539817821153912     
  -1.2079226507921703E-013   1.3677947663381929E-013  -3.8252474584101768E-014  -2.0354631629594232E-003  0.78539817821155355     
  -2.6645352591003757E-014  -1.0658141036401503E-014  -2.3977441015236715E-014   2.6894179311368581E-003  0.78539817821156732     
  -6.3948846218409017E-014   7.4606987254810520E-014  -2.6709739543900804E-014   7.3411105068812458E-003  0.78539817821158042     
   5.5067062021407764E-014  -1.2612133559741778E-013  -2.3463205470829055E-014   1.1906787722496591E-002  0.78539817821159363     
  -1.2079226507921703E-013   1.1191048088221578E-013  -2.8797947575073868E-014   1.6373153075544968E-002  0.78539817821160596     
   7.9936057773011271E-014   1.2434497875801753E-014  -3.7690329012305503E-014   2.0726431244045294E-002  0.78539817821161795     
   5.3290705182007514E-015  -5.3290705182007514E-014  -2.0101368057257229E-014   2.4952357809436599E-002  0.78539817821162916     
  -4.2632564145606011E-014  -9.9475983006414026E-014  -4.4242881387085793E-014   2.9036176432634966E-002  0.78539817821164037     
  -6.5725203057809267E-014   4.4408920985006262E-014  -3.1365456836756823E-014   3.2962632378653121E-002  0.78539817821165059     
  -1.7763568394002505E-014  -3.3750779948604759E-014  -2.5065064198951383E-014   3.6715965104127217E-002  0.78539817821166036     
   2.4868995751603507E-014   8.1712414612411521E-014  -1.5416496265513338E-014   4.0279891879720114E-002  0.78539817821167013     
  -1.7763568394002505E-015   1.3855583347321954E-013  -2.6479045136936531E-014   4.3637615159035935E-002  0.78539817821167890     
  -4.4408920985006262E-015  -7.2830630415410269E-014  -2.6802433649579157E-014   4.6771809728530296E-002  0.78539817821168745     
  -5.9507954119908391E-014   3.9079850466805510E-014  -1.8526378817391028E-014   4.9664613119036062E-002  0.78539817821169555     
   7.1054273576010019E-015   4.2632564145606011E-014  -1.3400821185431778E-014   5.2297622189910867E-002  0.78539817821170332     
  -2.7533531010703882E-014   8.3488771451811772E-014  -3.1894878382297137E-014   5.4651881225293505E-002  0.78539817821171076     
  -2.3980817331903381E-014  -1.4210854715202004E-013  -2.6407763066651186E-014   5.6707872660239134E-002  0.78539817821171776     
   6.8389738316909643E-014  -6.7501559897209518E-014  -2.7244506015917133E-014   5.8445515219293101E-002  0.78539817821172409     
   4.7961634663806763E-014  -1.3677947663381929E-013  -9.6016738284135264E-015   5.9844173199882729E-002  0.78539817821172997     
  -5.1514348342607263E-014  -7.6383344094210770E-014  -1.0083449027045497E-014   6.0882626167452270E-002  0.78539817821173619     
   4.2632564145606011E-014  -1.2967404927621828E-013  -2.8803638787604624E-014   6.1539071974220198E-002  0.78539817821174140     
   2.5757174171303632E-014  -2.8421709430404007E-014  -2.5059899051143539E-014   6.1791115805544604E-002  0.78539817821174651     
   7.9047879353311146E-014  -7.8159700933611020E-014  -2.2653095696086320E-014   6.1615780377018300E-002  0.78539817821175140     
   4.6185277824406512E-014  -1.2079226507921703E-013  -1.9364164091848770E-014   6.0989506268334853E-002  0.78539817821175639     
  -2.0428103653102880E-014   7.1054273576010019E-015  -2.7674606951144406E-014   5.9888137133599702E-002  0.78539817821176050     
  -5.3290705182007514E-015  -3.5527136788005009E-014  -1.7406775463475297E-014   5.8286918866304389E-002  0.78539817821176450     
   2.4868995751603507E-014  -9.2370555648813024E-014  -3.0745474482351212E-014   5.6160495037933994E-002  0.78539817821176861     
   5.1070259132757201E-014   1.1368683772161603E-013  -1.6731093315119630E-014   5.3482913198712803E-002  0.78539817821177171     
   4.4853010194856324E-014   8.1712414612411521E-014  -1.7887394412045463E-014   5.0227614752843402E-002  0.78539817821177527     
   3.9968028886505635E-015  -3.5527136788005009E-014  -2.0010942478531585E-014   4.6367429134861526E-002  0.78539817821177849     
  -5.4178883601707639E-014  -7.1054273576010019E-015  -1.8570291395793924E-014   4.1874586473562438E-002  0.78539817821178159     
   4.7517545453956700E-014   7.1054273576010019E-015  -3.1266001439583074E-014   3.6720709543802618E-002  0.78539817821178404     
   2.9753977059954195E-014  -1.7763568394002505E-014  -2.8076688995512254E-014   3.0876808363484678E-002  0.78539817821178692     
   5.3290705182007514E-015   2.4868995751603507E-014  -2.3696074311322561E-014   2.4313284609658359E-002  0.78539817821178926     
  -2.3092638912203256E-014   6.3948846218409017E-014  -3.8174329415427664E-014   1.6999938625762625E-002  0.78539817821179181     
  -6.3504757008558954E-014  -2.4868995751603507E-014  -3.5847242958286926E-014   8.9059742581630331E-003  0.78539817821179370     
   4.8405723873656825E-014   1.0302869668521453E-013  -3.5158103614821055E-014  -1.5180226825187688E-015  0.78539817821179614     
