 force-1force-2force-3workmass
   1.2434497875801753E-014   4.4408920985006262E-015  -2.1618456724884384E-014   0.0000000000000000       0.78539909798813223     
  -1.3615730765081935E-010  -1.2623593228497931E-003  -1.5068858560515621E-014  -2.0015975980489098E-007  0.78539909798813257     
  -5.8445825956709996E-010  -5.0639963692549195E-003  -1.8690157443030586E-014  -3.1947834042847859E-006  0.78539909798813246     
  -4.8627013526925111E-010  -1.1615147233501766E-002  -1.9417424455534512E-014  -1.6397391201099752E-005  0.78539909798813223     
   1.7674559593672257E-009  -2.0871310651437547E-002  -2.0206549425108104E-014  -5.2083741219869847E-005  0.78539909798813257     
   7.1548842406343738E-009  -3.2929637764392172E-002  -1.7646232352438922E-014  -1.2763343441292083E-004  0.78539909798813168     
   2.0954221469082768E-008  -4.7846999852491301E-002  -2.2112139498302046E-014  -2.6540057011345194E-004  0.78539909798813223     
   5.0449706190391908E-008  -6.5644807556935802E-002  -2.3866788973123854E-014  -4.9242610840174311E-004  0.78539909798813023     
   1.1013262923853517E-007  -8.6333998102632759E-002  -2.0122174900848912E-014  -8.4021552797416271E-004  0.78539909798813112     
   2.2793311504898384E-007 -0.10990832892558622       -1.7208568715126186E-014  -1.3443440706564641E-003  0.78539909798812779     
   4.4687431532963728E-007 -0.13629200484537662       -1.6751496467826671E-014  -2.0432900968162943E-003  0.78539909798812890     
   8.4399086031083925E-007 -0.16532388341374382       -1.6773455280876535E-014  -2.9769085349007351E-003  0.78539909798812313     
   1.5528848300583320E-006 -0.19683991732065742       -1.9040300554081296E-014  -4.1861891071058588E-003  0.78539909798812424     
   2.7170803371667773E-006 -0.23075715430695043       -1.6162593886665285E-014  -5.7143112884563002E-003  0.78539909798811691     
   4.4522796951440569E-006 -0.26698639669140700       -2.4230315246170863E-014  -7.6051053594989038E-003  0.78539909798811791     
   6.9444751829017548E-006 -0.30517031584854593       -2.1190000783742911E-014  -9.8948932291398062E-003  0.78539909798810936     
   1.0570666832521169E-005 -0.34446798396283596       -1.9588873071784691E-014  -1.2599907397690846E-002  0.78539909798811014     
   1.5843716227426086E-005 -0.38359847364657718       -1.4765433402858553E-014  -1.5707410973019753E-002  0.78539909798810159     
   2.3213754718032220E-005 -0.42113439637887362       -2.0836168862408548E-014  -1.9177053145418621E-002  0.78539909798810226     
   3.2928282591715430E-005 -0.45585486762325944       -2.3616163503249360E-014  -2.2951719774016083E-002  0.78539909798809582     
   4.5052033857295726E-005 -0.48696752427702616       -2.1946535947253683E-014  -2.6971253138102558E-002  0.78539909798809537     
   5.9569133609382874E-005 -0.51412784611451956       -1.9070932506421947E-014  -3.1181824205602338E-002  0.78539909798809149     
   7.6473695319823065E-005 -0.53730678458034387       -2.2466265002427039E-014  -3.5537650164838119E-002  0.78539909798808649     
   9.5847438826179854E-005 -0.55661951558718892       -2.0733132882785687E-014  -3.9997105484764650E-002  0.78539909798808394     
   1.1789588721278221E-004 -0.57221038306234684       -1.3691878184987099E-014  -4.4518262209800319E-002  0.78539909798808338     
   1.4280727817839178E-004 -0.58421673928379247       -1.8291767631472490E-014  -4.9057238516335866E-002  0.78539909798808383     
   1.7041162623376849E-004 -0.59277116793774765       -1.8957826661882417E-014  -5.3568490255190837E-002  0.78539909798808494     
   1.9994165300252220E-004 -0.59799813012674230       -1.5965132170437456E-014  -5.8004227099301142E-002  0.78539909798808472     
   2.3024630787071843E-004 -0.60000526704400947       -2.0434382863388231E-014  -6.2312744023115985E-002  0.78539909798808605     
   2.6036004397944623E-004 -0.59890601743276006       -1.8404685625052482E-014  -6.6439718168904927E-002  0.78539909798808649     
   2.8990490684677184E-004 -0.59490050302955133       -1.3759912044330620E-014  -7.0337572560408512E-002  0.78539909798808560     
   3.1899272467450501E-004 -0.58839516508896406       -1.2199924233168820E-014  -7.3983850286906128E-002  0.78539909798808472     
   3.4790525397143668E-004 -0.58009837761076177       -1.2270907846098663E-014  -7.7402699455666024E-002  0.78539909798809115     
   3.7709900161697618E-004 -0.57102463758552435       -1.3821056807166420E-014  -8.0679022378801091E-002  0.78539909798809893     
   4.0769729816503286E-004 -0.56238068594440671       -1.5154260142187180E-014  -8.3956371559744891E-002  0.78539909798810048     
   4.4208585637051101E-004 -0.55536828132547011       -1.1799233842457393E-014  -8.7417033961960655E-002  0.78539909798809893     
   4.8412085978633002E-004 -0.55098154587493386       -1.1667998223468542E-014  -9.1251577989262644E-002  0.78539909798809715     
   5.3878364277926138E-004 -0.54987569688547566       -1.5966280828423808E-014  -9.5629914101550639E-002  0.78539909798810670     
   6.1145651338634366E-004 -0.55234290661845220       -1.7537426425601234E-014 -0.10068394533216785       0.78539909798811403     
   7.0713884886108858E-004 -0.55837957543236572       -1.5012280627773426E-014 -0.10650514900931962       0.78539909798811181     
   8.2997491925551614E-004 -0.56779839261941101       -1.4087619923947942E-014 -0.11315368941380943       0.78539909798811169     
   9.8343495599362285E-004 -0.58033864934381141       -1.6793155303255049E-014 -0.12067252945290918       0.78539909798811680     
   1.1711730657029129E-003 -0.59574687701880036       -1.4742756125581732E-014 -0.12910057165778599       0.78539909798811525     
   1.3979857073209701E-003 -0.61381746816895566       -1.9168366789601916E-014 -0.13848067244129370       0.78539909798811303     
   1.6698861784250063E-003 -0.63439027682939031       -1.5354150154372698E-014 -0.14885942064709812       0.78539909798811347     
   1.9926169262469706E-003 -0.65730459212171999       -1.6743019429185098E-014 -0.16027616506103515       0.78539909798811491     
   2.3688694302599345E-003 -0.68231648430274960       -1.6323966787861525E-014 -0.17274078389990599       0.78539909798810825     
   2.7953687944375361E-003 -0.70900215786743592       -1.8509171831821159E-014 -0.18620414437724198       0.78539909798809793     
   3.2611161282498635E-003 -0.73668494311589017       -1.0004863691023504E-014 -0.20053054172546680       0.78539909798809382     
   3.7474316629957372E-003 -0.76442470543194196       -1.5474226140723381E-014 -0.21548411014744406       0.78539909798809182     
   4.2295651209869334E-003 -0.79108940651459525       -1.8019400169312335E-014 -0.23073838142437109       0.78539909798809227     
   4.6791424850987084E-003 -0.81549618650778455       -1.0100601816744123E-014 -0.24591009188569446       0.78539909798809759     
   5.0667752227426810E-003 -0.83658018756120112       -1.8128792187811437E-014 -0.26060876692935975       0.78539909798809648     
   5.3644800646810431E-003 -0.85353856789079385       -1.7701762726570386E-014 -0.27448746114338762       0.78539909798809826     
   5.5477504999261740E-003 -0.86590898614037659       -1.8694291483189085E-014 -0.28728020226247586       0.78539909798809426     
   5.5970071398849797E-003 -0.87356817457532498       -1.9126337712040469E-014 -0.29881745741542765       0.78539909798809548     
   5.4979324007655705E-003 -0.87666332557401705       -1.6862727578188534E-014 -0.30901893516089696       0.78539909798809548     
   5.2402999476930390E-003 -0.87550655116251397       -1.4298382450479178E-014 -0.31786980323329206       0.78539909798808538     
   4.8156336570825964E-003 -0.87046778431698701       -1.3687803654570861E-014 -0.32539020928343954       0.78539909798808039     
   4.2151802285279594E-003 -0.86189709277499871       -1.8757595868173711E-014 -0.33160894372191496       0.78539909798807928     
   3.4304677371101988E-003 -0.85009709510704234       -1.9448551984355428E-014 -0.33655073858870543       0.78539909798808194     
   2.4582560684240917E-003 -0.83535185909057441       -1.8344969602423383E-014 -0.34024314582041937       0.78539909798808372     
   1.3096822666662788E-003 -0.81800138157811375       -1.3774232396031906E-014 -0.34274301898020387       0.78539909798806506     
   2.0706435757134045E-005 -0.79853379060901186       -1.7013416484349361E-014 -0.34417514934831250       0.78539909798805541     
  -1.3408297460459906E-003 -0.77765713278927373       -9.1493504783320871E-015 -0.34476908914314608       0.78539909798805463     
  -2.6757729148352283E-003 -0.75631533159495468       -1.5545522863216175E-014 -0.34487795647450770       0.78539909798805629     
  -3.8633510449725961E-003 -0.73563029165449390       -1.7787998374203554E-014 -0.34496722479826047       0.78539909798805652     
  -4.7778063101775459E-003 -0.71677842494492738       -1.4631837502904122E-014 -0.34557132027627357       0.78539909798804475     
  -5.3070780671005124E-003 -0.70083417428604344       -1.5289422476643700E-014 -0.34722745407442579       0.78539909798803997     
  -5.3681402017380364E-003 -0.68862508090467367       -1.7473308940558969E-014 -0.35040456868543979       0.78539909798803942     
  -4.9151741095432300E-003 -0.68063816500199126       -2.0345182765659306E-014 -0.35544706029021667       0.78539909798804386     
  -3.9393321274632243E-003 -0.67699914072178491       -1.5102661911154194E-014 -0.36254764821373620       0.78539909798804741     
  -2.4613035470988365E-003 -0.67752235996489563       -1.7862602320171408E-014 -0.37175381540077934       0.78539909798800123     
  -5.1976675891829416E-004 -0.68180886920294759       -1.7210378305639883E-014 -0.38300140349578760       0.78539909798796614     
   1.8398431559134565E-003 -0.68935823135947782       -1.8435587189283029E-014 -0.39616069480915517       0.78539909798797813     
   4.5711225161051416E-003 -0.69965883356488301       -1.0825507594349772E-014 -0.41107690777411099       0.78539909798799123     
   7.6225663550726352E-003 -0.71223075104219413       -1.9027484630690344E-014 -0.42758947002044945       0.78539909798800500     
   1.0921930819309367E-002 -0.72661233992081764       -1.8526665987361418E-014 -0.44552230999017706       0.78539909798787910     
   1.4352581540492793E-002 -0.74230210003229036       -1.5875627930828582E-014 -0.46464871655195861       0.78539909798779695     
   1.7730798794969971E-002 -0.75868476372985671       -1.9180363651848480E-014 -0.48464547608197250       0.78539909798782093     
   2.0795879023040698E-002 -0.77497834492333140       -1.3920756689975836E-014 -0.50505753957283073       0.78539909798783880     
   2.3222632885897099E-002 -0.79023309411484022       -1.5065354545009474E-014 -0.52529310932154116       0.78539909798785623     
   2.4658475725799711E-002 -0.80339514475723228       -1.3970289384231091E-014 -0.54465947422507055       0.78539909798769858     
   2.4777641498901382E-002 -0.81342378489411216       -1.5215504101119519E-014 -0.56243558360824553       0.78539909798760354     
   2.3337584924081334E-002 -0.81943124364592590       -1.9624828785255042E-014 -0.57796404916817412       0.78539909798758889     
   2.0220888296433870E-002 -0.82080532431165509       -1.1604844513115407E-014 -0.59073823893954058       0.78539909798760932     
   1.5450693651835934E-002 -0.81728095987654648       -1.3942370677680485E-014 -0.60046183025583888       0.78539909798762952     
   9.1767019411106432E-003 -0.80894377997388078       -1.5342794352946030E-014 -0.60706733397149648       0.78539909798747076     
   1.6385538637218033E-003 -0.79617035809594827       -2.1851449572974049E-014 -0.61069291736213449       0.78539909798734775     
  -6.8793537016134110E-003 -0.77952849675191094       -1.1767696381019137E-014 -0.61162891214145487       0.78539909798732788     
  -1.6084935820116719E-002 -0.75967084521160855       -1.1728229047169636E-014 -0.61025302174016982       0.78539909798735807     
  -2.5693482109558019E-002 -0.73725363260865073       -1.0164035360819400E-014 -0.60697442023378612       0.78539909798738983     
  -3.5414728863923273E-002 -0.71290007488377904       -1.7697520837243428E-014 -0.60220142584627112       0.78539909798715790     
  -4.4917284355991960E-002 -0.68720934475233530       -1.9840904008252247E-014 -0.59633703369998248       0.78539909798697294     
  -5.3787101462758002E-002 -0.66079366591654054       -1.2414736522237702E-014 -0.58979492587315363       0.78539909798694230     
  -6.1503373380051407E-002 -0.63431515218542112       -1.7905016680376212E-014 -0.58302000045191793       0.78539909798698138     
  -6.7453059251162628E-002 -0.60849505688085870       -2.1108196667486000E-014 -0.57649556920602452       0.78539909798702223     
  -7.0993188149126141E-002 -0.58408067489385695       -1.2049796499446952E-014 -0.57072509162953811       0.78539909798673591     
  -7.1551756069166750E-002 -0.56177381065041221       -1.5784432948422832E-014 -0.56618738755079967       0.78539909798651153     
  -6.8740823820674812E-002 -0.54214142807112209       -1.4230956022537896E-014 -0.56327613251928943       0.78539909798647689     
  -6.2447158786337553E-002 -0.52553691156833171       -1.7247082219678098E-014 -0.56224211732089113       0.78539909798652174     
  -5.2870730717571313E-002 -0.51205675631167802       -1.9572711278814948E-014 -0.56315718396649395       0.78539909798657093     
  -4.0498248463796571E-002 -0.50154476761634337       -1.3817644737814179E-014 -0.56591178981355839       0.78539909798622576     
  -2.6021290132514530E-002 -0.49363971247820615       -2.0113213241063016E-014 -0.57024664763475208       0.78539909798594898     
  -1.0227780810672549E-002 -0.48784915622038572       -1.8062554199999311E-014 -0.57580745008343470       0.78539909798590479     
   6.0959054367222265E-003 -0.48362642469522532       -1.6844839540829560E-014 -0.58220476193007009       0.78539909798596352     
   2.2220772280933332E-002 -0.48043070577689218       -1.5671262794306760E-014 -0.58906145368710527       0.78539909798602925     
   3.7476036106578015E-002 -0.47776023473173712       -1.3315316747751351E-014 -0.59603719747977557       0.78539909798558294     
   5.1206688572377423E-002 -0.47516087387261319       -1.6430292348299688E-014 -0.60283029528796694       0.78539909798521967     
   6.2720581916212659E-002 -0.47222191767413602       -1.8874416500506830E-014 -0.60916659214748003       0.78539909798516205     
   7.1266047892083684E-002 -0.46857365092963033       -1.9869135400374393E-014 -0.61478903818490727       0.78539909798523100     
   7.6071530284821165E-002 -0.46389630631455336       -1.1528198998791920E-014 -0.61945801791871657       0.78539909798530827     
   7.6453687698200490E-002 -0.45794042171247362       -1.6060372304364315E-014 -0.62296394991886528       0.78539909798480756     
   7.1969469889171300E-002 -0.45054940939501709       -2.0294053141117927E-014 -0.62514475524774449       0.78539909798440755     
   6.2563908070496943E-002 -0.44167126255642142       -1.7003879993594322E-014 -0.62589662980997085       0.78539909798434526     
   4.8659744133417782E-002 -0.43134967135404789       -1.3955764331760679E-014 -0.62516930270223048       0.78539909798441587     
   3.1151284924568756E-002 -0.41969353865233261       -1.8683947907916331E-014 -0.62294485320290649       0.78539909798449603     
   1.1297376358822220E-002 -0.40683331785708088       -1.2999751303059023E-014 -0.61920757490607992       0.78539909798397467     
  -9.4555273619647551E-003 -0.39287795467515663       -1.7944644619331498E-014 -0.61391667305941056       0.78539909798355179     
  -2.9664430105341921E-002 -0.37788494569312636       -1.5691665488502914E-014 -0.60699173856769217       0.78539909798348650     
  -4.8036566461672869E-002 -0.36184906356949020       -1.5298808700077070E-014 -0.59831428469685655       0.78539909798356355     
  -6.3494805590258885E-002 -0.34470654490213892       -2.0510058184895192E-014 -0.58774096575456491       0.78539909798365404     
  -7.5161616664785491E-002 -0.32634569922427659       -1.5473447399888594E-014 -0.57511949347163593       0.78539909798307783     
  -8.2298239470605328E-002 -0.30661510094100519       -1.2360682033408004E-014 -0.56029896025624959       0.78539909798260088     
  -8.4255542708925546E-002 -0.28532648447900888       -1.0954795307333408E-014 -0.54313174088733351       0.78539909798252605     
  -8.0486282605008785E-002 -0.26225757705797936       -1.6554426580704495E-014 -0.52347123646486216       0.78539909798260943     
  -7.0637135532637618E-002 -0.23716532528879042       -1.7841269447975177E-014 -0.50117442184355454       0.78539909798270879     
  -5.4696639862552576E-002 -0.20981853066963030       -1.3179902770801120E-014 -0.47611761171970324       0.78539909798263108     
  -3.3141150760362947E-002 -0.18005063762988138       -1.5343549463396639E-014 -0.44822781105545051       0.78539909798271390     
  -7.0112101620947165E-003 -0.14782207093715138       -1.4559999262342964E-014 -0.41752323892743748       0.78539909798281360     
   2.2129143595228662E-002 -0.11327309792161699       -1.9998507969146237E-014 -0.38414949146609123       0.78539909798273644     
   5.2355344533775661E-002  -7.6747804495422400E-002  -1.3998084724775972E-014 -0.34839646736858931       0.78539909798281515     
   8.1626212875981263E-002  -3.8778745125951808E-002  -2.6166184733542359E-014 -0.31068721022802803       0.78539909798291307     
  0.10803704280860060       -3.6521686182844348E-005  -1.7542695017472229E-014 -0.27154110129187226       0.78539909798283802     
  0.13000961856005411        3.8738212244783021E-002  -1.6453345776631257E-014 -0.23152494484480357       0.78539909798291174     
  0.14637691566296329        7.6798136216018165E-002  -2.2692679761573379E-014 -0.19121010183430531       0.78539909798300467     
  0.15636695552198265       0.11343265264123126       -1.8481706521718129E-014 -0.15114844850011000       0.78539909798293417     
  0.15953178574294302       0.14799082419120602       -8.3319959150680492E-015 -0.11186660912974755       0.78539909798284491     
  0.15568438287508113       0.17989816710297912       -1.6960184182412383E-014  -7.3863810291738830E-002  0.78539909798251850     
  0.14489103964308936       0.20868738217470728       -1.6096820728281427E-014  -3.7592553058426237E-002  0.78539909798260454     
  0.12752786767540680       0.23405557553082268       -1.9558439057097706E-014  -3.4082169756604053E-003  0.78539909798254082     
  0.10436721392832038       0.25594269511532630       -1.8249876757095535E-014   2.8508559002220490E-002  0.78539909798246188     
   7.6634425033608733E-002  0.27460694463274393       -1.8092527961132187E-014   5.8233193221340684E-002  0.78539909798216101     
   4.5980099024327314E-002  0.29066358647010127       -1.2789155435105141E-014   8.6148381506641503E-002  0.78539909798224117     
   1.4345748546881920E-002  0.30506043709776964       -2.2727012315697511E-014  0.11293756275670175       0.78539909798218210     
  -1.6253852130538871E-002  0.31898503157388536       -1.9566408895930499E-014  0.13951403980196941       0.78539909798211416     
  -4.3972130354903827E-002  0.33372519988242466       -1.0538886498986688E-014  0.16690489280040088       0.78539909798183960     
  -6.7326807412216583E-002  0.35052308945454858       -1.3214348310824255E-014  0.19612578551986237       0.78539909798191054     
  -8.5302685898169639E-002  0.37046219922736601       -1.3662673243895985E-014  0.22808157012900176       0.78539909798186003     
  -9.7354240848651186E-002  0.39440705388278818       -1.9787129127392317E-014  0.26350898187440430       0.78539909798180851     
 -0.10334105110557779       0.42298598576227331       -2.5182929935621035E-014  0.30295219956539032       0.78539909798158458     
 -0.10344838254592637       0.45658529740808973       -2.2182250298159444E-014  0.34674451412984109       0.78539909798163943     
  -9.8135894610426155E-002  0.49532101790671579       -2.2236549721070066E-014  0.39497014658407714       0.78539909798160323     
  -8.8126796425699983E-002  0.53897491058596447       -2.3955854679387328E-014  0.44739950066723644       0.78539909798162200     
  -7.4415759866013342E-002  0.58691386812204716       -1.7914524522096719E-014  0.50341809094196766       0.78539909798166474     
  -5.8255154261715791E-002  0.63803815482051096       -9.3448296840673724E-015  0.56198864823433592       0.78539909798153096     
  -4.1085348449221515E-002  0.69080782344776104       -1.9638309537233493E-014  0.62168537136947766       0.78539909798137342     
  -2.4402032705652665E-002  0.74337281160802160       -3.2910998347676086E-014  0.68081697183794310       0.78539909798135299     
  -9.5867527624329263E-003  0.79379038443516503       -1.3814046992771560E-014  0.73762043679101019       0.78539909798135432     
   2.2517816771756571E-003  0.84027434546469770       -2.1869307094287783E-014  0.79047703739643094       0.78539909798137897     
   1.0379962917096641E-002  0.88140498932885603       -1.7243403067468027E-014  0.83809193787697733       0.78539909798137120     
   1.4463178359972240E-002  0.91624669681353144       -1.3062108249907303E-014  0.87959517525889153       0.78539909798131502     
   1.4521783154417101E-002  0.94436320743611990       -1.1429250770227560E-014  0.91455712750379892       0.78539909798131169     
   1.0853434315210020E-002  0.96576642325578987       -2.2538419981514891E-015  0.94294744284886445       0.78539909798128971     
   3.9597161055975327E-003  0.98085835087756923       -1.6361100777088567E-014  0.96508340740505139       0.78539909798128960     
  -5.5013072925094164E-003  0.99041441073995085       -1.7877256876435665E-014  0.98160277730012835       0.78539909798130048     
  -1.6740177131271405E-002  0.99561590263666222       -1.2469581182411926E-014  0.99346397457378677       0.78539909798126373     
  -2.8861223288231486E-002  0.99809261340681665       -1.5943766684634021E-014   1.0019425442747520       0.78539909798124630     
  -4.0912375634362785E-002  0.99991050416979821       -1.2719908081509126E-014   1.0085779019634549       0.78539909798150565     
  -5.1969002278610787E-002   1.0034509644024610       -2.3804819138117838E-014   1.0150392579388510       0.78539909798166474     
  -6.1238386015996848E-002   1.0111737337539450       -3.0142888300625048E-014   1.0229176306373660       0.78539909798169594     
  -6.8154628132150119E-002   1.0253121799312863       -1.3376977067554915E-014   1.0334913578915255       0.78539909798164209     
  -7.2432700859256904E-002   1.0475865932933441       -1.5203328974277768E-014   1.0475324355918727       0.78539909798160701     
  -7.4065534987723947E-002   1.0790176180118234       -1.4606583167093119E-014   1.0652086246490278       0.78539909798196528     
  -7.3270810957851928E-002   1.1198789982293178       -2.7838369312326073E-014   1.0860982617927237       0.78539909798219343     
  -7.0412186661092058E-002   1.1697694889574262       -3.7908341881778422E-014   1.1092919744375851       0.78539909798214580     
  -6.5924290882012127E-002   1.2277397392515770       -2.2549820150660272E-014   1.1335302832649012       0.78539909798208729     
  -6.0261175729646066E-002   1.2924040211044270       -1.8919033829246873E-014   1.1573295065523759       0.78539909798204666     
  -5.3870902060608739E-002   1.3620002797287061       -1.7458719551941892E-014   1.1790750347802641       0.78539909798248253     
  -4.7184527819587707E-002   1.4344143735314852       -1.9984715337120705E-014   1.1970930551157166       0.78539909798271945     
  -4.0603274998727734E-002   1.5072245266484421       -2.0084658002206418E-014   1.2097299000504433       0.78539909798266172     
  -3.4474073880208511E-002   1.5778253829367666       -2.2457688289069653E-014   1.2154621079341230       0.78539909798260332     
  -2.9055708922010037E-002   1.6436543882727035       -9.0252671781168838E-015   1.2130348360322061       0.78539909798282470     
  -2.4487558637553253E-002   1.7024866596384527       -2.0089722527324377E-014   1.2015978022855318       0.78539909798327412     
  -2.0774813719405483E-002   1.7527204848356028       -1.5591361592734314E-014   1.1807945699725004       0.78539909798353869     
  -1.7797810622040888E-002   1.7935696566241033       -3.5560347740588357E-014   1.1507714573153267       0.78539909798346108     
  -1.5343181537216699E-002   1.8251147260831599       -2.2961112095888737E-014   1.1121010487951151       0.78539909798339824     
  -1.3146775913567499E-002   1.8482224571175117       -2.9391994581113214E-014   1.0656457837678559       0.78539909798334340     
  -1.0936212329777151E-002   1.8643900016995492       -2.4360860628018376E-014   1.0124031973535614       0.78539909798384189     
  -8.4641138259786697E-003   1.8755827416999145       -1.2841985181285666E-014  0.95336909717830887       0.78539909798413410     
  -5.5284546623177722E-003   1.8841086355520220       -1.6229515037821617E-014  0.88943459944068493       0.78539909798405261     
  -1.9807287686983699E-003   1.8925250677404843       -1.7171524809266346E-014  0.82131161307755107       0.78539909798399687     
   2.2755875707081152E-003   1.9035362685236406       -3.1522413847088258E-014  0.74947227328743415       0.78539909798430640     
   7.2938116502438977E-003   1.9198337606988574       -2.3096710041088789E-014  0.67409461695112116       0.78539909798470586     
   1.3097706041441670E-002   1.9438628415012067       -3.3003560137312058E-014  0.59502215742448716       0.78539909798491969     
   1.9696901590662508E-002   1.9775465667652927       -2.3091724266485650E-014  0.51175617975321686       0.78539909798487417     
   2.7099906680188024E-002   2.0220361424627509       -2.9503157309652764E-014  0.42349749798941094       0.78539909798484653     
   3.5320483926482904E-002   2.0775602781545075       -2.1897508562926043E-014  0.32923951790211925       0.78539909798494900     
   4.4375043941379033E-002   2.1434134815531722       -3.1594576640691147E-014  0.22789599151306972       0.78539909798506691     
   5.4272010002630156E-002   2.2180723642798235       -2.2751239757811361E-014  0.11843589010654582       0.78539909798509377     
   6.4997156200948591E-002   2.2993875483176200       -3.9235055317268149E-014  -2.0052703221965683E-014  0.78539909798510443     
