 force-1force-2force-3workmass
  -8.8817841970012523E-015  -8.8817841970012523E-016  -2.1618456724884375E-014   0.0000000000000000       0.78539909798813157     
  -2.3201505161551950E-008  -3.1861925129814672E-003  -1.9284248337839868E-014  -1.4545731122533097E-006  0.78539909798813146     
  -3.7859684676178063E-007  -9.1117989371611863E-003  -2.4078780715327042E-014  -1.4917133874450296E-005  0.78539909798813157     
  -1.6198346828311116E-006  -1.7838910200671521E-002  -2.5787079193938612E-014  -6.0561890027962563E-005  0.78539909798813168     
  -4.2378128193298892E-006  -2.9218933697261473E-002  -2.4614617774241903E-014  -1.6532034441683191E-004  0.78539909798813179     
  -8.7016978924658872E-006  -4.3198078344014235E-002  -2.4134008872958020E-014  -3.6173033696150145E-004  0.78539909798813212     
  -1.5494796041348735E-005  -5.9756412051325203E-002  -2.6824185432909665E-014  -6.8728465198698158E-004  0.78539909798813223     
  -2.5072916162383052E-005  -7.8864373687495437E-002  -2.9628772746449713E-014  -1.1838077748223819E-003  0.78539909798813212     
  -3.7796697232028720E-005 -0.10046173757202226       -2.1448632305740906E-014  -1.8966933538232117E-003  0.78539909798813290     
  -5.3874554178712231E-005 -0.12444445424486350       -2.7733376001850456E-014  -2.8739431321806036E-003  0.78539909798813079     
  -7.3316709695792071E-005 -0.15064959438585968       -2.1666738344428527E-014  -4.1649037594329724E-003  0.78539909798813179     
  -9.5892253534124450E-005 -0.17884052133572048       -2.1614842566377815E-014  -5.8186369621628792E-003  0.78539909798812635     
  -1.2109142428062825E-004 -0.20869886875764365       -2.6000068930829858E-014  -7.8819846499577073E-003  0.78539909798812835     
  -1.4810558840627763E-004 -0.23982782307917239       -2.1846980835146742E-014  -1.0397521004598217E-002  0.78539909798811891     
  -1.7583772127416353E-004 -0.27176691203913839       -2.8023681266007337E-014  -1.3401646085669044E-002  0.78539909798812180     
  -2.0294954218513794E-004 -0.30401512220552851       -2.6206650844755941E-014  -1.6923054902322321E-002  0.78539909798811014     
  -2.2794160956074450E-004 -0.33605775577480568       -2.4404129995492695E-014  -2.0981735446197636E-002  0.78539909798811269     
  -2.4925590270097331E-004 -0.36739275273637473       -2.1725267668986687E-014  -2.5588552324746827E-002  0.78539909798810259     
  -2.6538667852937792E-004 -0.39755344887852262       -2.3761499201658157E-014  -3.0745388141845659E-002  0.78539909798810315     
  -2.7498677420645379E-004 -0.42612626833534861       -2.7332089733630700E-014  -3.6445766094197307E-002  0.78539909798810092     
  -2.7695941922178946E-004 -0.45276310512992923       -2.5685582051293076E-014  -4.2675857823111452E-002  0.78539909798809715     
  -2.7053040141744589E-004 -0.47718901660133906       -2.1502875237322672E-014  -4.9415791276542609E-002  0.78539909798810892     
  -2.5529855922101774E-004 -0.49920617482039642       -2.1510537596593363E-014  -5.6641187132841275E-002  0.78539909798810026     
  -2.3126481989432790E-004 -0.51869505321018350       -2.3211001213489963E-014  -6.4324872858320226E-002  0.78539909798813090     
  -1.9884016837989904E-004 -0.53561352645575910       -1.8772613333788848E-014  -7.2438722337252903E-002  0.78539909798811558     
  -1.5883195633481506E-004 -0.54999431071856986       -2.3398522139044097E-014  -8.0955569825277351E-002  0.78539909798816987     
  -1.1240752155572409E-004 -0.56194082900791908       -2.2259660017575558E-014  -8.9851122693269780E-002  0.78539909798814622     
  -6.1033448971681281E-005 -0.57162150968894165       -2.3326573939110255E-014  -9.9105790655819814E-002  0.78539909798822727     
  -6.3895275745906588E-006 -0.57926241478943075       -2.6689773479374134E-014 -0.10870632412852999       0.78539909798824548     
   4.9742347198566961E-005 -0.58513825897100569       -2.3931815414764024E-014 -0.11864716477717319       0.78539909798824592     
   1.0560913360180280E-004 -0.58956193935038304       -1.9321799564475906E-014 -0.12893140745099763       0.78539909798824581     
   1.5963251992712202E-004 -0.59287290525499436       -1.8981083285300371E-014 -0.13957130094524839       0.78539909798824592     
   2.1056078416359369E-004 -0.59542478622385531       -1.5367756769562271E-014 -0.15058823783590913       0.78539909798824559     
   2.5761589216033443E-004 -0.59757277977879308       -1.8123616820320434E-014 -0.16201221528900855       0.78539909798824570     
   3.0062526680385560E-004 -0.59966131843806325       -1.8468355234597983E-014 -0.17388078022128950       0.78539909798824570     
   3.4012639560510038E-004 -0.60201250005836782       -1.7980334657497988E-014 -0.18623750007545969       0.78539909798824570     
   3.7743476398288678E-004 -0.60491570143348561       -1.6866233311513067E-014 -0.19913002432774929       0.78539909798824570     
   4.1466673008239141E-004 -0.60861870865339895       -2.1710443360303736E-014 -0.21260782019761182       0.78539909798824592     
   4.5471010315178972E-004 -0.61332061065316701       -1.8881789576964236E-014 -0.22671968077353599       0.78539909798824548     
   5.0113779430160932E-004 -0.61916661676757734       -2.2208943391218550E-014 -0.24151111406962333       0.78539909798824548     
   5.5806396219404419E-004 -0.62624488223592989       -2.0721740114069941E-014 -0.25702172693582914       0.78539909798824570     
   6.2994382273551253E-004 -0.63458536190369896       -2.5464778165080741E-014 -0.27328272092931805       0.78539909798824581     
   7.2132229893062672E-004 -0.64416065200725958       -1.8441363309261437E-014 -0.29031461598945252       0.78539909798824581     
   8.3654030552349212E-004 -0.65488872666498166       -2.2242565919011829E-014 -0.30812531218304962       0.78539909798824581     
   9.7941158960779262E-004 -0.66663742610464549       -1.8891985994814828E-014 -0.32670858945875025       0.78539909798824559     
   1.1528860961034226E-003 -0.67923050635752658       -2.1892231955257536E-014 -0.34604313015525623       0.78539909798824548     
   1.3587187057160222E-003 -0.69245501645897578       -2.1946954409618423E-014 -0.36609212906018573       0.78539909798824592     
   1.5971644798142837E-003 -0.70606973074605461       -2.5026709981601328E-014 -0.38680353154370239       0.78539909798824581     
   1.8667228375759404E-003 -0.71981433284651830       -1.7915301745497374E-014 -0.40811091294205282       0.78539909798824581     
   2.1639524018777223E-003 -0.73341902661280933       -1.8159183755508778E-014 -0.42993498327812096       0.78539909798824592     
   2.4833763405744946E-003 -0.74661423819822148       -1.9843958748127670E-014 -0.45218567172895696       0.78539909798824581     
   2.8174951406727544E-003 -0.75914007485032653       -1.9502834667028795E-014 -0.47476471710541301       0.78539909798824614     
   3.1569195196730071E-003 -0.77075521914678857       -2.1986057336927901E-014 -0.49756866506190311       0.78539909798824592     
   3.4906301849915167E-003 -0.78124496234091967       -1.9156768194169032E-014 -0.52049215154485284       0.78539909798824614     
   3.8063639436884955E-003 -0.79042811490463372       -1.9746860284004802E-014 -0.54343133584163339       0.78539909798824592     
   4.0911181323219914E-003 -0.79816257538219970       -1.9300119558801627E-014 -0.56628733649378438       0.78539909798824614     
   4.3317575696839583E-003 -0.80434938838036008       -2.0375166901900397E-014 -0.58896951974570921       0.78539909798824625     
   4.5156999878006587E-003 -0.80893517711085461       -1.3068590979636030E-014 -0.61139849329041662       0.78539909798824670     
   4.6316482377664059E-003 -0.81191289355889373       -1.8475937541086586E-014 -0.63350866787921167       0.78539909798824670     
   4.6703311477731546E-003 -0.81332088812661296       -1.9392098932377616E-014 -0.65525026533052455       0.78539909798824659     
   4.6252099272545699E-003 -0.81324035889349644       -1.9960040215250887E-014 -0.67659067312381183       0.78539909798824692     
   4.4931040642772757E-003 -0.81179129667161520       -1.7999788205903127E-014 -0.69751507231313159       0.78539909798824681     
   4.2746902473993487E-003 -0.80912709434279040       -1.8313883646230254E-014 -0.71802629576674804       0.78539909798824659     
   3.9748300974418171E-003 -0.80542803519167694       -1.9493447236065413E-014 -0.73814390657911400       0.78539909798824681     
   3.6026878951505026E-003 -0.80089391418420586       -1.5354186845634744E-014 -0.75790252056018703       0.78539909798824714     
   3.1716079638375305E-003 -0.79573607692465853       -1.6505805128255589E-014 -0.77734943075157026       0.78539909798824725     
   2.6987322207885356E-003 -0.79016918132990810       -1.8689457349750185E-014 -0.79654162430600772       0.78539909798824747     
   2.2043519336234496E-003 -0.78440299688505422       -1.9014289737798371E-014 -0.81554231134933319       0.78539909798824759     
   1.7110033857381524E-003 -0.77863455401328940       -1.6936016601815673E-014 -0.83441711026201992       0.78539909798824781     
   1.2423333989923790E-003 -0.77304094236812115       -2.5507223008153049E-014 -0.85323005328624624       0.78539909798824803     
   8.2177717467857292E-004 -0.76777303152808485       -2.7880306889582235E-014 -0.87203958911934287       0.78539909798824858     
   4.7110676523853812E-004 -0.76295035115173104       -2.0734109313578766E-014 -0.89089476427547232       0.78539909798824881     
   2.0892248367676558E-004 -0.75865732168589672       -2.0329589547235336E-014 -0.90983176217680528       0.78539909798824903     
   4.9170617396399052E-005 -0.75494097264013105       -1.8329998333381103E-014 -0.92887096777452793       0.78539909798824925     
  -2.2200595140020596E-007 -0.75181022524374863       -1.7971731143391224E-014 -0.94801470608345317       0.78539909798824947     
   6.1496438930497277E-005 -0.74923675227165432       -1.0707763256801558E-014 -0.96724577574536497       0.78539909798824992     
   2.2704728175337863E-004 -0.74715736245126263       -1.8889647785922268E-014 -0.98652686444571680       0.78539909798825036     
   4.8064745598175307E-004 -0.74547779285833338       -2.0957886985779670E-014  -1.0058008930596167       0.78539909798825036     
   7.9798436653621962E-004 -0.74407773278031564       -1.9841005970450257E-014  -1.0249922912653218       0.78539909798825081     
   1.1466866795872832E-003 -0.74281684936085401       -1.7813095702315089E-014  -1.0440091611044209       0.78539909798825147     
   1.4873133634081270E-003 -0.74154154149918738       -1.2581819531065073E-014  -1.0627462390023767       0.78539909798825192     
   1.7748546796561016E-003 -0.74009211615068493       -1.6352407271253650E-014  -1.0810885234790208       0.78539909798825225     
   1.9607076997161244E-003 -0.73831006220140594       -1.3180699735085995E-014  -1.0989153977232262       0.78539909798825258     
   1.9950571571971665E-003 -0.73604509267702478       -1.4679752467477881E-014  -1.1161050457833541       0.78539909798825303     
   1.8295618653523249E-003 -0.73316163713490701       -1.7656869362232324E-014  -1.1325389409010289       0.78539909798825325     
   1.4202193645456163E-003 -0.72954449207818595       -1.2067182023003400E-014  -1.1481061751875021       0.78539909798825414     
   7.3025947229510280E-004 -0.72510337762427346       -1.5939367901855691E-014  -1.1627074034697258       0.78539909798825447     
  -2.6709785223477667E-004 -0.71977620169370482       -1.5731411125622421E-014  -1.1762581909143481       0.78539909798825536     
  -1.5861907796876906E-003 -0.71353089633538880       -2.3309748890073935E-014  -1.1886915822871340       0.78539909798825591     
  -3.2269371835491611E-003 -0.70636576217481162       -1.7701211089775163E-014  -1.1999597516878895       0.78539909798825680     
  -5.1734826838085723E-003 -0.69830833122494740       -1.4360762687870399E-014  -1.2100346403683173       0.78539909798825769     
  -7.3936034260109196E-003 -0.68941283312512924       -1.5226489245472214E-014  -1.2189075463425154       0.78539909798825824     
  -9.8389569876067284E-003 -0.67975642068563191       -2.3991076307868628E-014  -1.2265876882084585       0.78539909798825935     
  -1.2446231654243967E-002 -0.66943437364539315       -1.9719932890154255E-014  -1.2330998245809455       0.78539909798826035     
  -1.5139194759220764E-002 -0.65855455182810863       -1.6046331679131372E-014  -1.2384810663989398       0.78539909798826124     
  -1.7831586571602998E-002 -0.64723140304650828       -1.8820576853286023E-014  -1.2427770646347449       0.78539909798826191     
  -2.0430749718368446E-002 -0.63557985635478875       -1.9980698137775486E-014  -1.2460377974499321       0.78539909798826324     
  -2.2841833388273614E-002 -0.62370943139120394       -1.4946446609611435E-014  -1.2483132051036696       0.78539909798826402     
  -2.4972366996939499E-002 -0.61171887538221537       -1.7478579331343560E-014  -1.2496489273440652       0.78539909798826479     
  -2.6736958834962188E-002 -0.59969160646565900       -1.7377655756517883E-014  -1.2500823935599223       0.78539909798826635     
  -2.8061851615349909E-002 -0.58769219096808856       -2.4134921423927803E-014  -1.2496394947148675       0.78539909798826746     
  -2.8889059087028990E-002 -0.57576401686452083       -2.6049015965868624E-014  -1.2483320295223037       0.78539909798826879     
  -2.9179816975754669E-002 -0.56392825096546995       -1.9511868626579603E-014  -1.2461560656070274       0.78539909798826990     
  -2.8917107974805845E-002 -0.55218408755473813       -2.3935152031055660E-014  -1.2430912967911381       0.78539909798827123     
  -2.8107062969546348E-002 -0.54051021978471514       -1.9076935782650735E-014  -1.2391014160782037       0.78539909798827279     
  -2.6779096061560814E-002 -0.52886738659872812       -1.8096415507378397E-014  -1.2341354513508240       0.78539909798827390     
  -2.4984706290918091E-002 -0.51720178483679602       -1.9074168496042331E-014  -1.2281299467012010       0.78539909798827523     
  -2.2794966250124560E-002 -0.50544908183233872       -1.8265141433455223E-014  -1.2210118158113095       0.78539909798827656     
  -2.0296789166708074E-002 -0.49353873359472100       -2.4092108067234514E-014  -1.2127016472854679       0.78539909798827789     
  -1.7588146864420118E-002 -0.48139831008628153       -2.2844448914974446E-014  -1.2031172182107119       0.78539909798827989     
  -1.4772503465937170E-002 -0.46895752705794713       -2.4036537245816198E-014  -1.1921769616851807       0.78539909798828156     
  -1.1952785069413885E-002 -0.45615171428201151       -2.0987510967305238E-014  -1.1798031301959426       0.78539909798828356     
  -9.2252471086862187E-003 -0.44292450417322993       -2.8873322661242449E-014  -1.1659244381626248       0.78539909798828544     
  -6.6736211582751892E-003 -0.42922959091437551       -2.5235652142997468E-014  -1.1504780063368356       0.78539909798828700     
  -4.3639264110746367E-003 -0.41503148195292550       -2.1289882323374677E-014  -1.1334104978060866       0.78539909798828844     
  -2.3403040602589797E-003 -0.40030524290037661       -2.1678429189830606E-014  -1.1146783980602697       0.78539909798829077     
  -6.2218439512040646E-004 -0.38503532063096158       -2.1180132048387370E-014  -1.0942474743001145       0.78539909798829266     
   7.9699880704708903E-004 -0.36921361302500255       -1.5275390121074797E-014  -1.0720915225618701       0.78539909798829499     
   1.9493985080609733E-003 -0.35283698996194746       -1.7515582254706997E-014  -1.0481905554554847       0.78539909798829666     
   2.8906400089292461E-003 -0.33590452716881547       -1.4129110737768762E-014  -1.0225286743456961       0.78539909798829932     
   3.6960954999507578E-003 -0.31841473752852356       -2.2150277587576993E-014 -0.99509185082039275       0.78539909798830143     
   4.4557352676664053E-003 -0.30036308594877426       -2.2422115308233258E-014 -0.96586588722851285       0.78539909798830376     
   5.2678622225270644E-003 -0.28174003991497676       -1.7245934431678403E-014 -0.93483480347437276       0.78539909798830621     
   6.2321324701923864E-003 -0.26252985982435151       -1.3502543507522155E-014 -0.90197985350409260       0.78539909798830831     
   7.4422954308257516E-003 -0.24271026525906825       -1.5985056183414837E-014 -0.86727929677964344       0.78539909798831098     
   8.9791536889096690E-003 -0.22225303718242628       -1.6604804982660524E-014 -0.83070903480223590       0.78539909798831375     
   1.0904212728707563E-002 -0.20112553606210537       -2.0268931996704122E-014 -0.79224408811192770       0.78539909798831620     
   1.3254465986496378E-002 -0.17929301363548555       -1.6382657669765189E-014 -0.75186081121627168       0.78539909798831897     
   1.6038664323654750E-002 -0.15672154006041739       -1.7420864584818819E-014 -0.70953971751238010       0.78539909798832208     
   1.9235341246994331E-002 -0.13338130078969801       -1.7772591434897077E-014 -0.66526868097519642       0.78539909798832463     
   2.2792780459374384E-002 -0.10924995754444655       -1.8677572692313258E-014 -0.61904620873449678       0.78539909798832774     
   2.6630959816717148E-002  -8.4315771012094309E-002  -1.1993278719909680E-014 -0.57088450155118986       0.78539909798833052     
   3.0645340280960554E-002  -5.8580177541916356E-002  -1.7868222991442451E-014 -0.52081203496659079       0.78539909798833341     
   3.4712232967501144E-002  -3.2059559595924547E-002  -1.9932052294020018E-014 -0.46887537269748325       0.78539909798833663     
   3.8695438824805528E-002  -4.7860122199345767E-003  -5.3420799347184842E-015 -0.41514002043786791       0.78539909798833951     
   4.2453701697620083E-002   2.3193010527085001E-002  -1.2906386432250585E-014 -0.35969024613504930       0.78539909798834273     
   4.5848453810127365E-002   5.1816192893094026E-002  -1.2604557957602992E-014 -0.30262781256242555       0.78539909798834584     
   4.8751343984237305E-002   8.1010925541992407E-002  -9.7314400012377892E-016 -0.24406970107331594       0.78539909798834906     
   5.1051056245626780E-002  0.11069677061097849       -7.9489281820410363E-015 -0.18414497058956814       0.78539909798835250     
   5.2658971759420359E-002  0.14078957318064766       -1.7676669663146508E-014 -0.12299099868423458       0.78539909798835594     
   5.3513318309806657E-002  0.17120590544895098       -1.9964979602362453E-014  -6.0749409452954595E-002  0.78539909798835894     
   5.3581565813996423E-002  0.20186749163829099       -2.5354907179725240E-014   2.4379868016128903E-003  0.78539909798836227     
   5.2860952573882458E-002  0.23270525494259875       -2.5782563179731170E-014   6.6432880360951518E-002  0.78539909798836594     
   5.1377167386695510E-002  0.26366265038633685       -1.7500088816560460E-014  0.13110344770817894       0.78539909798836949     
   4.9181347331244796E-002  0.29469799660903373       -1.9934932404023189E-014  0.19632640218222974       0.78539909798837293     
   4.6345670603011507E-002  0.32578561729649991       -2.2398245199953071E-014  0.26198791896121509       0.78539909798837626     
   4.2957916442817018E-002  0.35691568826074782       -2.0577792270029731E-014  0.32798335503251907       0.78539909798837959     
   3.9115426462668981E-002  0.38809280282867320       -1.1818333078172081E-014  0.39421580570052317       0.78539909798838314     
   3.4918938730091831E-002  0.41933337695475092       -1.5214115742674014E-014  0.46059361999451109       0.78539909798838681     
   3.0466756205600631E-002  0.45066211443076920       -1.8984311370266641E-014  0.52702709114379109       0.78539909798839025     
   2.5849640379489558E-002  0.48210784590480138       -1.4990550199891206E-014  0.59342467867241844       0.78539909798839358     
   2.1146761887237742E-002  0.51369910232653115       -2.0507554649439943E-014  0.65968908191442477       0.78539909798839735     
   1.6422948867166554E-002  0.54545981659346676       -2.4848797643157613E-014  0.72571353610416711       0.78539909798840069     
   1.1727357405325600E-002  0.57740555440457086       -2.4374135901154294E-014  0.79137870592880688       0.78539909798840402     
   7.0935572594816865E-003  0.60954061269873705       -2.4059405784531441E-014  0.85655045710507682       0.78539909798840779     
   2.5409059963592551E-003  0.64185625212677344       -2.6661003701488122E-014  0.92107872205702668       0.78539909798841112     
  -1.9229903653645852E-003  0.67433024711683132       -3.0863421068422018E-014  0.98479756121018092       0.78539909798841423     
  -6.2990480243489966E-003  0.70692778717123872       -2.8722537379004613E-014   1.0475264110882052       0.78539909798841734     
  -1.0593019699376205E-002  0.73960371967320171       -2.2179787915811553E-014   1.1090724643122165       0.78539909798842100     
  -1.4811744475371924E-002  0.77230592624405503       -1.5002358275456777E-014   1.1692338711917944       0.78539909798842389     
  -1.8959643029550666E-002  0.80497954969134788       -2.5287218724461924E-014   1.2278035212207925       0.78539909798842711     
  -2.3035734206583225E-002  0.83757176415249557       -2.5940856904652955E-014   1.2845731072131041       0.78539909798842988     
  -2.7031432038402414E-002  0.87003667628767190       -1.9151232199440554E-014   1.3393370489089760       0.78539909798843266     
  -3.0929247085453859E-002  0.90233996980189257       -1.2207128004917242E-014   1.3918959081392277       0.78539909798843521     
  -3.4702482009786983E-002  0.93446291300175055       -2.6009657710863084E-014   1.4420590450749646       0.78539909798843865     
  -3.8315896337187016E-002  0.96640533027583420       -3.1616192558214290E-014   1.4896462423028489       0.78539909798844110     
  -4.1727203532964552E-002  0.99818732383202935       -2.0066938808298765E-014   1.5344881565267863       0.78539909798844354     
  -4.4889215823677997E-002   1.0298496300817277       -1.2725572127297442E-014   1.5764255847153672       0.78539909798844609     
  -4.7752406189629060E-002   1.0614525535964994       -1.9767364447979620E-014   1.6153075707879481       0.78539909798844798     
  -5.0267659146722821E-002   1.0930735471078723       -1.2012106711131648E-014   1.6509885467074841       0.78539909798845042     
  -5.2388965169390289E-002   1.1248036249287559       -2.9677396720779781E-014   1.6833247715502155       0.78539909798845275     
  -5.4075837550270123E-002   1.1567428992250779       -3.2930460272583960E-014   1.7121703860685806       0.78539909798845486     
  -5.5295259238275829E-002   1.1889955742994927       -3.4597964182235193E-014   1.7373734003427779       0.78539909798845708     
  -5.6023028447676815E-002   1.2216647746255314       -1.4869094708686428E-014   1.7587719434231603       0.78539909798845842     
  -5.6244447066560177E-002   1.2548475885738446       -2.7021049543621053E-014   1.7761910794421820       0.78539909798846064     
  -5.5954354205866697E-002   1.2886306766980926       -3.7291244183920309E-014   1.7894404269557413       0.78539909798846208     
  -5.5156560833845347E-002   1.3230867360715486       -3.1825359408926306E-014   1.7983127378226627       0.78539909798846341     
  -5.3862787148581504E-002   1.3582720378511963       -3.5263813899410990E-014   1.8025835032439277       0.78539909798846508     
  -5.2091236363586813E-002   1.3942251616824546       -2.5946202470621234E-014   1.8020115649019903       0.78539909798846641     
  -4.9864958388802005E-002   1.4309669550340018       -2.7851953679542440E-014   1.7963406195389671       0.78539909798846752     
  -4.7210156963876315E-002   1.4685016460948033       -1.6395414484861362E-014   1.7853014431226839       0.78539909798846874     
  -4.4154578763365482E-002   1.5068189428184917       -1.1823514682387477E-014   1.7686146106232661       0.78539909798847030     
  -4.0726099972214769E-002   1.5458968933998785       -3.3010030628591254E-015   1.7459934526435039       0.78539909798847085     
  -3.6951587493140536E-002   1.5857052391311131       -9.1647489905762430E-015   1.7171469940528949       0.78539909798847152     
  -3.2856078767790287E-002   1.6262089539991598       -2.1299074004276943E-014   1.6817826453087585       0.78539909798847285     
  -2.8462286602275899E-002   1.6673716674119383       -2.2782144945662457E-014   1.6396084583975492       0.78539909798847329     
  -2.3790401847824993E-002   1.7091586934813181       -1.9928658453437512E-014   1.5903348202557017       0.78539909798847451     
  -1.8858141330805989E-002   1.7515394447206960       -1.6061927191787646E-014   1.5336755279634715       0.78539909798847507     
  -1.3680967815055789E-002   1.7944890570395966       -1.9377324961175659E-014   1.4693482477359188       0.78539909798847596     
  -8.2724058442273929E-003   1.8379891245858389       -2.0756698303966285E-014   1.3970744270598852       0.78539909798847651     
  -2.6443845720385273E-003   1.8820275271161533       -4.3880256516245435E-015   1.3165787875831279       0.78539909798847629     
   3.1924552688988861E-003   1.9265973994034047       -5.8832231062406049E-015   1.2275885608550925       0.78539909798847751     
   9.2285309604434040E-003   1.9716953532237236       -1.5298285186916652E-014   1.1298326472726539       0.78539909798847796     
   1.5455185743912914E-002   2.0173191136833681       -9.3220321447931884E-015   1.0230408838771476       0.78539909798847796     
   2.1864648351935800E-002   2.0634647784214968       -3.4182121771843985E-014  0.90694358869535452       0.78539909798847818     
   2.8450058701724457E-002   2.1101239224755552       -1.9516837978863441E-014  0.78127151705003506       0.78539909798847884     
   3.5205517048761514E-002   2.1572807696596552       -1.8897045805185655E-014  0.64575632264573812       0.78539909798847929     
   4.2126103846717999E-002   2.2049096291708237       -2.0238931689521337E-014  0.50013156664752234       0.78539909798847929     
   4.9207812796194794E-002   2.2529727695604063       -2.9185883435844075E-014  0.34413426724927410       0.78539909798847951     
   5.6447334923744208E-002   2.3014188710679599       -2.8426629259911493E-014  0.17750693503185416       0.78539909798848018     
   6.3841644492975247E-002   2.3501821403666252       -3.6795761937114708E-014  -2.9802849730752049E-014  0.78539909798847984     
