 force-1force-2force-3workmass
   2.6645352591003757E-015   7.1054273576010019E-015  -1.9398089615056806E-014   0.0000000000000000       0.78539816362971748     
  -1.2878587085651816E-014  -7.4606987254810520E-014  -3.4315676613927076E-014  -8.1642168210023927E-007  0.78539816362069148     
  -2.1316282072803006E-014  -3.0198066269804258E-014  -3.2644602195836952E-014  -8.5798671958376753E-006  0.78539816364247494     
  -1.9539925233402755E-014  -3.3750779948604759E-014  -2.8636903217466138E-014  -3.3964058175299880E-005  0.78539816362690873     
  -9.7699626167013776E-015  -6.3948846218409017E-014  -3.1827795198221094E-014  -8.9818423392447376E-005  0.78539816375990412     
   1.1546319456101628E-014  -4.7961634663806763E-014  -2.9796351878135755E-014  -1.9026185364037196E-004  0.78539816371233084     
   1.7763568394002505E-015  -4.7961634663806763E-014  -2.6229304391335655E-014  -3.5017586940860846E-004  0.78539816364162274     
   2.3536728122053319E-014  -8.5265128291212022E-014  -2.9437179510902612E-014  -5.8486411650083853E-004  0.78539816364170623     
  -7.1054273576010019E-015  -9.2370555648813024E-014  -2.8997904386275166E-014  -9.0980063488560079E-004  0.78539816364181780     
   2.0872192862952943E-014  -8.5265128291212022E-014  -2.9678712680672972E-014  -1.3404384656745690E-003  0.78539816364195991     
  -9.3258734068513149E-015  -4.0856207306205761E-014  -2.8471684319827527E-014  -1.8920580720364936E-003  0.78539816364213677     
  -4.4408920985006262E-016  -3.1974423109204508E-014  -2.7568090446105720E-014  -2.5796448869976740E-003  0.78539816364235082     
   6.1728400169158704E-014  -4.0856207306205761E-014  -2.9697108735034356E-014  -3.4177889008265294E-003  0.78539816364260551     
   1.2878587085651816E-013  -7.8159700933611020E-014  -2.9437313093024645E-014  -4.4206015083945553E-003  0.78539816364290371     
   4.8849813083506888E-015  -1.5099033134902129E-013  -2.7098044102063668E-014  -5.6016462402881306E-003  0.78539816364324888     
  -1.9095836023552692E-014  -6.0396132539608516E-014  -2.4105312824929597E-014  -6.9738809039059605E-003  0.78539816364364334     
   4.9293902293356950E-014   8.8817841970012523E-015  -2.8321726719373926E-014  -8.5496092657521006E-003  0.78539816364408976     
  -1.0835776720341528E-013  -4.4408920985006262E-014  -2.7453629617568676E-014  -1.0340440826761617E-002  0.78539816364459170     
   6.8389738316909643E-014  -1.5987211554602254E-013  -2.9880481628691448E-014  -1.2357257543730370E-002  0.78539816364515069     
  -9.3258734068513149E-014  -2.1316282072803006E-014  -3.1543351594906868E-014  -1.4610186571564607E-002  0.78539816364577031     
   8.9706020389712648E-014  -6.2172489379008766E-014  -3.2042065898255348E-014  -1.7108578269112995E-002  0.78539816364645110     
   7.6827433304060833E-014  -1.7053025658242404E-013  -2.8862739377297898E-014  -1.9860988839874118E-002  0.78539816364719817     
   3.2418512319054571E-014  -1.0658141036401503E-013  -2.5599912683606785E-014  -2.2875167079872596E-002  0.78539816364801218     
  -3.8635761256955448E-014   1.5454304502782179E-013  -3.0387043347559575E-014  -2.6158044784263462E-002  0.78539816364889636     
  -1.8118839761882555E-013  -1.5987211554602254E-013  -2.5196221525869688E-014  -2.9715730427871269E-002  0.78539816364985238     
  -1.4210854715202004E-013   3.6592950891645160E-013  -2.4944869231446829E-014  -3.3553505785200249E-002  0.78539816365088300     
   6.9277916736609768E-014  -7.8159700933611020E-014  -2.7184807169255932E-014  -3.7675825196144347E-002  0.78539816365199067     
  -1.2745360322696797E-013   5.3645976549887564E-013  -2.6885950120964998E-014  -4.2086317217302417E-002  0.78539816365317738     
   3.8413716652030416E-013   2.3092638912203256E-013  -3.1237831033557184E-014  -4.6787788426831067E-002  0.78539816365444548     
  -4.9737991503207013E-014  -2.1671553440683056E-013  -2.8767821903926424E-014  -5.1782229172731516E-002  0.78539816365579695     
  -3.4150460237469815E-013   3.2862601528904634E-013  -2.9028681797126806E-014  -5.7070821074064304E-002  0.78539816365723425     
   7.1054273576010019E-014   3.8546943414985435E-013  -2.7519948838568917E-014  -6.2653946104593433E-002  0.78539816365876003     
  -4.8716586320551869E-013  -5.3290705182007514E-013  -2.5927390247692728E-014  -6.8531197094973004E-002  0.78539816366037640     
  -3.0464519795714295E-013  -3.3750779948604759E-013  -2.4365935482087324E-014  -7.4701389517133343E-002  0.78539816366208515     
   3.1308289294429414E-013   3.4816594052244909E-013  -2.4609171222908356E-014  -8.1162574407793342E-002  0.78539816366388981     
  -2.2248869413488137E-013  -5.3290705182007514E-015  -2.4170575834354618E-014  -8.7912052319982240E-002  0.78539816366579163     
   3.7081449022480228E-013  -2.0250467969162855E-013  -2.1914617281108593E-014  -9.4946388182846925E-002  0.78539816366779325     
  -3.9701575360595598E-013  -3.0908609005564358E-013  -1.9943598013646922E-014 -0.10226142697597504       0.78539816366989790     
   7.0166095156309893E-014  -4.0145664570445661E-013  -1.7627131180560617E-014 -0.10985231011956113       0.78539816367210769     
   2.7577939931688888E-013  -2.3447910280083306E-013  -2.1022823477374748E-014 -0.11771349250556309       0.78539816367442516     
  -2.4957813593573519E-013  -2.0428103653102880E-013  -1.6309159883310333E-014 -0.12583876008253164       0.78539816367685367     
  -2.7888802378583932E-013  -2.0961010704922955E-013  -1.9568619913871726E-014 -0.13422124793167001       0.78539816367939586     
  -2.1760371282653068E-014  -6.7146288529329468E-013  -1.7456426437362953E-014 -0.14285345877024180       0.78539816368205495     
   2.1316282072803006E-014   1.2434497875801753E-013  -1.7815319577680386E-014 -0.15172728181803549       0.78539816368483417     
  -7.4074080202990444E-013  -4.2454928461665986E-013  -1.5395896865014536E-014 -0.16083401197641167       0.78539816368773729     
   8.8684615207057504E-013   7.8159700933611020E-014  -1.3164633915628623E-014 -0.17016436926528675       0.78539816369076820     
   5.7287508070658077E-014  -5.4889426337467739E-013  -1.5278847939044527E-014 -0.17970851848187380       0.78539816369393023     
   9.0283336362517730E-013  -1.3500311979441904E-012  -2.0131585847732623E-014 -0.18945608902401795       0.78539816369722781     
  -1.9717560917342780E-013  -8.8107299234252423E-013  -1.5459982166978000E-014 -0.19939619485184509       0.78539816370066629     
  -1.0693668173189508E-012  -3.7836400679225335E-013  -1.4934168163108399E-014 -0.20951745455255058       0.78539816370424986     
  -9.9475983006414026E-014   1.4246381851990009E-012  -1.0137975362215920E-014 -0.21980801147776746       0.78539816370798399     
   4.0367709175370692E-013   0.0000000000000000       -7.3585491083342829E-015 -0.23025555392374483       0.78539816371187443     
  -2.5979218776228663E-013   6.0040861171728466E-013  -4.2409626487737501E-015 -0.24084733534272795       0.78539816371592752     
   3.5971225997855072E-013   3.6415315207705135E-013  -3.4711799691297623E-016 -0.25157019456219731       0.78539816372014903     
   1.6711076966657856E-012  -1.0764722446765518E-012   6.9073347433776572E-016 -0.26241057599039852       0.78539816372454763     
   2.3669954885008337E-013  -5.5955240441107890E-013  -1.2640003174820980E-015 -0.27335454981098550       0.78539816372912985     
  -1.0658141036401503E-013   5.8442140016268240E-013  -3.2122765675164072E-015 -0.28438783214177676       0.78539816373390459     
  -1.4446221996422537E-012  -4.5652370772586437E-013  -1.2231289948244552E-015 -0.29549580515332907       0.78539816373888027     
   1.9761969838327786E-013   1.0302869668521453E-013   9.6419568642832039E-017 -0.30666353714701355       0.78539816374406701     
  -5.3557158707917552E-013   7.6560979778150795E-013   3.2042975557862262E-015 -0.31787580255382031       0.78539816374947524     
   2.2160051571518125E-013   6.3593574850528967E-013  -1.6280627355661159E-017 -0.32911710191206422       0.78539816375511617     
   1.5321077739827160E-013  -2.4868995751603507E-013   4.7682961779684904E-015 -0.34037168172672327       0.78539816376100124     
   1.6147083670148277E-012   1.3322676295501878E-012  -1.4358772924245203E-015 -0.35162355430593295       0.78539816376714389     
  -1.4033219031261979E-012  -1.4441781104324036E-012   2.5764774972797055E-015 -0.36285651747544179       0.78539816377355787     
   4.3698378249246161E-013   1.0231815394945443E-012   1.6514790829476607E-015 -0.37405417427397991       0.78539816378025662     
  -1.2398970739013748E-012  -2.1742607714259066E-012   4.8197081683658911E-015 -0.38519995251700512       0.78539816378725702     
   2.6707525080382766E-012  -6.7501559897209518E-014   9.2085054771961551E-015 -0.39627712432091167       0.78539816379457561     
   1.0373923942097463E-012  -4.2632564145606011E-014   4.2146979904444206E-015 -0.40726882556778887       0.78539816380222927     
  -7.8870243669371121E-013   5.8442140016268240E-013   1.2035362215523066E-014 -0.41815807528100668       0.78539816381023708     
  -2.2595258997171186E-012   5.6843418860808015E-013   1.2904395828128822E-014 -0.42892779496416522       0.78539816381861849     
   1.6777690348135366E-012  -1.4459544672718039E-012   1.1249964944177210E-014 -0.43956082789712114       0.78539816382739458     
  -1.2878587085651816E-012   2.9665159217984183E-013   1.1172707565604596E-014 -0.45003995836344118       0.78539816383658689     
   4.2543746303635999E-013   4.7961634663806763E-013   6.5843282386039810E-015 -0.46034793088306358       0.78539816384621863     
   2.6112445539183682E-013  -9.8232533218833851E-013   1.0064366285139320E-014 -0.47046746939124601       0.78539816385631323     
   7.9847239931041258E-013  -5.9507954119908391E-013   1.8150048029869954E-014 -0.48038129640226335       0.78539816386689665     
  -4.0589753780295723E-013   7.2297723363590194E-013   1.9204678686968879E-014 -0.49007215218422051       0.78539816387799410     
  -6.6968652845389443E-013   1.8651746813702630E-013   2.5109644201833490E-014 -0.49952281387240094       0.78539816388963313     
   6.5281113847959205E-013   3.5527136788005009E-013   1.9931678153705424E-014 -0.50871611466985767       0.78539816390184181     
   1.5587531265737198E-012   9.8943075954593951E-013   1.7921408792665972E-014 -0.51763496295668099       0.78539816391464912     
   7.2297723363590194E-013   5.7021054544748040E-013   1.8013142380815704E-014 -0.52626236150869654       0.78539816392808537     
   5.3468340865947539E-013  -1.2736478538499796E-012   1.3693820942360306E-014 -0.53458142667024000       0.78539816394218076     
   2.5313084961453569E-013   8.2067685980291571E-013   1.7635202483638290E-014 -0.54257540760462442       0.78539816395696660     
   1.4743761767022079E-013   1.9717560917342780E-013   1.6431335906823390E-014 -0.55022770555233735       0.78539816397247597     
   2.2470914018413168E-012  -1.3162804179955856E-012   1.8502955145694268E-014 -0.55752189317351253       0.78539816398874074     
  -2.4336088699783431E-013  -2.4868995751603507E-012   2.4546210610623234E-014 -0.56444173393358943       0.78539816400579365     
   1.2860823517257813E-012   2.1724844145865063E-012   3.2224104812524113E-014 -0.57097120157119097       0.78539816402366969     
   3.2862601528904634E-013   2.7160496074429830E-012   4.0511645542052628E-014 -0.57709449963242876       0.78539816404240104     
  -2.9150015734558110E-012   5.2757798130187439E-013   5.2177470645692729E-014 -0.58279608109831005       0.78539816406202223     
  -5.6665783176867990E-013   2.0765611452588928E-012   4.9499875306422032E-014 -0.58806066812900903       0.78539816408256646     
  -1.2612133559741778E-013   1.8580692540126620E-012   4.0245546587303384E-014 -0.59287327187718697       0.78539816410406760     
  -1.2203571486679721E-012   2.2932766796657233E-012   3.8647004844213982E-014 -0.59721921244446263       0.78539816412655838     
   8.9883656073652674E-013  -2.6254554086335702E-012   3.1055530565687894E-014 -0.60108413892865620       0.78539816415007135     
  -2.9416469260468148E-012  -2.2755131112717208E-012   1.7714189837390320E-014 -0.60445404961473104       0.78539816417463859     
  -4.4408920985006262E-014   1.8225421172246570E-012   1.6571049055822782E-014 -0.60731531225804525       0.78539816420028996     
   2.8475000135586015E-012   1.0178524689763435E-012   2.1017304722990181E-014 -0.60965468453442195       0.78539816422705577     
   3.0198066269804258E-014  -3.9257486150745535E-013   8.8017536315514472E-015 -0.61145933459082991       0.78539816425496456     
  -1.7941204077942530E-013  -1.7585932710062480E-013   1.5418241085791697E-014 -0.61271686176977624       0.78539816428404219     
  -1.5507595207964187E-012  -2.3767654511175351E-012   2.5394912678388528E-015 -0.61341531742506039       0.78539816431431420     
   3.8546943414985435E-013   1.0693668173189508E-012   1.4457078681459167E-014 -0.61354322593937149       0.78539816434580378     
  -1.9433343823038740E-012  -1.2683187833317788E-012   1.0048384977124604E-014 -0.61308960583140071       0.78539816437853160     
  -7.1942451995710144E-013  -1.1368683772161603E-013   8.2259625122238695E-015 -0.61204399107131091       0.78539816441251620     
   3.8724579098925460E-013  -1.4033219031261979E-013   1.0657531913449157E-014 -0.61039645250077335       0.78539816444777399     
  -9.5212726591853425E-013  -3.0109248427834245E-013   7.2149766861926513E-015 -0.60813761938382016       0.78539816448431765     
  -6.5547567373869242E-013   1.8491874698156607E-012   7.4203972482104337E-015 -0.60525870122209291       0.78539816452215772     
  -4.3520742565306136E-013  -1.3065104553788842E-012   7.8667461820221181E-015 -0.60175150955019352       0.78539816456130085     
   3.0890845437170356E-012   1.1111112030448567E-012  -7.7159682001085308E-016 -0.59760848002224176       0.78539816460175205     
  -2.0765611452588928E-012   1.1102230246251565E-013  -1.7518523614431398E-014 -0.59282269455013736       0.78539816464351042     
   2.1547208461925038E-012   9.9920072216264089E-013  -1.8775970865464366E-014 -0.58738790361546844       0.78539816468657331     
   2.6076918402395677E-012   5.4090065759737627E-013  -1.9461333069379789E-015 -0.58129854871188569       0.78539816473093405     
   1.8722801087278640E-012  -1.8749446439869644E-012  -7.9259684570568333E-015 -0.57454978489085773       0.78539816477658120     
  -1.1368683772161603E-012   1.6537882174816332E-012  -3.2503604284460842E-015 -0.56713750344749680       0.78539816482349978     
  -2.7728930263037910E-012  -1.1715073355844652E-012   6.2342888408395042E-015 -0.55905835469392651       0.78539816487167102     
  -2.1387336346379016E-012  -9.3436369752453174E-013   1.2946007982469962E-014 -0.55030977087328714       0.78539816492107195     
  -1.8989254613188677E-012  -1.6919798895287386E-012   8.7741096938657310E-015 -0.54088998909602348       0.78539816497167503     
   1.6964207816272392E-012   3.4949820815199928E-013   2.6448900955440879E-015 -0.53079807447135918       0.78539816502344872     
  -2.3501200985265314E-012  -2.5162094630104548E-012   7.6347203205895697E-015 -0.52003394314481777       0.78539816507635685     
  -2.0605739337042905E-013  -1.8651746813702630E-012   2.3132624580654650E-014 -0.50859838559785786       0.78539816513036043     
   2.7426949600339867E-012  -2.2915003228263231E-013   3.3544425335860414E-015 -0.49649308978568307       0.78539816518541428     
  -1.2665424264923786E-012   5.4667381732542708E-013   8.8836302643984426E-015 -0.48372066451835033       0.78539816524147010     
  -4.2987835513486061E-013   4.0549785751409217E-012   1.3478371636950329E-014 -0.47028466267508612       0.78539816529847617     
   9.3791641120333225E-013  -7.7493567118835927E-013  -3.0991599821925565E-015 -0.45618960453802793       0.78539816535637508     
   1.3073986337985843E-012  -3.4390268410788849E-012  -1.7050145492579643E-014 -0.44144100110413581       0.78539816541510776     
   1.6484591469634324E-012   1.4028778139163478E-012  -1.8903002014218876E-014 -0.42604537731052911       0.78539816547461005     
   5.2047255394427339E-013   1.2403411631112249E-012  -1.5126120157240759E-014 -0.41001029528671368       0.78539816553481401     
   2.5615065624151612E-012  -7.1054273576010019E-014  -6.0200115892988647E-015 -0.39334437747892304       0.78539816559565012     
  -5.7553961596568115E-013  -3.5362823780360486E-012   1.7661842538114638E-015 -0.37605732976609663       0.78539816565704468     
  -1.5347723092418164E-012  -5.6754601018838002E-013   5.3951092775446132E-015 -0.35815996438171699       0.78539816571892063     
  -1.7870149804366520E-012   1.2985168496015831E-012   6.0095789220529714E-016 -0.33966422278854297       0.78539816578119948     
  -1.0658141036401503E-013   6.8123284790999605E-013   7.9938302520398940E-015 -0.32058319840544997       0.78539816584380051     
  -1.7390533457728452E-012  -6.0396132539608516E-013   2.4709892728332007E-015 -0.30093115912747032       0.78539816590664047     
   1.3287149158713873E-012  -2.8252955530660984E-012  -8.6083690437359940E-015 -0.28072356972703111       0.78539816596963408     
   3.3750779948604759E-014  -1.4397372183339030E-012  -1.7018356495972369E-014 -0.25997711396431605       0.78539816603269608     
   8.5087492607271997E-013   1.8811618929248652E-012  -1.3370433224377933E-014 -0.23870971660020926       0.78539816609573920     
   1.8509638266550610E-012  -1.5099033134902129E-012  -9.8132678671216783E-015 -0.21694056502526232       0.78539816615867597     
   2.4051871605479391E-012   1.1928236176572682E-012  -2.5859605429168338E-014 -0.19469013075277924       0.78539816622141922     
  -1.4264145420384011E-012   1.1226575225009583E-012  -3.8248538162982613E-014 -0.17198019047912425       0.78539816628388071     
   5.8975047068088315E-013   7.2919448257380282E-013  -3.9735800319916218E-014 -0.14883384699364099       0.78539816634597437     
  -8.6686213762732223E-013   3.4887648325820919E-012  -4.5602751905808600E-014 -0.12527554961295992       0.78539816640761306     
  -3.1441516057384433E-013   1.8287593661625579E-012  -3.8908830771193164E-014 -0.10133111434185497       0.78539816646871308     
   7.7093886829970870E-013  -2.7959856652159942E-012  -4.5597025620687633E-014  -7.7027743665474643E-002  0.78539816652919114     
  -5.8797411384148290E-013  -8.6775031604702235E-013  -3.1479010727435686E-014  -5.2394045897093580E-002  0.78539816658896677     
   1.2079226507921703E-012   2.4407142973359441E-012  -2.6762690027237631E-014  -2.7460054148657993E-002  0.78539816664796092     
  -7.5850437042390695E-013   3.0553337637684308E-013  -2.4376908222854090E-014  -2.2572448430862105E-003  0.78539816670609897     
  -2.4193980152631411E-012   4.8832049515112885E-012  -2.5050022643323134E-014   2.3181444161108733E-002  0.78539816676330854     
   6.0396132539608516E-013  -1.6555645743210334E-012  -2.8663247912122609E-014   4.8821596022104889E-002  0.78539816681952113     
   1.6271428648906294E-012   3.9008796193229500E-012  -3.1946072719291974E-014   7.4627297738533382E-002  0.78539816687467223     
   1.6537882174816332E-012  -2.4868995751603507E-013  -3.9452443107999981E-014  0.10056112357293535       0.78539816692870112     
   1.1066703109463560E-012   2.5366375666635577E-012  -4.6200392780397450E-014  0.12658411884659693       0.78539816698155285     
  -1.1191048088221578E-013  -2.1422863483167021E-012  -5.4136886821087415E-014  0.15265578441323524       0.78539816703317611     
   2.8457236567192012E-012   7.1409544943890069E-013  -5.3711048552098712E-014  0.17873406158416344       0.78539816708352539     
  -8.3488771451811772E-014  -3.4887648325820919E-012  -6.2171364874794599E-014  0.20477531757418344       0.78539816713256083     
   5.5422333389287814E-013   1.9273471707492718E-012  -5.8133870490838947E-014  0.23073433150095907       0.78539816718024758     
   3.5527136788005009E-013   3.5527136788005009E-015  -5.1040062943455622E-014  0.25656428101481121       0.78539816722655686     
   1.5099033134902129E-013  -2.3820945216357359E-012  -4.6638547760574935E-014  0.28221672931529063       0.78539816727146516     
   4.3343106881366111E-013  -3.0624391911260318E-012  -4.9886898983486048E-014  0.30764161288929870       0.78539816731495737     
   2.5224267119483557E-012  -3.5527136788005009E-014  -4.2061056550677228E-014  0.33278722962263524       0.78539816735702150     
  -2.0676793610618915E-012  -2.4495960815329454E-012  -4.8702114093067899E-014  0.35760022758948146       0.78539816739765378     
   2.2541968291989178E-012   1.7905676941154525E-012  -5.0362357342555538E-014  0.38202559422361687       0.78539816743685587     
  -1.8456347561368602E-012  -1.7941204077942530E-013  -5.1407275387429284E-014  0.40600664611890003       0.78539816747463576     
  -3.1974423109204508E-012   8.8107299234252423E-013  -4.8617789422970954E-014  0.42948501920383247       0.78539816751100722     
   2.3856472353145364E-012  -2.1334045641197008E-012  -5.6215631810481289E-014  0.45240065945430941       0.78539816754599068     
   8.2067685980291571E-013   8.6686213762732223E-013  -6.4129627985973426E-014  0.47469181395160936       0.78539816757961145     
   1.7417178810319456E-012  -2.3625545964023331E-013  -7.3620683842556852E-014  0.49629502243031609       0.78539816761190151     
   1.1262102361797588E-012   2.3625545964023331E-012  -7.9546031576211193E-014  0.51714510908506983       0.78539816764289649     
  -3.3040237212844659E-013  -1.1795009413617663E-012  -9.2240496718712976E-014  0.53717517477585353       0.78539816767263915     
   5.9507954119908391E-013  -2.1529444893531036E-012  -9.7929198243450009E-014  0.55631658938852624       0.78539816770117532     
  -7.7360340355880908E-013  -1.2541079286165768E-012  -9.6706353621991548E-014  0.57449898450292469       0.78539816772855564     
   2.7000623958883807E-013   1.4424017535930034E-012  -9.0997772182676319E-014  0.59165024614361261       0.78539816775483451     
   3.0411229090532288E-012  -1.9344525981068728E-012  -9.2883290991092206E-014  0.60769650756843574       0.78539816778007066     
   7.5406347832540632E-013  -3.7783109974043327E-012  -9.2595846240450605E-014  0.62256214215024630       0.78539816780432381     
  -8.2778228716051672E-013  -3.4905411894214922E-012  -9.8103428403746516E-014  0.63616975604880843       0.78539816782765792     
   1.0480505352461478E-012  -1.4566126083082054E-013  -9.5855947984429304E-014  0.64844018080122323       0.78539816785013827     
  -5.2757798130187439E-013   2.5579538487363607E-013  -1.0248254662132363E-013  0.65929246558933163       0.78539816787183170     
   5.5599969073227840E-013  -1.0835776720341528E-012  -1.0122272849992756E-013  0.66864386907851592       0.78539816789280503     
   3.7125857943465235E-013  -4.0856207306205761E-014  -1.1180752149211780E-013  0.67640985080784977       0.78539816791312722     
  -2.0650148258027912E-012   6.3238303482648917E-013  -1.1467513586579801E-013  0.68250406185661405       0.78539816793286454     
   4.8716586320551869E-013   1.5081269566508126E-012  -1.2012664479995149E-013  0.68683833479878809       0.78539816795208428     
  -1.0564882302332990E-012  -5.7198690228688065E-013  -1.1550090525842025E-013  0.68932267266037495       0.78539816797085193     
  -2.1316282072803006E-013   2.9132252166164108E-013  -1.0871774919708581E-013  0.68986523689323209       0.78539816798923101     
   3.6859404417555197E-013  -6.9988459472369868E-013  -1.1910284734264449E-013  0.68837233397877062       0.78539816800728313     
  -1.2221335055073723E-012   1.2683187833317788E-012  -1.1327609655500989E-013  0.68474840070526810       0.78539816802506646     
  -1.6842083283563625E-012   2.1920243398199091E-012  -1.1778258941274855E-013  0.67889598774382975       0.78539816804263707     
   3.7725378376762819E-013   6.7856831265089568E-013  -1.2208228956538308E-013  0.67071574141819035       0.78539816806004692     
   9.1771035215515440E-013   8.5620399659092072E-013  -1.1557034491239033E-013  0.66010638342523942       0.78539816807734519     
   1.0429435093328721E-012  -1.2967404927621828E-012  -1.1254161033491610E-013  0.64696468825351450       0.78539816809457652     
   1.6862067298006878E-012  -1.1777245845223661E-012  -1.0903138267135241E-013  0.63118545809759452       0.78539816811178209     
   7.2386541205560206E-013   1.1759482276829658E-012  -1.1659769656686675E-013  0.61266149495971800       0.78539816812899876     
  -1.5356604876615165E-012   2.7888802378583932E-013  -1.1635789341618831E-013  0.59128356970941254       0.78539816814625940     
  -4.3742787170231168E-013  -4.7073456244106637E-013  -1.1598584966205368E-013  0.56694038777632128       0.78539816816359254     
   2.6778579353958776E-013   4.2632564145606011E-014  -1.1293894592537639E-013  0.53951855120264414       0.78539816818102404     
  -2.1893598045608087E-013  -6.0040861171728466E-013  -1.0570802696552819E-013  0.50890251671859377       0.78539816819857511     
  -1.0214051826551440E-012   5.7198690228688065E-013  -9.7646120932399092E-014  0.47497454950142970       0.78539816821626407     
  -3.8635761256955448E-013   1.6164847238542279E-013  -9.1538719279057290E-014  0.43761467228805290       0.78539816823410569     
   4.4630965589931293E-013   2.3447910280083306E-013  -8.5901838285011850E-014  0.39670060945396868       0.78539816825211295     
  -3.0686564400639327E-013   3.4106051316484809E-013  -8.1573766556059220E-014  0.35210772567771281       0.78539816827029507     
  -2.6734170432973769E-013   8.8817841970012523E-014  -7.7388596755898244E-014  0.30370895879526205       0.78539816828866016     
  -3.3928415632544784E-013   2.8066438062523957E-013  -6.7692177476773072E-014  0.25137474641656832       0.78539816830721532     
   2.5535129566378600E-013  -3.5882408155885059E-013  -6.1422161296879068E-014  0.19497294587469821       0.78539816832596543     
  -2.2915003228263231E-013   1.5454304502782179E-013  -5.3488979172879305E-014  0.13436874704675672       0.78539816834491560     
  -7.9936057773011271E-015   3.5527136788005009E-014  -4.8518550107974239E-014   6.9424577575187413E-002  0.78539816836407050     
  -3.5527136788005009E-014   1.0658141036401503E-014  -3.9850609299028113E-014  -1.1677113442451861E-014  0.78539816838343524     
