 force-1force-2force-3workmass
   4.4408920985006262E-016   1.7763568394002505E-015  -1.9398089615056787E-014   0.0000000000000000       0.78539816362971648     
   9.0100087390965200E-009  -2.9378177363703628E-003  -3.5465404196817672E-014  -1.2916609861625579E-006  0.78539816363039194     
   1.6458344465064556E-008  -8.9687577571950783E-003  -3.3942819951411869E-014  -1.4339372432814121E-005  0.78539816362712311     
  -1.1935243904304116E-009  -1.7777576819932861E-002  -3.5539997309689480E-014  -5.9462963653965362E-005  0.78539816362712966     
  -1.2051609932228757E-008  -2.9224161283909922E-002  -3.5763385647220848E-014  -1.6381330213269957E-004  0.78539816362714254     
   1.5695471589083354E-009  -4.3216502017363823E-002  -3.9484913436953178E-014  -3.6003285713320787E-004  0.78539816362716430     
   2.0983415005559891E-008  -5.9681345922822260E-002  -3.7514680325128504E-014  -6.8539694492922298E-004  0.78539816362719728     
  -1.4338179088468905E-008  -7.8542805171249341E-002  -3.7186954888748388E-014  -1.1810559787510250E-003  0.78539816362724313     
  -1.9946933349501705E-007  -9.9714279950818607E-002  -3.9050879973531130E-014  -1.8912951198742645E-003  0.78539816362730441     
  -6.4913420416701229E-007 -0.12309164991777521       -4.0814542099928881E-014  -2.8627423887473691E-003  0.78539816362738235     
  -1.4732799109573591E-006 -0.14854184430966022       -4.1367520660338465E-014  -4.1434111509419946E-003  0.78539816362747916     
  -2.7405097582366977E-006 -0.17588577183017051       -3.9810676519557172E-014  -5.7814342194379420E-003  0.78539816362759662     
  -4.4302668680273882E-006 -0.20487835186174053       -3.7928091104123977E-014  -7.8233746209920851E-003  0.78539816362773673     
  -6.3812568211751852E-006 -0.23519231843288679       -4.1277124510384576E-014  -1.0312127867517007E-002  0.78539816362790071     
  -8.2499950240233488E-006 -0.26641408029141544       -3.9299295046047213E-014  -1.3284641558128085E-002  0.78539816362809045     
  -9.4944517838868592E-006 -0.29805711650471345       -3.5286540545973193E-014  -1.6769861977123601E-002  0.78539816362830761     
  -9.3909350202814323E-006 -0.32959220466540806       -3.4116835741168911E-014  -2.0787351578735569E-002  0.78539816362855408     
  -7.0804377028110821E-006 -0.36048763925302474       -3.6985949501985420E-014  -2.5346866743473417E-002  0.78539816362883119     
  -1.6302220804398360E-006 -0.39024961975185590       -3.4829192042423685E-014  -3.0448915025269807E-002  0.78539816362914028     
   7.9070478284926082E-006 -0.41845409486762364       -3.2152085499769628E-014  -3.6086055778139059E-002  0.78539816362948356     
   2.2449639668575827E-005 -0.44476529014152355       -2.8112989617975181E-014  -4.2244573470903157E-002  0.78539816362986170     
   4.2862036889523836E-005 -0.46894075142589209       -3.1538680705827838E-014  -4.8906171401421505E-002  0.78539816363027715     
   6.9943417585260903E-005 -0.49082620339533456       -3.2058831669742126E-014  -5.6049466108427204E-002  0.78539816363073078     
   1.0441873679756242E-004 -0.51034503892882732       -2.8169626190335223E-014  -6.3651235221060531E-002  0.78539816363122417     
   1.4692287477924282E-004 -0.52748694471130975       -2.6011660270608730E-014  -7.1687512921150276E-002  0.78539816363175907     
   1.9797403144083958E-004 -0.54229868568556938       -2.3721633491067130E-014  -8.0134694190915123E-002  0.78539816363233661     
   2.5794002320678189E-004 -0.55487818787149834       -1.8244713471767571E-014  -8.8970791691336704E-002  0.78539816363295833     
   3.2700717160283332E-004 -0.56537139990039442       -1.1148844058339746E-014  -9.8176905244529600E-002  0.78539816363362602     
   4.0516370596144213E-004 -0.57397035332709656       -8.5648175363083667E-015 -0.10773884808771284       0.78539816363434112     
   4.9220725602561188E-004 -0.58091050702990721       -9.6172474380463492E-015 -0.11764876599904439       0.78539816363510451     
   5.8778002582560163E-004 -0.58646577677864009       -1.6985548410566530E-015 -0.12790651885941884       0.78539816363591819     
   6.9142785799680695E-004 -0.59094040544186832       -3.6750842100986863E-015 -0.13852058852493165       0.78539816363678416     
   8.0267327515981535E-004 -0.59465774514856129        1.8830682274119812E-015 -0.14950833234743444       0.78539816363770332     
   9.2108981371241683E-004 -0.59794683140422578        8.6288113537529407E-015 -0.16089550063521596       0.78539816363867732     
   1.0463662374133875E-003 -0.60112813497852358       -5.9044327089468698E-015 -0.17271504970942342       0.78539816363970838     
   1.1783536595277866E-003 -0.60449999635276264        1.7311594832122696E-015 -0.18500537931670902       0.78539816364079751     
   1.3170941655102908E-003 -0.60832701251656474       -7.2278224801341934E-017 -0.19780818145755674       0.78539816364194670     
   1.4628338255229245E-003 -0.61283117801603737       -9.2091946760534386E-015 -0.21116609881546111       0.78539816364315795     
   1.6160243661640372E-003 -0.61818604203407901       -1.6405830954571308E-014 -0.22512036163176052       0.78539816364443249     
   1.7773157829261699E-003 -0.62451367942139413       -1.9137608908029019E-014 -0.23970851966983364       0.78539816364577253     
   1.9475379195008635E-003 -0.63188398330748186       -1.2582139030989579E-014 -0.25496233220548037       0.78539816364718051     
   2.1276645388019766E-003 -0.64031569993751347       -3.1060549885297540E-014 -0.27090584162176690       0.78539816364865811     
   2.3187508315125616E-003 -0.64977871039383039       -7.3021328249688649E-015 -0.28755364430953234       0.78539816365020709     
   2.5218362831265217E-003 -0.66019724674279345       -2.7281439602450702E-015 -0.30490938503485499       0.78539816365183035     
   2.7378095834449390E-003 -0.67145392824584071       -1.0798893236496171E-014 -0.32296452802949638       0.78539816365352988     
   2.9672398078164353E-003 -0.68339464744596690       -8.4925383055883988E-015 -0.34169748588398852       0.78539816365530823     
   3.2101864817095649E-003 -0.69583438742909109       -1.0746817077979109E-014 -0.36107320251187591       0.78539816365716875     
   3.4660080248765102E-003 -0.70856400709604017       -3.8934461520291199E-014 -0.38104328047120006       0.78539816365911386     
   3.7331916924063790E-003 -0.72135791668205407       -3.6576754871399123E-014 -0.40154671411939269       0.78539816366114623     
   4.0092276211618483E-003 -0.73398242323087182       -3.6456812708123411E-014 -0.42251124345383673       0.78539816366326942     
   4.2905453308339503E-003 -0.74620439912543013       -2.0177436572672044E-014 -0.44385528872746427       0.78539816366548743     
   4.5725243742653632E-003 -0.75779984925142685       -3.6293446361633050E-014 -0.46549037407961880       0.78539816366780313     
   4.8495834831001616E-003 -0.76856193922820637       -5.8795273549511960E-014 -0.48732390881717613       0.78539816367022053     
   5.1153461550854651E-003 -0.77830809511105237       -3.5442382150397656E-014 -0.50926217294090570       0.78539816367274407     
   5.3628761465827068E-003 -0.78688587650053421       -2.5994695771232595E-014 -0.53121334963448419       0.78539816367537774     
   5.5849736984705523E-003 -0.79417743545093700       -6.9337116206663003E-014 -0.55309045814960456       0.78539816367812665     
   5.7745219601930131E-003 -0.80010247954347058       -6.2136551832685786E-014 -0.57481406002479041       0.78539816368099535     
   5.9248717226965120E-003 -0.80461974208142628       -5.5380417277566497E-014 -0.59631463367457727       0.78539816368398918     
   6.0302503030400523E-003 -0.80772701900835386       -4.4712658644948374E-014 -0.61753453265919678       0.78539816368711357     
   6.0861766776048043E-003 -0.80945986307674467       -1.4825620077249114E-014 -0.63842945931036077       0.78539816369037463     
   6.0898600416088300E-003 -0.80988904034222031        1.5498831260069902E-014 -0.65896939864602011       0.78539816369377868     
   6.0405538541914439E-003 -0.80911686306290065        1.9628037111642644E-014 -0.67913896995231582       0.78539816369733184     
   5.9398335113947098E-003 -0.80727252646540926       -4.4239490739080364E-015 -0.69893716827375929       0.78539816370104143     
   5.7917645530380923E-003 -0.80450659916954059       -9.8080298283848493E-015 -0.71837648742220317       0.78539816370491511     
   5.6029307129605854E-003 -0.80098484839899520       -6.5551114496813797E-016 -0.73748144089936396       0.78539816370896043     
   5.3822975044459653E-003 -0.79688161640236999       -3.5118349493004044E-014 -0.75628652610386649       0.78539816371318594     
   5.1408969735931009E-003 -0.79237299666174188       -1.9842822909802064E-014 -0.77483370779219563       0.78539816371760018     
   4.8913317086256569E-003 -0.78763008002572832       -3.4743557155792294E-014 -0.79316952548354358       0.78539816372221305     
   4.6471096373199572E-003 -0.78281254657748356       -2.1053705507060956E-014 -0.81134195316944790       0.78539816372703397     
   4.4218344231001794E-003 -0.77806286659190249       -1.4926918519820211E-014 -0.82939715567349381       0.78539816373207272     
   4.2282880924391364E-003 -0.77350134448048813       -1.4340797747196163E-014 -0.84737629329676878       0.78539816373734128     
   4.0774522953253012E-003 -0.76922219656672830        4.9970576816184811E-014 -0.86531252482487808       0.78539816374284999     
   3.9775220200226613E-003 -0.76529080198051780       -3.9969057229009721E-014 -0.88322834972574693       0.78539816374861160     
   3.9329705519550728E-003 -0.76174221073359583        2.3655021766826307E-016 -0.90113341487649734       0.78539816375463778     
   3.9437270270195057E-003 -0.75858093778703584       -1.3408873464116832E-015 -0.91902289068147436       0.78539816376094240     
   4.0045278751144053E-003 -0.75578201950637336       -2.1489314351977785E-014 -0.93687649729655664       0.78539816376753846     
   4.1045003918958045E-003 -0.75329326007247310       -3.6953091187204772E-014 -0.95465823432273922       0.78539816377444049     
   4.2270303025695455E-003 -0.75103855081787785       -3.7072388783331406E-014 -0.97231683729031815       0.78539816378166305     
   4.3499548232786012E-003 -0.74892210495072931       -6.5785465621087286E-014 -0.98978695177168063       0.78539816378922112     
   4.4461083066060780E-003 -0.74683341450365859       -5.8344543118589602E-014  -1.0069909819792979       0.78539816379713090     
   4.4842292246585203E-003 -0.74465270649957560       -1.1568572413399970E-013  -1.0238415362607203       0.78539816380540861     
   4.4302157038202949E-003 -0.74225665320289735       -1.7429467636620059E-013  -1.0402443589677386       0.78539816381407068     
   4.2486934220811179E-003 -0.73952407883750837       -2.0745337147781751E-013  -1.0561016090745881       0.78539816382313454     
   3.9048359365363439E-003 -0.73634140414714899       -1.8097176626048609E-013  -1.0713153228154297       0.78539816383261751     
   3.3663553822602665E-003 -0.73260758192830089       -2.1838365931901826E-013  -1.0857908830637708       0.78539816384253780     
   2.6055627824046468E-003 -0.72823830118881716       -2.5487202067722648E-013  -1.0994403133988779       0.78539816385291350     
   1.6013835084258687E-003 -0.72316927413453236       -3.5312773567961502E-013  -1.1121852209545082       0.78539816386376315     
   3.4120604247256381E-004 -0.71735846694549110       -2.2270605448648240E-013  -1.1239592291580305       0.78539816387510519     
  -1.1775580458621704E-003 -0.71078718918543160       -3.3836732238062654E-013  -1.1347097680712075       0.78539816388695916     
  -2.9463177542154995E-003 -0.70346001525562052       -2.5204921751478097E-013  -1.1443991253940400       0.78539816389934392     
  -4.9446498826597463E-003 -0.69540357056635926       -2.7796933671340076E-013  -1.1530047022455445       0.78539816391227824     
  -7.1402278521812690E-003 -0.68666427249420003       -2.2581517780248701E-013  -1.1605184630204448       0.78539816392578121     
  -9.4893815974295137E-003 -0.67730516820987319       -2.1192060169532518E-013  -1.1669456144630352       0.78539816393987283     
  -1.1938304359471630E-002 -0.66740205601696623       -2.3418263426133463E-013  -1.1723025936929012       0.78539816395457107     
  -1.4424884691541351E-002 -0.65703911112249713       -1.3266365791347574E-013  -1.1766144849519016       0.78539816396989537     
  -1.6881102745630372E-002 -0.64630425921402690       -1.8110052487876226E-013  -1.1799120182928871       0.78539816398586471     
  -1.9235891164161245E-002 -0.63528455049507215       -1.6274239875677871E-013  -1.1822283280347250       0.78539816400249707     
  -2.1418325318141029E-002 -0.62406178192567374       -1.4837316625402366E-013  -1.1835956627252600       0.78539816401981088     
  -2.3360977873235100E-002 -0.61270859655182264       -1.7520096978053497E-013  -1.1840422404876847       0.78539816403782436     
  -2.5003251187310838E-002 -0.60128525665772514       -6.5476917703151971E-014  -1.1835894335568096       0.78539816405655460     
  -2.6294490124703529E-002 -0.58983724392947856       -8.0763138139142219E-014  -1.1822494439584705       0.78539816407601826     
  -2.7196679070653929E-002 -0.57839378694856336       -4.5556653855582168E-014  -1.1800235993330208       0.78539816409623153     
  -2.7686540980376151E-002 -0.56696735800622022       -1.2227721524801432E-013  -1.1769013566872548       0.78539816411720986     
  -2.7756883237067598E-002 -0.55555412057608500       -1.1990425291497976E-014  -1.1728600541989538       0.78539816413896824     
  -2.7417073932616276E-002 -0.54413525012399688       -5.4264780824265681E-014  -1.1678654008723894       0.78539816416151953     
  -2.6692580964848389E-002 -0.53267899795017648       -6.6564983484401517E-015  -1.1618726440332185       0.78539816418487685     
  -2.5623562474693884E-002 -0.52114332428697896       -8.0981266353081076E-014  -1.1548283093656702       0.78539816420905151     
  -2.4262557292159315E-002 -0.50947889547453773       -9.0596454305158921E-014  -1.1466723701298065       0.78539816423405229     
  -2.2671384191195187E-002 -0.49763222334239021        2.8226236517196984E-014  -1.1373406752371729       0.78539816425988807     
  -2.0917415461823907E-002 -0.48554872371830804        6.5960698503881197E-014  -1.1267674515352901       0.78539816428656561     
  -1.9069438548573459E-002 -0.47317548568911327        5.2296358015794284E-016  -1.1148876955313218       0.78539816431408882     
  -1.7193356243570435E-002 -0.46046357280316386       -1.4166807030373730E-013  -1.1016392844339640       0.78539816434246035     
  -1.5347997682027881E-002 -0.44736971949769533       -1.4374777376308220E-013  -1.0869646645021254       0.78539816437168009     
  -1.3581316653581865E-002 -0.43385733777048241       -9.6594288801395027E-014  -1.0708120142747610       0.78539816440174581     
  -1.1927239368070275E-002 -0.41989680691150966       -1.3577095380510789E-013  -1.0531358289067470       0.78539816443265298     
  -1.0403390944368596E-002 -0.40546507779502905       -4.9728939680192471E-014  -1.0338969242994169       0.78539816446439392     
  -9.0098793996595816E-003 -0.39054467919561242       -4.8212289159482610E-014  -1.0130619127956919       0.78539816449695832     
  -7.7292513221749459E-003 -0.37512226151094019       -1.9590110248138226E-013 -0.99060225036508598       0.78539816453033284     
  -6.5276579010280500E-003 -0.35918685007102180       -2.8846731742244100E-013 -0.96649299488584894       0.78539816456450151     
  -5.3571886690946258E-003 -0.34272800204156528       -3.2602676177986226E-013 -0.94071144175699217       0.78539816459944445     
  -4.1592492985742524E-003 -0.32573406647633418       -3.1021621736222514E-013 -0.91323581498276685       0.78539816463513967     
  -2.8687844610608693E-003 -0.30819073519650386       -3.8349905936152938E-013 -0.88404418653425143       0.78539816467156098     
  -1.4190829229683288E-003 -0.29008004440411339       -4.0425651764975633E-013 -0.85311377613306716       0.78539816470868040     
   2.5314523210084872E-004 -0.27137994483834760       -6.0697579044027528E-013 -0.82042074770639761       0.78539816474646573     
   2.2027563150892604E-003 -0.25206450497946564       -6.2890871389676914E-013 -0.78594057096800807       0.78539816478488156     
   4.4715653702418479E-003 -0.23210475287864174       -6.4744139376886603E-013 -0.74964896199043629       0.78539816482389069     
   7.0844623635508697E-003 -0.21147010184594550       -6.6113396869424538E-013 -0.71152335929650756       0.78539816486345160     
   1.0046527724874466E-002 -0.19013024883717655       -6.6772887703533321E-013 -0.67154483734643011       0.78539816490352110     
   1.3341357804588228E-002 -0.16805738710582441       -6.5338652357842834E-013 -0.62970031293722784       0.78539816494405257     
   1.6930729686261969E-002 -0.14522854057405876       -5.3110597955302095E-013 -0.58598486558541563       0.78539816498499671     
   2.0755642815611708E-002 -0.12162781021358082       -4.9503239182886387E-013 -0.54040397476532021       0.78539816502630189     
   2.4738679409374242E-002  -9.7248324192939606E-002  -3.0153346584165499E-013 -0.49297547675790709       0.78539816506791538     
   2.8787533495620465E-002  -7.2093703764995354E-002  -4.2270747426427149E-013 -0.44373106150815200       0.78539816510978167     
   3.2799476236384351E-002  -4.6178894660176439E-002  -4.1599927348705246E-013 -0.39271716559285075       0.78539816515184269     
   3.6666459828172293E-002  -1.9530265695323124E-002  -3.8918395280272881E-013 -0.33999516701197896       0.78539816519403993     
   4.0280518517789687E-002   7.8150615039591642E-003  -3.8868535282819496E-013 -0.28564084747119045       0.78539816523631434     
   4.3539107195869065E-002   3.5810621020199385E-002  -5.4819913943087193E-013 -0.22974315215820429       0.78539816527860373     
   4.6350026451388970E-002   6.4402653501043794E-002  -5.3340946825881440E-013 -0.17240234015468570       0.78539816532084750     
   4.8635617793369335E-002   9.3532645287550231E-002  -4.8263414531254660E-013 -0.11372767463983635       0.78539816536298368     
   5.0335970897076976E-002  0.12314015639891807       -5.7295755714484879E-013  -5.3834845290907651E-002  0.78539816540495078     
   5.1410961584934967E-002  0.15316570975171118       -6.0128079874693567E-013   7.1566585744546884E-003  0.78539816544668728     
   5.1841028626586905E-002  0.18355350588158359       -5.8271998328744223E-013   6.9125999675114791E-002  0.78539816548813368     
   5.1626692160692045E-002  0.21425374020642707       -5.6660531257846035E-013  0.13195305953727754       0.78539816552923170     
   5.0786908858288626E-002  0.24522433316270664       -6.0834806415449059E-013  0.19551994570633635       0.78539816556992359     
   4.9356441624244241E-002  0.27643193430827395       -6.8966213658525531E-013  0.25971181652862985       0.78539816561015474     
   4.7382488001172618E-002  0.30785212547528396       -7.2916603819225975E-013  0.32441696479133242       0.78539816564987319     
   4.4920856574368173E-002  0.33946881956335062       -6.9691340115888080E-013  0.38952617159720759       0.78539816568902976     
   4.2032001324480817E-002  0.37127292419075530       -6.8222489853560748E-013  0.45493141159874284       0.78539816572757892     
   3.8777218840099437E-002  0.40326040643358851       -6.4380489025062801E-013  0.52052405271832036       0.78539816576547761     
   3.5215284071513864E-002  0.43542995020519015       -7.8995309108276303E-013  0.58619274234065344       0.78539816580268784     
   3.1399749580526048E-002  0.46778043607090680       -9.6320328492520653E-013  0.65182120182039327       0.78539816583917554     
   2.7377066598331723E-002  0.50030849103442243       -1.1294874061805695E-012  0.71728616019258773       0.78539816587491085     
   2.3185609138746344E-002  0.53300635104718808       -1.2258108817792545E-012  0.78245564392202560       0.78539816590986811     
   1.8855602655662551E-002  0.56586025238827631       -1.5255235470426142E-012  0.84718780528051063       0.78539816594402745     
   1.4409882471383639E-002  0.59884952114009060       -1.7086382649095138E-012  0.91133041881795229       0.78539816597737289     
   9.8653416245699788E-003  0.63194646800933718       -1.8976991641158858E-012  0.97472111088424818       0.78539816600989409     
   5.2348774498014450E-003  0.66511712312842164       -2.0800754052612451E-012   1.0371883152839807       0.78539816604158474     
   5.2961515395111292E-004  0.69832277002782206       -2.1839548722028033E-012   1.0985528778395448       0.78539816607244328     
  -4.2388231693859524E-003  0.73152216577306106       -2.1521431998497362E-012   1.1586301700681894       0.78539816610247326     
  -9.0562247420784558E-003  0.76467427206559080       -2.2295344262879637E-012   1.2172325231166603       0.78539816613168290     
  -1.3904058385804774E-002  0.79774127523987204       -2.4895087529491324E-012   1.2741717616828794       0.78539816616008440     
  -1.8758259202060756E-002  0.83069164567721288       -2.2933555633780091E-012   1.3292616071869467       0.78539816618769442     
  -2.3588617014887348E-002  0.86350298208443377       -2.4298829954360696E-012   1.3823197312734319       0.78539816621453307     
  -2.8358799887897135E-002  0.89616440381055185       -2.1541303450931251E-012   1.4331692745609921       0.78539816624062431     
  -3.3026985441745538E-002  0.92867829133420443       -2.4031203214080790E-012   1.4816396928934257       0.78539816626599335     
  -3.7547020484439031E-002  0.96106122958336471       -2.3513774892688169E-012   1.5275668549267198       0.78539816629067261     
  -4.1869987468956538E-002  0.99334407529329738       -2.1937639211278205E-012   1.5707923831012316       0.78539816631469261     
  -4.5946028426547159E-002   1.0255711409342112       -2.1432168779048556E-012   1.6111622952166798       0.78539816633808812     
  -4.9726264541408938E-002   1.0577985584505285       -1.8549974515387012E-012   1.6485250632560025       0.78539816636089377     
  -5.3164652638741039E-002   1.0900919503680946       -1.5321708613609582E-012   1.6827292531792928       0.78539816638314708     
  -5.6219636626422265E-002   1.1225235882992806       -1.4435079278358615E-012   1.7136209418529003       0.78539816640488480     
  -5.8855480643788205E-002   1.1551692537173075       -1.5622759012753115E-012   1.7410411188951436       0.78539816642614479     
  -6.1043206671562267E-002   1.1881050322099576       -1.3865213719000795E-012   1.7648232743633603       0.78539816644696170     
  -6.2761099338430881E-002   1.2214042684135862       -1.3303807040296185E-012   1.7847913475690635       0.78539816646737393     
  -6.3994780531752227E-002   1.2551348866636012       -1.3703039095252515E-012   1.8007581736775418       0.78539816648741390     
  -6.4736891927307028E-002   1.2893572437356369       -1.1523793274921395E-012   1.8125245152592964       0.78539816650711458     
  -6.4986452020476371E-002   1.3241226294025346       -1.2262657728185989E-012   1.8198787116719330       0.78539816652650563     
  -6.4747973695030048E-002   1.3594724723545255       -1.2801598651501376E-012   1.8225969251416565       0.78539816654561523     
  -6.4030437684559516E-002   1.3954382490985360       -1.1369393873154945E-012   1.8204439139436950       0.78539816656446648     
  -6.2846216918630571E-002   1.4320420371245959       -1.2641831677099918E-012   1.8131742243891225       0.78539816658308226     
  -6.1210036425030978E-002   1.4692976045272559       -1.2379177489799392E-012   1.8005336678045278       0.78539816660147777     
  -5.9138036964982987E-002   1.5072118913602885       -1.1364385866249675E-012   1.7822609378832688       0.78539816661966722     
  -5.6646989793868396E-002   1.5457867148208813       -1.1015067780751814E-012   1.7580892273285667       0.78539816663765949     
  -5.3753686835495529E-002   1.5850205227479748       -8.1499168358415415E-013   1.7277477198838973       0.78539816665546058     
  -5.0474508449782185E-002   1.6249100271917136       -9.6228787588215916E-013   1.6909628618720038       0.78539816667307183     
  -4.6825151950925070E-002   1.6654515706515483       -1.1115465843266642E-012   1.6474593527287364       0.78539816669049034     
  -4.2820489813216955E-002   1.7066421093560820       -8.8242313152673228E-013   1.5969608327861087       0.78539816670771012     
  -3.8474518169311800E-002   1.7484797374552414       -8.5399768293017868E-013   1.5391902846510197       0.78539816672472074     
  -3.3800354113935338E-002   1.7909637192346146       -6.1694539727072835E-013   1.4738701985417357       0.78539816674150975     
  -2.8810244006866270E-002   1.8340940390139551       -9.2966758094706573E-013   1.4007225780983177       0.78539816675806007     
  -2.3515552903861980E-002   1.8778705179311785       -8.3856647253392096E-013   1.3194688807101667       0.78539816677435348     
  -1.7926717201575126E-002   1.9222915792781734       -6.6288416384933361E-013   1.2298299930507328       0.78539816679036867     
  -1.2053155868862131E-002   1.9673527678774008       -4.0715805345596690E-013   1.1315263391015487       0.78539816680608454     
  -5.9031489494829614E-003   2.0130451426724214       -3.0071801670823776E-013   1.0242782052967732       0.78539816682147745     
   5.1629596787150511E-004   2.0593536649728286       -2.3148586027320868E-013  0.90780634743484878       0.78539816683652330     
   7.1995594854608047E-003   2.1062556976976303       -1.6202777094443761E-013  0.78183291901416174       0.78539816685119912     
   1.4142472818776231E-002   2.1537197157821204       -5.9258070546361098E-014  0.64608273382652137       0.78539816686548247     
   2.1342289270655179E-002   2.2017043058079970        3.2360599017375299E-014  0.50028484936807560       0.78539816687935238     
   2.8797528973526720E-002   2.2501575066990576        1.6757510299405283E-013  0.34417443466107200       0.78539816689279074     
   3.6507665833141578E-002   2.2990165153208721        3.5583425161819413E-013  0.17749486816978105       0.78539816690578190     
   4.4472632664743772E-002   2.3482077538558457        5.7606634402942539E-013  -2.9795370534929240E-014  0.78539816691831921     
