 force-1force-2force-3workmass
   4.4408920985006262E-016   1.0658141036401503E-014  -2.1490512560269858E-014   0.0000000000000000       0.78539817820995284     
   2.3092638912203256E-014  -6.7501559897209518E-014  -1.7280480412327052E-014  -1.1756147400834513E-008  0.78539817820995239     
   5.2846615972157451E-014  -1.1013412404281553E-013  -2.0425491275696299E-014  -1.8827246948700110E-007  0.78539817820995284     
   5.7731597280508140E-015   1.4210854715202004E-014  -1.9593351380915985E-014  -9.5206333444947458E-007  0.78539817820995250     
  -8.9261931179862586E-014  -1.2789769243681803E-013  -1.8967183922173011E-014  -2.9906686921992928E-006  0.78539817820995250     
   7.2830630415410269E-014  -1.1368683772161603E-013  -1.6436156156781294E-014  -7.2230039398170007E-006  0.78539817820995272     
  -1.8207657603852567E-014  -1.7763568394002505E-014  -1.7052412125873027E-014  -1.4741700060660889E-005  0.78539817820995250     
  -3.7747582837255322E-014   3.9079850466805510E-014  -1.4906709439741738E-014  -2.6727995013286002E-005  0.78539817820995261     
  -1.4210854715202004E-014   7.8159700933611020E-014  -2.0764464353395034E-014  -4.4352281539820210E-005  0.78539817820995250     
   4.2188474935755949E-014  -4.6185277824406512E-014  -1.1774207000161970E-014  -6.8663023163929165E-005  0.78539817820995239     
  -1.0214051826551440E-014   1.2434497875801753E-013  -1.9425510369499491E-014  -1.0045353435188253E-004  0.78539817820995250     
  -5.3290705182007514E-015   1.2789769243681803E-013  -1.7420077914835512E-014  -1.4009570212124289E-004  0.78539817820995239     
   3.7747582837255322E-014  -3.1974423109204508E-013  -1.6776705475324698E-014  -1.8732692512250793E-004  0.78539817820995239     
   3.3306690738754696E-014  -6.0396132539608516E-014  -1.5987047391870856E-014  -2.4104787737239813E-004  0.78539817820995261     
   2.3536728122053319E-014   1.7763568394002505E-013  -1.3257189126003525E-014  -2.9931444610470370E-004  0.78539817820995250     
  -4.4408920985006262E-014   2.1316282072803006E-014  -1.8095107233316427E-014  -3.5970072045091173E-004  0.78539817820995250     
  -4.3076653355456074E-014   1.3855583347321954E-013  -1.7230441510555094E-014  -4.1998880297479391E-004  0.78539817820995250     
   1.0436096431476471E-013  -2.5224267119483557E-013  -1.7543320386886190E-014  -4.7889016772285908E-004  0.78539817820995239     
  -5.8619775700208265E-014   6.3948846218409017E-014  -1.4644523419180961E-014  -5.3646292554482278E-004  0.78539817820995239     
   1.1990408665951691E-014   1.8474111129762605E-013  -1.5630077381325855E-014  -5.9408684177793269E-004  0.78539817820995261     
  -4.8405723873656825E-014  -1.5276668818842154E-013  -1.6484936470110421E-014  -6.5411255436291504E-004  0.78539817820995239     
  -9.9031893796563963E-014  -3.5527136788005009E-014  -2.0033305577331415E-014  -7.1942755544482373E-004  0.78539817820995239     
   2.4868995751603507E-014   2.3447910280083306E-013  -1.8348303108324942E-014  -7.9313388935664531E-004  0.78539817820995239     
  -1.6431300764452317E-014   1.3500311979441904E-013  -2.1277884605325027E-014  -8.7839108222581563E-004  0.78539817820995239     
   1.7763568394002505E-015  -4.2632564145606011E-014  -1.5776204822145981E-014  -9.7834685611369876E-004  0.78539817820995228     
  -6.7057470687359455E-014   2.1316282072803006E-013  -1.6668239381080921E-014  -1.0960133059670640E-003  0.78539817820995239     
   1.0214051826551440E-014  -7.1054273576010019E-014  -2.4379963347935776E-014  -1.2339555998100160E-003  0.78539817820995228     
  -6.6169292267659330E-014  -3.1974423109204508E-014  -2.1042260625956819E-014  -1.3937402581084557E-003  0.78539817820995239     
   5.9063864910058328E-014   3.5527136788005009E-014  -1.9122790108703626E-014  -1.5752303133148293E-003  0.78539817820995206     
  -6.6613381477509392E-015   2.0605739337042905E-013  -2.0392405945060853E-014  -1.7759674469488007E-003  0.78539817820995217     
   6.4837024638109142E-014   8.8817841970012523E-014  -2.0545441339300598E-014  -1.9909548868591864E-003  0.78539817820995206     
  -2.2648549702353193E-014   4.2632564145606011E-014  -2.2709304703137105E-014  -2.2130702367387234E-003  0.78539817820995195     
  -2.5313084961453569E-014  -1.3145040611561853E-013  -2.0370671226864808E-014  -2.4341045129356309E-003  0.78539817820995206     
  -1.5543122344752192E-014  -1.2079226507921703E-013  -1.8396616418519061E-014  -2.6461578290021825E-003  0.78539817820995206     
  -3.9968028886505635E-014  -1.7053025658242404E-013  -2.3522349167620671E-014  -2.8429729703827178E-003  0.78539817820995173     
  -3.8191672047105385E-014  -1.9184653865522705E-013  -1.9930080396557785E-014  -3.0208374354064316E-003  0.78539817820995195     
   7.5495165674510645E-014  -8.8817841970012523E-014  -2.0408709621449466E-014  -3.1788955134235963E-003  0.78539817820995150     
  -3.1086244689504383E-014   3.1974423109204508E-014  -2.1632534798406384E-014  -3.3189608651302271E-003  0.78539817820995150     
  -2.8865798640254070E-014  -1.4921397450962104E-013  -1.3370446066912791E-014  -3.4450768893785066E-003  0.78539817820995139     
   2.7977620220553945E-014   2.1316282072803006E-014  -1.9913682621487079E-014  -3.5630711087402123E-003  0.78539817820995117     
  -2.6645352591003757E-015  -7.4606987254810520E-014  -1.8908236551153342E-014  -3.6802132537339660E-003  0.78539817820995139     
   9.1926466438962962E-014  -8.1712414612411521E-014  -1.7243171652480891E-014  -3.8049030939437678E-003  0.78539817820995106     
  -1.8651746813702630E-014   4.6185277824406512E-014  -2.1558355630103883E-014  -3.9461902345266919E-003  0.78539817820995106     
  -4.2632564145606011E-014  -1.3145040611561853E-013  -1.9883641262525917E-014  -4.1129385159793252E-003  0.78539817820995073     
  -3.9968028886505635E-014   6.7501559897209518E-014  -1.4419528083409091E-014  -4.3125985103853459E-003  0.78539817820995039     
  -3.9968028886505635E-015   1.2434497875801753E-013  -2.0987470903773114E-014  -4.5497747473045025E-003  0.78539817820995028     
  -9.9475983006414026E-014  -2.4868995751603507E-014  -1.8279083371356766E-014  -4.8249573424001824E-003  0.78539817820995006     
   1.9095836023552692E-014  -3.0553337637684308E-013  -1.7477253944132344E-014  -5.1338298190403142E-003  0.78539817820994984     
  -6.2172489379008766E-014   2.4868995751603507E-014  -1.7380507947253173E-014  -5.4674309307680691E-003  0.78539817820994939     
  -5.4178883601707639E-014   9.5923269327613525E-014  -1.1408631222112394E-014  -5.8131903166671606E-003  0.78539817820994928     
  -3.5527136788005009E-015   3.9079850466805510E-014  -2.2132968125310799E-014  -6.1565900812928787E-003  0.78539817820994906     
  -1.2878587085651816E-014  -6.7501559897209518E-014  -2.1015898470604993E-014  -6.4830442990904125E-003  0.78539817820994873     
   6.2172489379008766E-015   2.8421709430404007E-014  -1.5602908798820695E-014  -6.7795966699321086E-003  0.78539817820994851     
   2.3980817331903381E-014   1.3500311979441904E-013  -2.0700189989360876E-014  -7.0361890191557031E-003  0.78539817820994817     
  -4.2188474935755949E-014   6.0396132539608516E-014  -1.5679073103732346E-014  -7.2464587450914442E-003  0.78539817820994817     
  -2.9309887850104133E-014   2.8421709430404007E-014  -2.0874133953440354E-014  -7.4081743080871565E-003  0.78539817820994773     
   5.2846615972157451E-014   8.5265128291212022E-014  -1.6456489041694821E-014  -7.5234470758269723E-003  0.78539817820994751     
  -2.1316282072803006E-014  -3.9079850466805510E-014  -2.1740783654920864E-014  -7.5987698656302394E-003  0.78539817820994728     
  -6.3060667798708891E-014  -1.2079226507921703E-013  -2.4851573673699292E-014  -7.6447970232672580E-003  0.78539817820994662     
   1.9539925233402755E-014  -2.8421709430404007E-014  -2.1411177161826251E-014  -7.6756925851836355E-003  0.78539817820994673     
  -4.9293902293356950E-014  -1.6342482922482304E-013  -1.7963838395997007E-014  -7.7079003389505241E-003  0.78539817820994628     
   2.7533531010703882E-014  -3.9079850466805510E-014  -2.0198761395473747E-014  -7.7583378516132839E-003  0.78539817820994562     
   5.4622972811557702E-014  -1.9184653865522705E-013  -1.7194702853730676E-014  -7.8422249171955505E-003  0.78539817820994529     
   1.0214051826551440E-014  -8.5265128291212022E-014  -1.9044907183962098E-014  -7.9709291019222084E-003  0.78539817820994473     
   3.1530333899354446E-014  -8.1712414612411521E-014  -2.4351362491726950E-014  -8.1502642503687994E-003  0.78539817820994451     
   2.8421709430404007E-014  -1.5631940186722204E-013  -1.6595697342079950E-014  -8.3795838408935452E-003  0.78539817820994418     
   8.3044682241961709E-014   1.5987211554602254E-013  -2.3298813449251440E-014  -8.6518093005842900E-003  0.78539817820994351     
   3.0198066269804258E-014  -7.1054273576010019E-015  -1.8696164534162547E-014  -8.9543088994059605E-003  0.78539817820994284     
   7.1942451995710144E-014   2.1316282072803006E-014  -2.2128765999170851E-014  -9.2703828217183259E-003  0.78539817820994251     
  -1.1546319456101628E-014   1.0302869668521453E-013  -1.2857681602121921E-014  -9.5810618156004779E-003  0.78539817820994173     
   3.2862601528904634E-014  -3.1974423109204508E-014  -2.2029953283110801E-014  -9.8669795071397726E-003  0.78539817820994151     
  -2.9309887850104133E-014   3.5527136788005009E-015  -1.8889316167533722E-014  -1.0110175536309662E-002  0.78539817820994084     
   1.3766765505351941E-014  -1.8829382497642655E-013  -1.7321384587519948E-014  -1.0295761152212202E-002  0.78539817820994029     
   1.1546319456101628E-014   1.4210854715202004E-014  -1.7171173724489169E-014  -1.0413390375230147E-002  0.78539817820994007     
  -1.3766765505351941E-014  -1.4210854715202004E-014  -1.3484509751009660E-014  -1.0458433835577763E-002  0.78539817820993962     
   2.4424906541753444E-014   6.0396132539608516E-014  -1.4610556599840670E-014  -1.0432693251867686E-002  0.78539817820993896     
   3.7303493627405260E-014  -1.0658141036401503E-014  -1.7915170651385815E-014  -1.0344477405249464E-002  0.78539817820993874     
   1.9984014443252818E-014  -7.1054273576010019E-014  -1.8731849533957462E-014  -1.0207919180542202E-002  0.78539817820993818     
  -7.1942451995710144E-014   1.3855583347321954E-013  -2.2975920916956053E-014  -1.0041541250235264E-002  0.78539817820993774     
  -5.2846615972157451E-014   7.4606987254810520E-014  -2.2889447304435259E-014  -9.8662320149347504E-003  0.78539817820993685     
  -2.1760371282653068E-014  -1.7053025658242404E-013  -1.9162703748712814E-014  -9.7029163891564352E-003  0.78539817820993618     
  -2.8421709430404007E-014  -1.6697754290362354E-013  -2.0421015782580642E-014  -9.5702555588481619E-003  0.78539817820993574     
  -6.9277916736609768E-014  -6.3948846218409017E-014  -2.1622930760626573E-014  -9.4826771329838966E-003  0.78539817820993507     
  -4.9737991503207013E-014   1.0302869668521453E-013  -1.8035035183261371E-014  -9.4489468326561799E-003  0.78539817820993452     
   4.4408920985006262E-015   7.4606987254810520E-014  -2.0771320989938178E-014  -9.4713862709550067E-003  0.78539817820993330     
  -2.7533531010703882E-014  -3.5527136788005009E-014  -1.9289730116728358E-014  -9.5457534854928028E-003  0.78539817820993263     
   3.5971225997855072E-014  -8.1712414612411521E-014  -1.9886422716336661E-014  -9.6617470254292126E-003  0.78539817820993196     
   1.6431300764452317E-014  -1.1723955140041653E-013  -1.9959391941714589E-014  -9.8040619488795056E-003  0.78539817820993119     
   7.4606987254810520E-014   3.9079850466805510E-014  -2.0046476050247231E-014  -9.9538987368466003E-003  0.78539817820993063     
   4.4408920985006262E-014  -1.3500311979441904E-013  -1.8575577035459092E-014  -1.0090792025141182E-002  0.78539817820992974     
   1.3322676295501878E-014  -9.5923269327613525E-014  -1.5831030593288284E-014  -1.0194588375556091E-002  0.78539817820992908     
   1.5099033134902129E-014   8.5265128291212022E-014  -2.1346252334657292E-014  -1.0247376350590587E-002  0.78539817820992863     
  -2.4424906541753444E-014  -3.5527136788005009E-015  -2.1576484779382663E-014  -1.0235173534268283E-002  0.78539817820992852     
   5.5511151231257827E-014   2.8421709430404007E-014  -1.9612441468540483E-014  -1.0149208381583508E-002  0.78539817820992752     
   1.5987211554602254E-014   1.1723955140041653E-013  -1.7698526964179293E-014  -9.9866899082274863E-003  0.78539817820992719     
   7.5495165674510645E-015  -3.1974423109204508E-014  -1.7217749372134138E-014  -9.7510173809622902E-003  0.78539817820992663     
   2.0872192862952943E-014   5.3290705182007514E-014  -1.6492465132516312E-014  -9.4514311695714781E-003  0.78539817820992597     
   3.2418512319054571E-014  -2.0961010704922955E-013  -1.9842046006583787E-014  -9.1021423325003958E-003  0.78539817820992541     
   4.3076653355456074E-014   8.1712414612411521E-014  -2.1870956264193036E-014  -8.7210106908126583E-003  0.78539817820992452     
   1.9984014443252818E-014   1.1368683772161603E-013  -1.5002079823662779E-014  -8.3278788802461090E-003  0.78539817820992397     
   5.9952043329758453E-014  -1.2434497875801753E-013  -1.2509872237763573E-014  -7.9427138014116494E-003  0.78539817820992308     
   3.1086244689504383E-014   8.1712414612411521E-014  -1.7185145817512040E-014  -7.5837445276936144E-003  0.78539817820992219     
   3.7303493627405260E-014  -1.5276668818842154E-013  -1.4257677573860998E-014  -7.2657978115722166E-003  0.78539817820992164     
   2.5757174171303632E-014  -1.7763568394002505E-014  -1.9398394802502365E-014  -6.9990057076527723E-003  0.78539817820992075     
   1.1546319456101628E-014   6.7501559897209518E-014  -1.3955246911077300E-014  -6.7879980135179263E-003  0.78539817820991986     
   6.3504757008558954E-014  -3.3395508580724709E-013  -1.8431546376724419E-014  -6.6316161351867020E-003  0.78539817820991931     
   1.5543122344752192E-014  -2.8421709430404007E-014  -1.9177855078686450E-014  -6.5231218916248501E-003  0.78539817820991864     
  -4.7073456244106637E-014   1.4921397450962104E-013  -1.8584193610464458E-014  -6.4508426459504165E-003  0.78539817820991775     
  -1.4654943925052066E-014   5.6843418860808015E-014  -2.1605534604613976E-014  -6.3991908858629376E-003  0.78539817820991709     
  -4.8849813083506888E-014  -2.4868995751603507E-014  -1.1541739680047082E-014  -6.3500019343138980E-003  0.78539817820991664     
  -4.2632564145606011E-014   5.6843418860808015E-014  -1.6051698163841572E-014  -6.2841237520165905E-003  0.78539817820991609     
  -1.6431300764452317E-014  -1.8474111129762605E-013  -1.7565477306427615E-014  -6.1831565914820530E-003  0.78539817820991575     
   1.0214051826551440E-014  -3.5527136788005009E-014  -1.8612240022907315E-014  -6.0311883576873448E-003  0.78539817820991553     
  -2.1316282072803006E-014   8.1712414612411521E-014  -1.8605768571519992E-014  -5.8163312662538047E-003  0.78539817820991498     
   3.8191672047105385E-014   6.7501559897209518E-014  -1.2478343986402497E-014  -5.5318643478889928E-003  0.78539817820991453     
  -1.6431300764452317E-014  -4.6185277824406512E-014  -1.5440098994047788E-014  -5.1768349577832051E-003  0.78539817820991420     
  -5.0626169922907138E-014   2.3447910280083306E-013  -1.4899104769798017E-014  -4.7560573968987718E-003  0.78539817820991387     
   1.3322676295501878E-015   1.7763568394002505E-014  -1.8920229371014795E-014  -4.2795385002596387E-003  0.78539817820991342     
   3.4638958368304884E-014   1.9539925233402755E-013  -1.4629075346122169E-014  -3.7614301009545326E-003  0.78539817820991309     
  -5.9063864910058328E-014   4.9737991503207013E-014  -2.1423383374140207E-014  -3.2186440277479633E-003  0.78539817820991265     
  -3.5083047578154947E-014  -9.2370555648813024E-014  -1.8836526513701459E-014  -2.6692735868227846E-003  0.78539817820991220     
  -5.9507954119908391E-014   1.4210854715202004E-014  -1.6028393257229468E-014  -2.1309632757873231E-003  0.78539817820991176     
   3.5083047578154947E-014   1.9539925233402755E-013  -1.7650883153239738E-014  -1.6193682655578634E-003  0.78539817820991131     
   2.8865798640254070E-014  -2.5579538487363607E-013  -1.7378095757643956E-014  -1.1468455349663564E-003  0.78539817820991087     
  -5.6843418860808015E-014   6.3948846218409017E-014  -2.1791298773369508E-014  -7.2150672503834556E-004  0.78539817820991054     
  -7.0166095156309893E-014   1.1368683772161603E-013  -2.2824014787800999E-014  -3.4672627986553906E-004  0.78539817820990998     
  -1.0658141036401503E-014  -1.4210854715202004E-013  -1.4589574248890060E-014  -2.1137005677740461E-005  0.78539817820990954     
  -3.3306690738754696E-014   6.0396132539608516E-014  -2.1540657796553830E-014   2.6092614349226828E-004  0.78539817820990931     
   1.5543122344752192E-014  -1.3145040611561853E-013  -2.2254688012484445E-014   5.0863205405327072E-004  0.78539817820990898     
   1.7763568394002505E-015  -8.1712414612411521E-014  -2.2018725559506223E-014   7.3363694343053787E-004  0.78539817820990909     
   5.9952043329758453E-014   3.9079850466805510E-014  -2.0629881739469818E-014   9.4897197118970489E-004  0.78539817820990876     
   3.9523939676655573E-014   3.5527136788005009E-014  -1.7675393806329431E-014   1.1679411193987743E-003  0.78539817820990865     
   3.1086244689504383E-014   7.1054273576010019E-014  -2.4488296103178973E-014   1.4031107687237920E-003  0.78539817820990876     
   4.8405723873656825E-014   1.1723955140041653E-013  -2.3613037710311683E-014   1.6654516287566423E-003  0.78539817820990876     
   6.8389738316909643E-014   3.5527136788005009E-015  -1.7984471389273359E-014   1.9636753127609818E-003  0.78539817820990887     
   3.6859404417555197E-014   2.4868995751603507E-014  -1.9982161818946974E-014   2.3037860079480055E-003  0.78539817820990909     
   3.8191672047105385E-014  -1.0658141036401503E-014  -1.7258259543320670E-014   2.6888412396670613E-003  0.78539817820990943     
  -4.4408920985006262E-015  -2.8421709430404007E-014  -2.0190554910239239E-014   3.1188920771665352E-003  0.78539817820990954     
  -1.9984014443252818E-014   9.9475983006414026E-014  -1.8776846304160575E-014   3.5910638551079899E-003  0.78539817820959401     
  -1.1546319456101628E-014   2.4868995751603507E-014  -1.7099606466975685E-014   4.0997495542760554E-003  0.78539817820967395     
  -1.8207657603852567E-014   1.1723955140041653E-013  -2.2021959874763760E-014   4.6369135164145980E-003  0.78539817820958879     
   5.6399329650957952E-014   2.7355895326763857E-013  -1.5066376050306627E-014   5.1925256591631719E-003  0.78539817820958913     
   1.4210854715202004E-014  -1.8829382497642655E-013  -2.2515131723360952E-014   5.7551508187354550E-003  0.78539817820928493     
   4.3076653355456074E-014  -5.6843418860808015E-014  -2.1159490592569210E-014   6.3126958606902761E-003  0.78539817820925517     
  -1.3766765505351941E-014   2.8421709430404007E-014  -2.5813100701354751E-014   6.8532794478104453E-003  0.78539817820922642     
   6.9722005946459831E-014  -2.8066438062523957E-013  -2.2295849069469584E-014   7.3661499384374274E-003  0.78539817820919988     
   2.3092638912203256E-014   1.4210854715202004E-014  -2.3099598501326388E-014   7.8425536960291531E-003  0.78539817820917501     
   5.8619775700208265E-014   1.3855583347321954E-013  -1.9003300787753051E-014   8.2764521984666217E-003  0.78539817820915214     
   2.2204460492503131E-015   4.6185277824406512E-014  -1.6041160353525547E-014   8.6650001186219239E-003  0.78539817820913149     
   5.0182080713057076E-014  -3.1619151741324458E-013  -1.4677173332443963E-014   9.0087208846509892E-003  0.78539817820911262     
  -3.7747582837255322E-014   1.0658141036401503E-013  -1.7286421785476214E-014   9.3113480501132440E-003  0.78539817820909585     
   2.9753977059954195E-014   3.9079850466805510E-014  -2.0182047903213191E-014   9.5793400617469882E-003  0.78539817820908087     
   7.2386541205560206E-014  -1.2079226507921703E-013  -2.3681812533604791E-014   9.8211214341150654E-003  0.78539817820906732     
  -2.7533531010703882E-014   5.3290705182007514E-014  -1.8994147873887711E-014   1.0046147667847061E-002  0.78539817820905578     
  -1.3322676295501878E-014  -3.9079850466805510E-014  -2.3183776896406379E-014   1.0263921791417330E-002  0.78539817820904478     
  -4.4408920985006262E-016   6.3948846218409017E-014  -1.9223042736313780E-014   1.0483095297685763E-002  0.78539817820903512     
  -2.1760371282653068E-014   1.4921397450962104E-013  -1.6190254061653626E-014   1.0710761950174508E-002  0.78539817820902602     
  -2.5313084961453569E-014   1.4210854715202004E-014  -1.6980084965812546E-014   1.0952007053617541E-002  0.78539817820901725     
   1.7763568394002505E-015   1.8474111129762605E-013  -2.3505064318291221E-014   1.1209722163706193E-002  0.78539817820900859     
  -5.7731597280508140E-015  -5.6843418860808015E-014  -1.3069236199664327E-014   1.1484650298781318E-002  0.78539817820899993     
   1.9095836023552692E-014   8.5265128291212022E-014  -1.3684715114465547E-014   1.1775597900272494E-002  0.78539817820899160     
  -9.3258734068513149E-015   1.1723955140041653E-013  -1.7161621427967701E-014   1.2079738644907412E-002  0.78539817820898339     
   1.7763568394002505E-014  -8.1712414612411521E-014  -1.8447732451196777E-014   1.2392938910655404E-002  0.78539817820897495     
   4.8849813083506888E-015   1.3145040611561853E-013  -1.1834354400134973E-014   1.2710052749490997E-002  0.78539817820896707     
   4.8849813083506888E-015  -7.4606987254810520E-014  -1.5798484426547218E-014   1.3025162522933842E-002  0.78539817820896007     
  -1.0658141036401503E-014  -9.5923269327613525E-014  -1.1489487105175055E-014   1.3331773889788234E-002  0.78539817820895408     
  -1.7319479184152442E-014   1.0658141036401503E-013  -1.5017247630303232E-014   1.3623000915603090E-002  0.78539817820894986     
   2.0428103653102880E-014   1.0658141036401503E-014  -1.8315836960349437E-014   1.3891788244663861E-002  0.78539817820894742     
   9.7699626167013776E-015  -2.3803181647963356E-013  -1.6953311994059382E-014   1.4131206735331192E-002  0.78539817820894686     
   5.3290705182007514E-015   3.1974423109204508E-014  -2.1204693762083206E-014   1.4334829574679242E-002  0.78539817820894886     
   2.6645352591003757E-014  -1.1368683772161603E-013  -1.9073558380277333E-014   1.4497158478736227E-002  0.78539817820895297     
   3.8635761256955448E-014  -6.7501559897209518E-014  -1.8514196778373451E-014   1.4614037950423375E-002  0.78539817820895963     
   3.1530333899354446E-014   1.6342482922482304E-013  -1.9789060698708962E-014   1.4682980403383228E-002  0.78539817820896884     
   4.3520742565306136E-014  -3.1974423109204508E-014  -1.7754017374396537E-014   1.4703330491103728E-002  0.78539817820898039     
  -1.8651746813702630E-014  -5.6843418860808015E-014  -2.1364154317789984E-014   1.4676221205186413E-002  0.78539817820899449     
   4.4853010194856324E-014   1.4210854715202004E-013  -2.0021483417309878E-014   1.4604311213553878E-002  0.78539817820901114     
   3.9968028886505635E-015   9.2370555648813024E-014  -1.6678701229770568E-014   1.4491334485962071E-002  0.78539817820903002     
   3.1086244689504383E-015  -2.8421709430404007E-014  -2.1099780398361196E-014   1.4341530348118248E-002  0.78539817820905111     
   1.0214051826551440E-014  -1.7053025658242404E-013  -1.5613857759362012E-014   1.4159045562106565E-002  0.78539817820907398     
   1.1102230246251565E-014   2.9132252166164108E-013  -1.9681229919436180E-014   1.3947402905789219E-002  0.78539817820909819     
   4.0412118096355698E-014  -4.9737991503207013E-014  -2.2881991573891920E-014   1.3709111320399092E-002  0.78539817820912439     
   3.6859404417555197E-014   1.5276668818842154E-013  -2.5568873238174695E-014   1.3445456321426130E-002  0.78539817820915170     
   2.5757174171303632E-014   1.4921397450962104E-013  -2.2276088211881875E-014   1.3156466937004785E-002  0.78539817820918023     
   4.5297099404706387E-014   2.4513724383723456E-013  -2.8145661200593076E-014   1.2841019548274990E-002  0.78539817820920910     
   3.3750779948604759E-014   2.2026824808563106E-013  -2.2738932588105365E-014   1.2497019079713234E-002  0.78539817820923918     
   6.0840221749458578E-014   9.2370555648813024E-014  -2.3069579078188595E-014   1.2121597496245862E-002  0.78539817820926960     
   5.7287508070658077E-014   9.9475983006414026E-014  -1.6511045895107025E-014   1.1711285802011195E-002  0.78539817820930091     
   1.5543122344752192E-014   2.5579538487363607E-013  -1.7417157898160153E-014   1.1262141692071959E-002  0.78539817820933333     
   5.7287508070658077E-014   1.1368683772161603E-013  -2.2264591182747847E-014   1.0769841833995042E-002  0.78539817820936675     
   5.5955240441107890E-014   2.5934809855243657E-013  -2.4567656790215536E-014   1.0229767008957225E-002  0.78539817820940150     
   5.1514348342607263E-014   0.0000000000000000       -2.3891817089890215E-014   9.6371140275752221E-003  0.78539817820943780     
   3.6859404417555197E-014   1.7053025658242404E-013  -2.0771581466385045E-014   8.9870586217198345E-003  0.78539817820947611     
   7.5495165674510645E-015   1.6697754290362354E-013  -2.0858621334155157E-014   8.2749717198657979E-003  0.78539817820951674     
  -1.5099033134902129E-014   1.2789769243681803E-013  -2.0400747929171592E-014   7.4966653515154413E-003  0.78539817820955948     
  -6.4392935428259079E-014   0.0000000000000000       -2.0598244654620337E-014   6.6486234623977514E-003  0.78539817820960467     
  -3.3750779948604759E-014   9.2370555648813024E-014  -2.0706418076898037E-014   5.7281650227923031E-003  0.78539817820965263     
  -2.2204460492503131E-014  -1.4921397450962104E-013  -2.2040288218316800E-014   4.7334952564986044E-003  0.78539817820970304     
  -5.2846615972157451E-014  -4.9737991503207013E-014  -2.5318037161424888E-014   3.6636232779936051E-003  0.78539817820975633     
  -8.9706020389712648E-014   1.7053025658242404E-013  -1.9745244829506177E-014   2.5181540636251831E-003  0.78539817820981273     
  -1.1768364061026659E-013   1.3500311979441904E-013  -1.5530257612804095E-014   1.2969905894617065E-003  0.78539817820987157     
  -4.3076653355456074E-014   3.5171865420124959E-013  -2.1913387072060172E-014  -2.1738522477911208E-016  0.78539817820993352     
