 force-1force-2force-3workmass
   4.4408920985006262E-016   1.0658141036401503E-014  -2.1490512560269858E-014   0.0000000000000000       0.78539817820995284     
   1.2434497875801753E-014  -6.3948846218409017E-014  -1.7361269502210259E-014  -1.2975300812414180E-008  0.78539817820995239     
   2.6201263381153694E-014  -7.8159700933611020E-014  -1.7340207176193464E-014  -1.9795807143941496E-007  0.78539817820995261     
   1.4654943925052066E-014   1.7763568394002505E-014  -2.6549563306047304E-014  -9.8123768372312264E-007  0.78539817820995261     
  -1.0391687510491465E-013  -1.1013412404281553E-013  -1.3899747587284611E-014  -3.0483954575662858E-006  0.78539817820995272     
   7.2386541205560206E-014  -7.1054273576010019E-014  -2.3514853168520839E-014  -7.3088265950009210E-006  0.78539817820995261     
  -1.4654943925052066E-014  -3.9079850466805510E-014  -1.1559408622832576E-014  -1.4840317504156986E-005  0.78539817820995261     
  -4.5741188614556449E-014   1.0658141036401503E-014  -2.5028851125727143E-014  -2.6808940412145418E-005  0.78539817820995261     
  -4.5741188614556449E-014   4.6185277824406512E-014  -1.8869111655721674E-014  -4.4368382646754051E-005  0.78539817820995261     
   1.9539925233402755E-014  -2.4868995751603507E-014  -1.3246667249501930E-014  -6.8554091401551442E-005  0.78539817820995261     
  -2.1316282072803006E-014   1.2434497875801753E-013  -2.2931252797585229E-014  -1.0015861633623502E-004  0.78539817820995272     
  -3.6859404417555197E-014   9.2370555648813024E-014  -1.6349284098105822E-014  -1.3956935822537903E-004  0.78539817820995261     
  -9.7699626167013776E-015  -2.3803181647963356E-013  -2.5042026551646598E-014  -1.8655953808430908E-004  0.78539817820995272     
  -1.9984014443252818E-014  -6.7501559897209518E-014  -1.4632490430914600E-014  -2.4009663924581814E-004  0.78539817820995272     
  -3.7303493627405260E-014   1.3500311979441904E-013  -1.7529585189027747E-014  -2.9834345468616325E-004  0.78539817820995261     
  -8.8373752760162461E-014  -7.1054273576010019E-015  -2.2131981146444422E-014  -3.5900829683212232E-004  0.78539817820995261     
  -8.0824236192711396E-014   9.5923269327613525E-014  -2.1082820337789814E-014  -4.1999277272324054E-004  0.78539817820995261     
   2.5313084961453569E-014  -2.1671553440683056E-013  -1.4544228607278270E-014  -4.8006124267629957E-004  0.78539817820995261     
  -9.3702823278363212E-014   4.2632564145606011E-014  -1.9028053471727600E-014  -5.3922672887858625E-004  0.78539817820995272     
  -5.1070259132757201E-014   1.1013412404281553E-013  -1.7860171693878704E-014  -5.9873090190577793E-004  0.78539817820995284     
  -7.1498362785860081E-014  -1.3500311979441904E-013  -1.9792532516209449E-014  -6.6072604235595245E-004  0.78539817820995261     
  -1.1279865930191590E-013  -4.2632564145606011E-014  -1.9899690859918878E-014  -7.2787972269633405E-004  0.78539817820995284     
  -2.6201263381153694E-014   1.1013412404281553E-013  -2.0740482112613930E-014  -8.0308022464778417E-004  0.78539817820995272     
  -6.0840221749458578E-014   7.8159700933611020E-014  -2.4232633376369814E-014  -8.8929358255962487E-004  0.78539817820995261     
  -9.3258734068513149E-015  -9.9475983006414026E-014  -1.6673126395792391E-014  -9.8950275016007616E-004  0.78539817820995284     
  -8.0824236192711396E-014   1.1368683772161603E-013  -2.2475183658359619E-014  -1.1065962046332700E-003  0.78539817820995284     
   1.7763568394002505E-014  -1.3500311979441904E-013  -2.0019461760340752E-014  -1.2430795448410137E-003  0.78539817820995272     
  -4.8849813083506888E-014  -1.2789769243681803E-013  -3.0928104297019991E-014  -1.4005595520366343E-003  0.78539817820995284     
   5.3734794391857577E-014  -2.1316282072803006E-014  -2.2458472339617734E-014  -1.5790834553474908E-003  0.78539817820995261     
   3.6859404417555197E-014   8.8817841970012523E-014  -2.3846771001965969E-014  -1.7765572916456362E-003  0.78539817820995284     
   1.0347278589506459E-013  -3.9079850466805510E-014  -2.3901079138046928E-014  -1.9885310335784612E-003  0.78539817820995261     
   1.0214051826551440E-014  -1.7763568394002505E-014  -2.9050509984185771E-014  -2.2085570462571646E-003  0.78539817820995284     
   5.5955240441107890E-014  -2.0605739337042905E-013  -2.4477490180596566E-014  -2.4291168797759832E-003  0.78539817820995284     
   4.2632564145606011E-014  -1.3855583347321954E-013  -2.7908302418939570E-014  -2.6428744457566711E-003  0.78539817820995272     
   2.3092638912203256E-014  -1.7763568394002505E-013  -3.1440676927785541E-014  -2.8438822916918571E-003  0.78539817820995261     
   3.0198066269804258E-014  -1.8474111129762605E-013  -2.0028649529397455E-014  -3.0284117653342491E-003  0.78539817820995284     
   1.3189449532546860E-013  -9.2370555648813024E-014  -2.9496524250906357E-014  -3.1952639486245160E-003  0.78539817820995272     
   3.1086244689504383E-014   4.2632564145606011E-014  -2.1952072945275662E-014  -3.3456380953363896E-003  0.78539817820995284     
   5.8619775700208265E-014  -1.2079226507921703E-013  -1.7542925641102187E-014  -3.4827740360428017E-003  0.78539817820995272     
   5.7731597280508140E-014   7.4606987254810520E-014  -2.5411975667224637E-014  -3.6115858414051960E-003  0.78539817820995261     
   2.5757174171303632E-014   0.0000000000000000       -2.2393372412615863E-014  -3.7383842014259150E-003  0.78539817820995284     
   8.5265128291212022E-014   3.5527136788005009E-015  -2.0803125264155031E-014  -3.8706218525229041E-003  0.78539817820995250     
  -3.1974423109204508E-014   1.2789769243681803E-013  -3.0494241097545704E-014  -4.0164850249502226E-003  0.78539817820995261     
  -8.0824236192711396E-014   3.5527136788005009E-015  -2.3232300255353655E-014  -4.1841612804384698E-003  0.78539817820995261     
  -5.3290705182007514E-014   1.5631940186722204E-013  -2.6531399031874577E-014  -4.3807465002077550E-003  0.78539817820995239     
  -6.4392935428259079E-014   2.0250467969162855E-013  -2.8194897804838588E-014  -4.6109511797282066E-003  0.78539817820995250     
  -1.1590728377086634E-013   4.9737991503207013E-014  -2.3215585604499363E-014  -4.8759295483348231E-003  0.78539817820995239     
  -1.8651746813702630E-014  -1.3855583347321954E-013  -2.5389680053336249E-014  -5.1725957675844425E-003  0.78539817820995239     
  -1.0080825063596421E-013   8.1712414612411521E-014  -2.5420804268378540E-014  -5.4936785129799937E-003  0.78539817820995217     
  -1.0302869668521453E-013   1.4210854715202004E-013  -1.6801546047514731E-014  -5.8285433080347282E-003  0.78539817820995228     
  -6.1728400169158704E-014   5.3290705182007514E-014  -2.3244117151499627E-014  -6.1645793812007410E-003  0.78539817820995239     
  -5.3734794391857577E-014  -2.4868995751603507E-014  -2.7799372469886814E-014  -6.4888058430367934E-003  0.78539817820995217     
  -4.9737991503207013E-014   5.3290705182007514E-014  -1.7041731607498028E-014  -6.7893537220247158E-003  0.78539817820995217     
  -4.4853010194856324E-014   1.1368683772161603E-013  -2.7209936374576408E-014  -7.0566067046492487E-003  0.78539817820995217     
  -1.0791367799356522E-013   6.3948846218409017E-014  -1.6558776959540217E-014  -7.2839573547306413E-003  0.78539817820995217     
  -8.9261931179862586E-014   7.1054273576010019E-015  -2.3590426978907730E-014  -7.4682654729030240E-003  0.78539817820995184     
  -7.5495165674510645E-015   3.9079850466805510E-014  -2.4780844287868536E-014  -7.6101324203439180E-003  0.78539817820995184     
  -2.3092638912203256E-014  -1.1723955140041653E-013  -2.4685742582109307E-014  -7.7140317750488130E-003  0.78539817820995184     
  -4.1300296516055823E-014  -1.5631940186722204E-013  -2.3453265393395350E-014  -7.7882205922166214E-003  0.78539817820995128     
   4.6629367034256575E-014  -1.1368683772161603E-013  -2.2040950698026872E-014  -7.8442772994515853E-003  0.78539817820995150     
   1.3322676295501878E-015  -2.5224267119483557E-013  -2.1408857575302410E-014  -7.8961312316629950E-003  0.78539817820995128     
   4.3520742565306136E-014  -1.0658141036401503E-013  -2.1363318016575412E-014  -7.9585717055464800E-003  0.78539817820995106     
   9.9475983006414026E-014  -2.5579538487363607E-013  -2.0052560242469207E-014  -8.0454017334514738E-003  0.78539817820995084     
   5.2846615972157451E-014  -1.1013412404281553E-013  -2.6898678696737693E-014  -8.1675523773445668E-003  0.78539817820995050     
   6.2616578588858829E-014  -8.8817841970012523E-014  -2.5520805878295626E-014  -8.3315275298869729E-003  0.78539817820995061     
   6.7945649107059580E-014  -1.7053025658242404E-013  -2.0939287483606397E-014  -8.5384795607388320E-003  0.78539817820995050     
   1.0835776720341528E-013   7.4606987254810520E-014  -2.3568329691822335E-014  -8.7840539760084546E-003  0.78539817820995028     
   5.5511151231257827E-014  -4.2632564145606011E-014  -2.9129892306366456E-014  -9.0589552806552565E-003  0.78539817820994995     
   9.0150109599562711E-014   2.4868995751603507E-014  -2.5178647962875830E-014  -9.3500492831348758E-003  0.78539817820994995     
   5.6843418860808015E-014   8.1712414612411521E-014  -1.6349381455813012E-014  -9.6417703248696807E-003  0.78539817820994950     
   9.1038288019262836E-014  -3.5527136788005009E-015  -3.0573988646893399E-014  -9.9176388746475830E-003  0.78539817820994962     
   3.4194869158454821E-014   6.3948846218409017E-014  -2.4966862125460486E-014  -1.0161770810481863E-002  0.78539817820994928     
   6.9722005946459831E-014  -4.2632564145606011E-014  -2.8398161113218627E-014  -1.0360319569920673E-002  0.78539817820994906     
   2.7089441800853820E-014   8.8817841970012523E-014  -2.5035041603141285E-014  -1.0502801587930044E-002  0.78539817820994895     
  -5.3290705182007514E-015   1.2434497875801753E-013  -2.0989294255885199E-014  -1.0583216610091650E-002  0.78539817820994862     
   5.3290705182007514E-015   1.1368683772161603E-013  -2.4277541397397853E-014  -1.0600822505384189E-002  0.78539817820994795     
   6.6613381477509392E-015   8.8817841970012523E-014  -3.2382283131421844E-014  -1.0560404405188573E-002  0.78539817820994795     
  -1.7763568394002505E-014   5.6843418860808015E-014  -2.8147372514278914E-014  -1.0471919706531940E-002  0.78539817820994751     
  -8.3044682241961709E-014   2.0250467969162855E-013  -2.7350539857497641E-014  -1.0349500927423483E-002  0.78539817820994740     
  -7.1498362785860081E-014   1.0302869668521453E-013  -2.9134351779932619E-014  -1.0209924502576628E-002  0.78539817820994684     
  -2.9753977059954195E-014  -1.1723955140041653E-013  -2.4898994485504606E-014  -1.0070759567709864E-002  0.78539817820994651     
  -7.8603790143461083E-014  -4.6185277824406512E-014  -2.7213137712657155E-014  -9.9484609693960557E-003  0.78539817820994628     
  -7.1942451995710144E-014  -4.2632564145606011E-014  -2.7270305840308749E-014  -9.8566554144641216E-003  0.78539817820994573     
  -5.8619775700208265E-014   8.5265128291212022E-014  -2.6311274340860349E-014  -9.8048060059543474E-003  0.78539817820994540     
  -2.3980817331903381E-014   1.2434497875801753E-013  -3.7782441069685612E-014  -9.7973599298155634E-003  0.78539817820994462     
  -5.6843418860808015E-014  -6.0396132539608516E-014  -2.3564581749009765E-014  -9.8334148219672013E-003  0.78539817820994462     
   3.9968028886505635E-015  -8.5265128291212022E-014  -3.1164191241679364E-014  -9.9068932913128904E-003  0.78539817820994418     
  -4.8849813083506888E-014  -1.5987211554602254E-013  -2.8419364146211363E-014  -1.0007186876838325E-002  0.78539817820994351     
  -7.1054273576010019E-015  -4.9737991503207013E-014  -2.2004473435731502E-014  -1.0120206656970110E-002  0.78539817820994318     
  -1.7763568394002505E-014  -2.3447910280083306E-013  -2.2891563999935787E-014  -1.0229748164661157E-002  0.78539817820994273     
  -3.9968028886505635E-015  -1.8474111129762605E-013  -1.7185170969297409E-014  -1.0319044768267727E-002  0.78539817820994229     
  -4.8849813083506888E-015  -6.0396132539608516E-014  -2.3445868945195687E-014  -1.0372357572661972E-002  0.78539817820994173     
  -1.7763568394002505E-014  -1.0302869668521453E-013  -2.2722939168517329E-014  -1.0376443607096775E-002  0.78539817820994151     
   6.1728400169158704E-014  -4.6185277824406512E-014  -2.5922240993404427E-014  -1.0321762340950835E-002  0.78539817820994073     
   3.0198066269804258E-014   1.7763568394002505E-014  -2.3239305807329659E-014  -1.0203317280392143E-002  0.78539817820994018     
   2.2648549702353193E-014  -4.2632564145606011E-014  -2.7012081129618796E-014  -1.0021071961286321E-002  0.78539817820993951     
   4.4853010194856324E-014   5.6843418860808015E-014  -3.0468394366690311E-014  -9.7799174627559715E-003  0.78539817820993907     
   4.9293902293356950E-014  -1.4210854715202004E-013  -3.0368009520441023E-014  -9.4891992155221594E-003  0.78539817820993840     
   4.4408920985006262E-014   1.1723955140041653E-013  -2.7413433042222831E-014  -9.1618398887003405E-003  0.78539817820993774     
   1.1546319456101628E-014   9.5923269327613525E-014  -2.3657622114429963E-014  -8.8131292852626775E-003  0.78539817820993707     
   7.8159700933611020E-014  -3.1974423109204508E-014  -2.0787312943777789E-014  -8.4592916848125199E-003  0.78539817820993629     
   4.2632564145606011E-014   8.1712414612411521E-014  -2.8797282698702420E-014  -8.1159763930864770E-003  0.78539817820993585     
   4.7961634663806763E-014  -4.9737991503207013E-014  -2.1215077163505543E-014  -7.7968334895361924E-003  0.78539817820993529     
   4.2632564145606011E-014   1.0658141036401503E-013  -2.9056856146277685E-014  -7.5123231395748391E-003  0.78539817820993463     
   3.0198066269804258E-014   1.5631940186722204E-013  -2.0327878654957665E-014  -7.2688648129255462E-003  0.78539817820993396     
   4.7517545453956700E-014  -1.3500311979441904E-013  -2.3526788525724144E-014  -7.0683770493216169E-003  0.78539817820993374     
   2.6645352591003757E-015   8.5265128291212022E-014  -2.2302144371562570E-014  -6.9082093047261317E-003  0.78539817820993330     
  -4.2632564145606011E-014   1.8829382497642655E-013  -2.1817975225237743E-014  -6.7814391450182754E-003  0.78539817820993263     
  -4.3520742565306136E-014   1.1013412404281553E-013  -2.9944244722916080E-014  -6.6775004972061680E-003  0.78539817820993219     
  -7.1942451995710144E-014   7.1054273576010019E-015  -1.9112049964672338E-014  -6.5831081892446797E-003  0.78539817820993174     
  -9.3702823278363212E-014   4.2632564145606011E-014  -2.0840430248868817E-014  -6.4834331561232084E-003  0.78539817820993107     
  -6.6613381477509392E-014  -1.5631940186722204E-013  -3.0993600122001830E-014  -6.3634526396048052E-003  0.78539817820993074     
  -8.7929663550312398E-014  -5.3290705182007514E-014  -1.9274374712126639E-014  -6.2093574882553515E-003  0.78539817820993041     
  -1.0880185641326534E-013   1.7763568394002505E-014  -3.0229561603313611E-014  -6.0098639286534361E-003  0.78539817820992952     
  -7.2830630415410269E-014   1.4210854715202004E-014  -1.5062555678271696E-014  -5.7572707684605540E-003  0.78539817820992897     
  -1.1901590823981678E-013  -1.4566126083082054E-013  -2.5755567229147068E-014  -5.4481340635490483E-003  0.78539817820992841     
  -1.3544720900426910E-013   1.0302869668521453E-013  -7.6093111172641921E-015  -5.0834917427076132E-003  0.78539817820992774     
  -9.7699626167013776E-014  -2.0250467969162855E-013  -3.4354152892175156E-014  -4.6686397441315641E-003  0.78539817820992730     
  -5.5955240441107890E-014  -1.0658141036401503E-013  -1.3138526349681833E-014  -4.2125174752842831E-003  0.78539817820992652     
  -8.9706020389712648E-014  -2.0961010704922955E-013  -2.7298244474036980E-014  -3.7267929201032501E-003  0.78539817820992575     
  -4.9293902293356950E-014  -2.8066438062523957E-013  -3.0198313828160334E-014  -3.2247495188932884E-003  0.78539817820992497     
  -6.4837024638109142E-014  -1.6342482922482304E-013  -1.7756341391171398E-014  -2.7200792724668688E-003  0.78539817820992430     
   1.8651746813702630E-014  -3.5527136788005009E-015  -2.2489087064389523E-014  -2.2256886656419894E-003  0.78539817820992353     
   4.1300296516055823E-014  -2.9842794901924208E-013  -2.4168338961512838E-014  -1.7526260950835315E-003  0.78539817820992308     
  -1.6431300764452317E-014   3.5527136788005009E-014  -3.1353802172698651E-014  -1.3092334290911722E-003  0.78539817820992219     
  -6.6613381477509392E-015   4.9737991503207013E-014  -2.5208679481381821E-014  -9.0060126647517613E-004  0.78539817820992153     
   2.9309887850104133E-014  -4.6185277824406512E-014  -1.7477240048543392E-014  -5.2836629157226866E-004  0.78539817820992086     
   2.9309887850104133E-014   1.6342482922482304E-013  -2.1235862280601954E-014  -1.9083927848417837E-004  0.78539817820992031     
   7.2386541205560206E-014  -2.8421709430404007E-014  -2.9138331809047749E-014   1.1659101652128356E-004  0.78539817820991986     
   9.1482377229112899E-014   5.6843418860808015E-014  -2.3199745901438365E-014   4.0085750229579276E-004  0.78539817820991953     
   1.5942802633617248E-013   1.7053025658242404E-013  -2.8462046427288147E-014   6.7050097413257070E-004  0.78539817820991886     
   1.6076029396572267E-013   2.4513724383723456E-013  -2.6252939598113486E-014   9.3491539918688638E-004  0.78539817820991842     
   1.7141843500212417E-013   2.3092638912203256E-013  -3.3652537891505231E-014   1.2036102665393678E-003  0.78539817820991797     
   1.7896795156957523E-013   3.1263880373444408E-013  -3.3544697314177747E-014   1.4855357377037137E-003  0.78539817820991764     
   1.9495516312417749E-013   1.5987211554602254E-013  -2.4263221138813471E-014   1.7885059234266087E-003  0.78539817820991686     
   1.5942802633617248E-013   1.9539925233402755E-013  -2.7657634006328888E-014   2.1187431980800309E-003  0.78539817820991686     
   1.6786572132332367E-013   1.2079226507921703E-013  -2.5292694330326905E-014   2.4805507111211877E-003  0.78539817820991620     
   1.3677947663381929E-013   2.8421709430404007E-014  -2.9608057025557909E-014   2.8761053277051030E-003  0.78539817820991564     
   1.0969003483296547E-013   8.5265128291212022E-014  -2.2810935612086436E-014   3.3053564904648169E-003  0.78539817820991520     
   9.6367358537463588E-014   7.8159700933611020E-014  -2.0313635204370365E-014   3.7660223093944900E-003  0.78539817820991442     
   7.4162898044960457E-014   6.3948846218409017E-014  -2.4429614940691162E-014   4.2536891437339186E-003  0.78539817820991376     
   1.2523315717771766E-013   1.7763568394002505E-013  -1.5522210176234719E-014   4.7620346035821548E-003  0.78539817820991353     
   5.6399329650957952E-014  -2.5579538487363607E-013  -3.0345541646320056E-014   5.2831950266916117E-003  0.78539817820991287     
   6.5281113847959205E-014  -2.1316282072803006E-013  -2.2337403295766530E-014   5.8082822887512986E-003  0.78539817820991253     
   8.8817841970012523E-016  -1.5631940186722204E-013  -2.9188311501080453E-014   6.3280260141751477E-003  0.78539817820991231     
   3.6859404417555197E-014  -3.9435121834685560E-013  -2.7662979168069750E-014   6.8334871116508822E-003  0.78539817820991220     
   1.9095836023552692E-014  -1.4921397450962104E-013  -3.4457055743007014E-014   7.3167679494685611E-003  0.78539817820991165     
  -5.3290705182007514E-015  -8.1712414612411521E-014  -2.3198027708843828E-014   7.7716386193582565E-003  0.78539817820991142     
  -8.0380146982861334E-014  -9.2370555648813024E-014  -2.3295271449087847E-014   8.1940064990657646E-003  0.78539817820991120     
  -5.3734794391857577E-014  -3.2329694477084558E-013  -1.5265658522644886E-014   8.5821736634030810E-003  0.78539817820991109     
  -1.4477308241112041E-013   8.1712414612411521E-014  -2.5572257924900652E-014   8.9368506564793115E-003  0.78539817820991076     
  -1.1279865930191590E-013   6.7501559897209518E-014  -2.3959814556988200E-014   9.2609245885360014E-003  0.78539817820991076     
  -6.8389738316909643E-014  -9.5923269327613525E-014  -2.8111982040550763E-014   9.5590128516971351E-003  0.78539817820991042     
  -1.6964207816272392E-013   1.5987211554602254E-013  -2.2822141424886583E-014   9.8368659827021698E-003  0.78539817820991065     
  -1.5143442055887135E-013   3.5527136788005009E-015  -3.3176332905675619E-014   1.0100706115168112E-002  0.78539817820991031     
  -1.2123635428906709E-013   1.7408297026122455E-013  -2.8428195110247428E-014   1.0356593190880892E-002  0.78539817820991020     
  -1.3011813848606835E-013   2.0605739337042905E-013  -2.4112800093798911E-014   1.0609896896129456E-002  0.78539817820991031     
  -1.2034817586936697E-013   1.1013412404281553E-013  -2.5998351827813049E-014   1.0864922630305696E-002  0.78539817820991031     
  -9.8143715376863838E-014   2.9487523534044158E-013  -3.6233548028920145E-014   1.1124704350610193E-002  0.78539817820990998     
  -1.0746958878371515E-013   1.4210854715202004E-014  -2.4571125724350160E-014   1.1390945923408502E-002  0.78539817820991009     
  -8.2600593032111647E-014   1.3145040611561853E-013  -3.2587073818010407E-014   1.1664072140214587E-002  0.78539817820991020     
  -1.1191048088221578E-013   1.2079226507921703E-013  -2.5212832583160396E-014   1.1943342635918563E-002  0.78539817820991042     
  -8.9706020389712648E-014  -3.9079850466805510E-014  -2.9114269655525499E-014   1.2226985470825014E-002  0.78539817820991020     
  -7.5051076464660582E-014   3.1974423109204508E-014  -2.6169458832807318E-014   1.2512319886804013E-002  0.78539817820991042     
  -6.5281113847959205E-014  -1.4921397450962104E-013  -3.4728241721914605E-014   1.2795856907808600E-002  0.78539817820991031     
  -5.2402526762307389E-014  -1.5987211554602254E-013  -2.3490106005050820E-014   1.3073387636496125E-002  0.78539817820991031     
  -3.4638958368304884E-014  -2.8421709430404007E-014  -3.5403330112178683E-014   1.3340086016700115E-002  0.78539817820991065     
   1.7763568394002505E-015  -9.9475983006414026E-014  -2.9916324811702625E-014   1.3590658933009259E-002  0.78539817820991087     
   3.8635761256955448E-014  -2.7000623958883807E-013  -2.5901211960387092E-014   1.3819568161575146E-002  0.78539817820991087     
   2.8421709430404007E-014  -8.8817841970012523E-014  -3.5117582239979211E-014   1.4021327648833237E-002  0.78539817820991131     
   6.6169292267659330E-014  -2.9132252166164108E-013  -3.4288126547999716E-014   1.4190852864073844E-002  0.78539817820991131     
   7.4162898044960457E-014  -1.3145040611561853E-013  -2.9191819934693425E-014   1.4323815824038411E-002  0.78539817820991176     
   7.8159700933611020E-014  -2.1316282072803006E-014  -3.1789295614497847E-014   1.4416947476695197E-002  0.78539817820991198     
   1.0436096431476471E-013  -1.4566126083082054E-013  -2.9042420766705748E-014   1.4468231949551047E-002  0.78539817820991231     
   5.5955240441107890E-014  -1.1368683772161603E-013  -3.2869437160371879E-014   1.4476953750885202E-002  0.78539817820991242     
   1.2301271112846734E-013   6.3948846218409017E-014  -3.0598569434352130E-014   1.4443585158139594E-002  0.78539817820991309     
   1.1635137298071641E-013   5.6843418860808015E-014  -3.3802874557613631E-014   1.4369530808654774E-002  0.78539817820991353     
   1.1723955140041653E-013   1.0658141036401503E-014  -3.3692202390014978E-014   1.4256773251514754E-002  0.78539817820991420     
   1.2567724638756772E-013  -3.1974423109204508E-014  -2.5946481425609961E-014   1.4107480561965757E-002  0.78539817820991487     
   1.2789769243681803E-013   2.6645352591003757E-013  -3.0887788938919253E-014   1.3923640443718854E-002  0.78539817820991509     
   1.3100631690576847E-013   6.0396132539608516E-014  -3.2033056353013793E-014   1.3706773457453969E-002  0.78539817820991586     
   1.1723955140041653E-013   2.2382096176443156E-013  -3.7034155102158873E-014   1.3457754550674439E-002  0.78539817820991642     
   1.0746958878371515E-013   1.6697754290362354E-013  -3.2336945218495751E-014   1.3176744031699661E-002  0.78539817820991709     
   9.6811447747313650E-014   2.6645352591003757E-013  -3.8987791439954359E-014   1.2863204925960936E-002  0.78539817820991775     
   9.6811447747313650E-014   1.9184653865522705E-013  -3.3581612887588975E-014   1.2515969814480221E-002  0.78539817820991831     
   7.6827433304060833E-014   8.5265128291212022E-014  -2.5230635826040086E-014   1.2133319492517058E-002  0.78539817820991886     
   8.3488771451811772E-014  -2.8421709430404007E-014  -2.3142586035299302E-014   1.1713046539700955E-002  0.78539817820991953     
   4.7517545453956700E-014   1.4210854715202004E-014  -2.6114139406106921E-014   1.1252494424261017E-002  0.78539817820992042     
   5.4622972811557702E-014  -9.2370555648813024E-014  -2.8123284326198894E-014   1.0748580885045711E-002  0.78539817820992130     
   4.1744385725905886E-014  -3.9079850466805510E-014  -3.3444901723490995E-014   1.0197827127632231E-002  0.78539817820992186     
   4.4408920985006262E-014  -2.1316282072803006E-013  -2.7898699919628198E-014   9.5964177259579286E-003  0.78539817820992253     
   7.5495165674510645E-015  -9.2370555648813024E-014  -2.3106672209405713E-014   8.9403088635635619E-003  0.78539817820992330     
  -3.1086244689504383E-015  -7.1054273576010019E-014  -3.1783608384028941E-014   8.2253869872000451E-003  0.78539817820992419     
  -3.9079850466805510E-014  -2.4868995751603507E-014  -2.3502831932101823E-014   7.4476612827687472E-003  0.78539817820992497     
  -8.8817841970012523E-014  -1.6697754290362354E-013  -2.4180646654116651E-014   6.6034580680565669E-003  0.78539817820992586     
  -7.6383344094210770E-014  -7.1054273576010019E-014  -3.1788414452438580E-014   5.6895786331138676E-003  0.78539817820992686     
  -5.8175686490358203E-014  -2.1671553440683056E-013  -3.1956167023601979E-014   4.7033866864808205E-003  0.78539817820992752     
  -7.2830630415410269E-014  -6.0396132539608516E-014  -3.5294165452156133E-014   3.6428060678249524E-003  0.78539817820992841     
  -1.0658141036401503E-013   1.3145040611561853E-013  -2.2617407032607606E-014   2.5062292999382396E-003  0.78539817820992974     
  -1.3278267374516872E-013   1.8829382497642655E-013  -2.3397301885149879E-014   1.2923568474007760E-003  0.78539817820993041     
  -7.3274719625260332E-014   3.4816594052244909E-013  -2.3193812161946885E-014  -2.1689444060639920E-016  0.78539817820993152     
