 force-1force-2force-3workmass
   4.4408920985006262E-016   1.0658141036401503E-014  -2.1490512560269858E-014   0.0000000000000000       0.78539817820995284     
  -7.5495165674510645E-015  -1.7763568394002505E-014  -2.6201040985242107E-014  -8.1985218493022954E-007  0.78539817820996494     
   1.1102230246251565E-014   7.1054273576010019E-015  -2.3783423768762881E-014  -8.6216398501821774E-006  0.78539817820995750     
   7.1054273576010019E-015  -4.2632564145606011E-014  -2.9490221101940002E-014  -3.4150469703262379E-005  0.78539817821004088     
  -2.3980817331903381E-014   7.1054273576010019E-015  -2.6202299520866911E-014  -9.0363318097386988E-005  0.78539817821000302     
   1.9095836023552692E-014  -3.1974423109204508E-014  -2.8248696766858692E-014  -1.9148410330070299E-004  0.78539817821028057     
  -1.8207657603852567E-014   2.1316282072803006E-014  -2.5146190601608159E-014  -3.5249127587784381E-004  0.78539817821019220     
   1.1990408665951691E-014   3.1974423109204508E-014  -2.9294685160263104E-014  -5.8879031140124426E-004  0.78539817821076807     
  -1.2878587085651816E-014  -1.0658141036401503E-014  -2.4890309782022405E-014  -9.1597837968208126E-004  0.78539817821060731     
   4.4408920985006262E-015  -3.9079850466805510E-014  -3.1504652414331937E-014  -1.3496622321992463E-003  0.78539817821158098     
  -6.6613381477509392E-015   4.9737991503207013E-014  -2.3668754603544991E-014  -1.9053107291729554E-003  0.78539817821132651     
  -4.4408920985006262E-015   6.0396132539608516E-014  -2.6317392590443156E-014  -2.5981336193103286E-003  0.78539817821279145     
   4.4408920985006262E-015   5.3290705182007514E-014  -2.7084226373340868E-014  -3.4429796015270648E-003  0.78539817821242219     
   1.4654943925052066E-014   2.4868995751603507E-014  -2.9960211845643655E-014  -4.4542518896220750E-003  0.78539817821447233     
  -1.9984014443252818E-014   2.4868995751603507E-014  -2.2999849309561349E-014  -5.6458356369927434E-003  0.78539817821396485     
   1.1546319456101628E-014  -2.8421709430404007E-014  -2.5706709080902152E-014  -7.0310385492574397E-003  0.78539817821669589     
   1.7763568394002505E-015   1.7763568394002505E-014  -2.7318056443655020E-014  -8.6225381708120614E-003  0.78539817821602531     
   1.5099033134902129E-014   6.3948846218409017E-014  -2.5668611335455303E-014  -1.0432340385728680E-002  0.78539817821953506     
  -2.2204460492503131E-015   3.1974423109204508E-014  -2.7365220271359603E-014  -1.2471740636747589E-002  0.78539817821867441     
  -7.1054273576010019E-015  -3.1974423109204508E-014  -3.0691565483499654E-014  -1.4751296077275617E-002  0.78539817822306779     
  -5.7731597280508140E-015  -7.4606987254810520E-014  -3.1214640460279397E-014  -1.7280796998438847E-002  0.78539817822198588     
   6.6613381477509392E-015   1.4210854715202004E-014  -3.2414799124902668E-014  -2.0069250074586521E-002  0.78539817822737534     
   1.0214051826551440E-014   1.4210854715202004E-014  -2.6542991118153382E-014  -2.3124857463252050E-002  0.78539817822603852     
  -7.5495165674510645E-015   2.4868995751603507E-014  -2.7947771853376876E-014  -2.6455009503870447E-002  0.78539817823255154     
   1.1546319456101628E-014   0.0000000000000000       -2.2651725759204316E-014  -3.0066269599477457E-002  0.78539817823091951     
   3.4194869158454821E-014  -3.5527136788005009E-014  -2.8040952349597107E-014  -3.3964375244034908E-002  0.78539817823870006     
   6.6613381477509392E-015   2.1316282072803006E-014  -2.7361967822343073E-014  -3.8154227147928058E-002  0.78539817823672620     
   1.8207657603852567E-014  -2.8421709430404007E-014  -2.8154238711135279E-014  -4.2639897765999052E-002  0.78539817824594049     
   3.2862601528904634E-014   3.5527136788005009E-015  -2.6321474544604895E-014  -4.7424623311971198E-002  0.78539817824357205     
   1.5099033134902129E-014   2.1316282072803006E-014  -2.7615365381815757E-014  -5.2510819118931587E-002  0.78539817825441016     
   6.2172489379008766E-015   1.0658141036401503E-014  -2.9088597832083490E-014  -5.7900073338001262E-002  0.78539817825158365     
  -1.8207657603852567E-014   3.1974423109204508E-014  -2.4285732132065134E-014  -6.3593168649035151E-002  0.78539817826426694     
   7.9936057773011271E-015  -5.6843418860808015E-014  -2.6892476914001188E-014  -6.9590076553966804E-002  0.78539817826091141     
   1.1546319456101628E-014   3.1974423109204508E-014  -2.4829904679017090E-014  -7.5889985027323470E-002  0.78539817827569247     
   2.4424906541753444E-014   2.4868995751603507E-014  -2.2130936029305035E-014  -8.2491292407572581E-002  0.78539817827172698     
   1.7763568394002505E-015   8.5265128291212022E-014  -2.9242309050265521E-014  -8.9391640709816880E-002  0.78539817828889791     
  -8.8817841970012523E-015  -7.1054273576010019E-015  -2.3925262468250106E-014  -9.6587908242570034E-002  0.78539817828422742     
   9.3258734068513149E-015  -2.4868995751603507E-014  -1.6352722820850190E-014 -0.10407624838451554       0.78539817830412395     
   1.8207657603852567E-014   3.5527136788005009E-015  -1.8356596108548722E-014 -0.11185208015492498       0.78539817829864134     
   2.1760371282653068E-014   1.0658141036401503E-014  -2.4881071402355435E-014 -0.11991013232023073       0.78539817832164860     
   2.3758772726978350E-014   7.1054273576010019E-015  -2.4152393110653735E-014 -0.12824443127609514       0.78539817831523306     
  -4.8849813083506888E-015   7.1054273576010019E-015  -2.0402345897099533E-014 -0.13684835041387611       0.78539817834179093     
   2.2204460492503131E-014   2.8421709430404007E-014  -1.9245018792732967E-014 -0.14571459477415449       0.78539817833430348     
  -1.5987211554602254E-014   7.1054273576010019E-015  -2.6384749907017663E-014 -0.15483525170733081       0.78539817832610415     
  -1.3988810110276972E-014   1.0658141036401503E-014  -2.4638366760675713E-014 -0.16420178901175961       0.78539817831726078     
  -3.8191672047105385E-014   5.3290705182007514E-014  -2.5602305521009989E-014 -0.17380508120794380       0.78539817830772907     
   0.0000000000000000        0.0000000000000000       -2.1999039071955295E-014 -0.18363542861083018       0.78539817829746150     
  -1.7985612998927536E-014   1.7763568394002505E-014  -2.4917202525264032E-014 -0.19368257710467290       0.78539817828640901     
   1.5321077739827160E-014   4.2632564145606011E-014  -2.4311920250705436E-014 -0.20393573807931373       0.78539817827451852     
  -1.3322676295501878E-014   2.8421709430404007E-014  -2.4095973759352028E-014 -0.21438360850145091       0.78539817826173441     
  -3.7525538232330291E-014  -7.1054273576010019E-015  -2.5908073243542168E-014 -0.22501439248607985       0.78539817827018499     
   8.6597395920762210E-015   3.5527136788005009E-014  -2.1696732217428316E-014 -0.23581581722277400       0.78539817827040470     
  -3.1308289294429414E-014  -3.1974423109204508E-014  -2.1315531996193662E-014 -0.24677515675920525       0.78539817827040992     
  -4.4408920985006262E-016  -2.8421709430404007E-014  -2.0079246697172187E-014 -0.25787925333453887       0.78539817827041536     
   4.4408920985006262E-016  -4.6185277824406512E-014  -1.9586377358891184E-014 -0.26911453508967242       0.78539817827042135     
  -9.1038288019262836E-015  -6.3948846218409017E-014  -1.3555803076333726E-014 -0.28046703720826682       0.78539817827042757     
   1.7319479184152442E-014   7.1054273576010019E-015  -1.3795249516861743E-014 -0.29192242217634212       0.78539817827043423     
  -1.8429702208777599E-014   1.4210854715202004E-014  -1.7814444066106774E-014 -0.30346600000924440       0.78539817827044134     
   1.2212453270876722E-014  -3.1974423109204508E-014  -1.5308123219154758E-014 -0.31508274844085549       0.78539817827044878     
  -3.4194869158454821E-014  -5.6843418860808015E-014  -1.7709044928752111E-014 -0.32675733307746269       0.78539817827045733     
   1.8873791418627661E-014  -3.5527136788005009E-015  -2.1360133329642355E-014 -0.33847412751177708       0.78539817827046599     
   1.1546319456101628E-014  -3.5527136788005009E-015  -1.8485975685496553E-014 -0.35021723339123439       0.78539817827047531     
   6.6613381477509392E-015  -2.1316282072803006E-014  -2.4388860070154237E-014 -0.36197050043215762       0.78539817827048497     
   1.1102230246251565E-014  -2.4868995751603507E-014  -2.2261207656646882E-014 -0.37371754636572585       0.78539817827049541     
   2.9976021664879227E-014   0.0000000000000000       -2.2529208391361052E-014 -0.38544177681962360       0.78539817827050684     
   1.2434497875801753E-014  -3.1974423109204508E-014  -2.0243409701231818E-014 -0.39712640512823871       0.78539817827051861     
   2.2648549702353193E-014   1.7763568394002505E-014  -1.6236542105737335E-014 -0.40875447208257343       0.78539817827053116     
   7.3718808835110394E-014   9.9475983006414026E-014  -2.2825566176363694E-014 -0.42030886561515179       0.78539817827054481     
  -1.2878587085651816E-014  -2.1316282072803006E-014  -1.3313512629450091E-014 -0.43177234042483059       0.78539817827055924     
  -2.4868995751603507E-014   0.0000000000000000       -2.0022745409202287E-014 -0.44312753754618989       0.78539817827057412     
   2.7977620220553945E-014   7.1054273576010019E-015  -1.8925859675821128E-014 -0.45435700387245825       0.78539817827059033     
   2.8421709430404007E-014   4.9737991503207013E-014  -2.0380101809776610E-014 -0.46544321163790453       0.78539817827060765     
   7.9936057773011271E-015   3.9079850466805510E-014  -1.9392610720848493E-014 -0.47636857786979320       0.78539817827062564     
  -1.5987211554602254E-014   4.2632564145606011E-014  -1.5094491226573992E-014 -0.48711548382137204       0.78539817827064506     
   2.4868995751603507E-014   1.7763568394002505E-014  -1.0147145956756923E-014 -0.49766629438376042       0.78539817827066560     
  -3.9079850466805510E-014   2.1316282072803006E-014  -1.6355892112878896E-014 -0.50800337748879487       0.78539817827068692     
   2.1316282072803006E-014   4.2632564145606011E-014  -1.1395807692094258E-014 -0.51810912351125538       0.78539817827071001     
   2.5757174171303632E-014  -3.5527136788005009E-015  -7.1833162023193142E-015 -0.52796596467431378       0.78539817827073466     
   7.9936057773011271E-015  -3.9079850466805510E-014  -1.3398698945231106E-014 -0.53755639446334047       0.78539817827076019     
   2.3092638912203256E-014   4.2632564145606011E-014  -1.4590476028964470E-014 -0.54686298705147329       0.78539817827078751     
   3.6415315207705135E-014  -8.8817841970012523E-015  -1.5761124368208909E-014 -0.55586841674525500       0.78539817827081637     
   9.7699626167013776E-015   5.3290705182007514E-014  -1.2495484439504759E-014 -0.56455547745401002       0.78539817827084646     
   3.6415315207705135E-014   2.8421709430404007E-014  -1.6422506857934937E-014 -0.57290710219299856       0.78539817827087866     
  -1.0658141036401503E-014   4.4408920985006262E-014  -5.2534457272903253E-015 -0.58090638262787131       0.78539817827091274     
  -7.1054273576010019E-015   5.8619775700208265E-014  -1.1514028278871432E-014 -0.58853658866899139       0.78539817827094838     
   5.1514348342607263E-014   1.9539925233402755E-014  -1.3338184290516718E-014 -0.59578118812671055       0.78539817827098601     
  -8.8817841970012523E-016   5.5067062021407764E-014  -1.0235113180784111E-014 -0.60262386643578669       0.78539817827102554     
  -7.1054273576010019E-015   3.5527136788005009E-015  -9.2848730420157124E-015 -0.60904854645955420       0.78539817827106728     
   1.0658141036401503E-014   2.4868995751603507E-014  -1.5791685170166462E-014 -0.61503940838255677       0.78539817827111080     
  -1.7763568394002505E-014   1.2434497875801753E-014  -1.6737896550531665E-014 -0.62058090969856805       0.78539817827115688     
  -1.7763568394002505E-014   3.3750779948604759E-014  -1.6793417450244836E-014 -0.62565780530291459       0.78539817827120506     
  -1.4210854715202004E-014  -6.5725203057809267E-014  -1.4586717850238665E-014 -0.63025516769173062       0.78539817827125569     
   1.4210854715202004E-014  -1.2434497875801753E-014  -1.2580698679056494E-014 -0.63435840727568205       0.78539817827130887     
  -1.7763568394002505E-015  -8.8817841970012523E-015  -9.5267862316586016E-015 -0.63795329281260893       0.78539817827136393     
   4.7961634663806763E-014   1.7763568394002505E-015  -1.4535059422702262E-014 -0.64102597196229039       0.78539817827142255     
   1.2434497875801753E-014  -2.3092638912203256E-014  -8.4348737739365089E-015 -0.64356299196524991       0.78539817827148295     
   0.0000000000000000       -1.7763568394002505E-014  -1.1673110305001160E-014 -0.64555132045290609       0.78539817827154612     
  -1.7763568394002505E-015  -3.5527136788005009E-015  -1.1742229355656027E-014 -0.64697836638846706       0.78539817827161218     
   6.0396132539608516E-014   6.9277916736609768E-014  -7.6959517452412073E-015 -0.64783200114616202       0.78539817827168101     
   1.0480505352461478E-013  -2.4868995751603507E-014  -7.5960996129987070E-015 -0.64810057972886637       0.78539817827175307     
   5.5067062021407764E-014  -2.3092638912203256E-014  -1.3305555461854018E-014 -0.64777296212910063       0.78539817827182756     
   4.4408920985006262E-014  -1.7763568394002505E-015  -1.1844494351093046E-014 -0.64683853484406295       0.78539817827190517     
   6.5725203057809267E-014  -4.4408920985006262E-014  -1.6340494330988317E-014 -0.64528723253058751       0.78539817827198632     
   1.4210854715202004E-014   2.1316282072803006E-014  -1.5667641889977471E-014 -0.64310955978238293       0.78539817827207004     
   1.7763568394002505E-015  -1.4210854715202004E-014  -1.4458271352349281E-014 -0.64029661308160457       0.78539817827215719     
  -6.2172489379008766E-014  -1.2434497875801753E-014  -1.9286062826854726E-014 -0.63684010295397120       0.78539817827224701     
  -1.7763568394002505E-015  -2.8421709430404007E-014  -2.4448434841339439E-014 -0.63273237623594680       0.78539817827234037     
   2.3092638912203256E-014  -3.1974423109204508E-014  -1.9925744301719751E-014 -0.62796643845585109       0.78539817827243685     
  -1.9539925233402755E-014  -2.6645352591003757E-014  -1.5405830119936740E-014 -0.62253597640969005       0.78539817827253655     
   3.9079850466805510E-014  -2.1316282072803006E-014  -1.6373384600046360E-014 -0.61643538083882221       0.78539817827263980     
   4.9737991503207013E-014   1.7763568394002505E-014  -1.5217235785380895E-014 -0.60965976926378895       0.78539817827274605     
  -3.9079850466805510E-014  -1.2434497875801753E-014  -1.3046393721642167E-014 -0.60220500893586948       0.78539817827285541     
  -6.3948846218409017E-014  -1.7763568394002505E-014  -1.5565873064531645E-014 -0.59406773992240436       0.78539817827296821     
  -5.8619775700208265E-014   2.3980817331903381E-014  -1.2088548586023617E-014 -0.58524539840202228       0.78539817827308411     
   4.0856207306205761E-014   1.7763568394002505E-014  -9.4872880145475843E-015 -0.57573623989518197       0.78539817827320313     
   8.8817841970012523E-015  -2.3980817331903381E-014  -1.1274896997060691E-014 -0.56553936272021899       0.78539817827332570     
   5.3290705182007514E-014   0.0000000000000000       -1.4494756630115767E-014 -0.55465473153202227       0.78539817827345115     
  -7.1054273576010019E-015  -2.2204460492503131E-014  -1.5755370938843960E-014 -0.54308320088436202       0.78539817827357972     
   7.1054273576010019E-014  -1.9539925233402755E-014  -1.7454543745259121E-014 -0.53082653901273769       0.78539817827371095     
   6.0396132539608516E-014   2.1316282072803006E-014  -2.3129789475457403E-014 -0.51788745172745587       0.78539817827384573     
  -2.4868995751603507E-014  -3.4638958368304884E-014  -1.8390922768884570E-014 -0.50426960623577533       0.78539817827398384     
   4.6185277824406512E-014   2.3092638912203256E-014  -2.1569660295965583E-014 -0.48997765481984890       0.78539817827412406     
   1.7763568394002505E-014  -3.7747582837255322E-014  -1.7945846820773003E-014 -0.47501725888061525       0.78539817827426717     
   6.3948846218409017E-014   2.1316282072803006E-014  -2.2450966797557826E-014 -0.45939511296478874       0.78539817827441272     
   1.4210854715202004E-014   4.8405723873656825E-014  -1.5224330849165463E-014 -0.44311896883789287       0.78539817827456071     
  -7.1054273576010019E-015   3.5527136788005009E-014  -2.0465027656372877E-014 -0.42619765955677036       0.78539817827471148     
   6.3948846218409017E-014  -4.8849813083506888E-014  -1.9914392988278737E-014 -0.40864112319611806       0.78539817827486436     
   2.1316282072803006E-014   6.2838623193783860E-014  -1.4323693559363345E-014 -0.39046042686041948       0.78539817827501945     
   2.4868995751603507E-014  -5.7953641885433171E-014  -1.3862960782456099E-014 -0.37166779094734137       0.78539817827517677     
  -4.9737991503207013E-014   3.1974423109204508E-014  -1.9474742798941525E-014 -0.35227661255437348       0.78539817827533565     
   6.3948846218409017E-014   1.2656542480726785E-014  -1.4656434064667026E-014 -0.33230148903776313       0.78539817827549629     
  -2.8421709430404007E-014   3.1308289294429414E-014  -1.4348719777515151E-014 -0.31175824197471685       0.78539817827565850     
   1.7763568394002505E-014  -5.7731597280508140E-015  -1.1757781975181944E-014 -0.29066394091066816       0.78539817827582215     
   1.1368683772161603E-013   1.0902390101819037E-013  -1.6787722263740968E-014 -0.26903692706900051       0.78539817827598690     
  -4.6185277824406512E-014   6.6613381477509392E-016  -1.4648957766306284E-014 -0.24689683746982380       0.78539817827615299     
   3.5527136788005009E-014  -1.8207657603852567E-014  -2.4231498856728562E-014 -0.22426462784171033       0.78539817827631953     
   4.9737991503207013E-014  -4.6185277824406512E-014  -2.5797290643780534E-014 -0.20116259547895263       0.78539817827648672     
   4.6185277824406512E-014   7.0166095156309893E-014  -2.4911366696250937E-014 -0.17761440309916865       0.78539817827665492     
   2.8421709430404007E-014  -6.2616578588858829E-014  -2.3711082976011303E-014 -0.15364509986807534       0.78539817827682312     
   9.9475983006414026E-014  -4.9737991503207013E-014  -2.1314364627256677E-014 -0.12928114418498685       0.78539817827699099     
  -2.8421709430404007E-014   1.0036416142611415E-013  -1.8641100617809261E-014 -0.10455042625843623       0.78539817827715863     
   8.8817841970012523E-014  -1.1546319456101628E-014  -2.1569845167614640E-014  -7.9482289831428604E-002  0.78539817827732628     
   5.6843418860808015E-014  -3.8191672047105385E-014  -2.3600767053837216E-014  -5.4107553397707835E-002  0.78539817827749359     
  -7.1054273576010019E-015  -3.5527136788005009E-014  -2.2461816313529120E-014  -2.8458531494531619E-002  0.78539817827766001     
   0.0000000000000000        1.7763568394002505E-015  -2.5733717599207700E-014  -2.5690560148694786E-003  0.78539817827782499     
   4.2632564145606011E-014  -4.3520742565306136E-014  -3.1154144966557419E-014   2.3525502846070707E-002  0.78539817827798930     
   5.1514348342607263E-014  -5.7731597280508140E-014  -2.9815326862517165E-014   4.9788215972775017E-002  0.78539817827815195     
   1.9539925233402755E-014  -7.0166095156309893E-014  -2.4951210785681550E-014   7.6180575033455766E-002  0.78539817827831337     
   3.3750779948604759E-014  -3.3750779948604759E-014  -3.0213046795916855E-014  0.10266247255074232       0.78539817827847291     
  -3.0198066269804258E-014   0.0000000000000000       -2.9397870593200806E-014  0.12919218236953775       0.78539817827863034     
   1.0658141036401503E-014  -7.6383344094210770E-014  -3.0510554002999794E-014  0.15572634051811368       0.78539817827878600     
   4.2632564145606011E-014  -6.9277916736609768E-014  -2.8842953118018184E-014  0.18221992645903284       0.78539817827893954     
   0.0000000000000000       -1.7763568394002505E-015  -3.5467021361584057E-014  0.20862624472909699       0.78539817827909042     
   2.3092638912203256E-014   1.4210854715202004E-014  -2.8100603201407498E-014  0.23489690698056953       0.78539817827923830     
   2.8421709430404007E-014   3.0198066269804258E-014  -2.3701045015956126E-014  0.26098181442787383       0.78539817827938418     
   3.5527136788005009E-014   1.9539925233402755E-014  -2.8539211263056139E-014  0.28682914070567322       0.78539817827952674     
   5.3290705182007514E-015  -3.0198066269804258E-014  -2.2119470264205489E-014  0.31238531514191642       0.78539817827966618     
   6.2172489379008766E-014  -1.5987211554602254E-014  -2.7247226221811901E-014  0.33759500645064999       0.78539817827980274     
   8.8817841970012523E-015  -2.3092638912203256E-014  -2.7175772019253764E-014  0.36240110714505142       0.78539817827993597     
   7.1054273576010019E-015  -7.9936057773011271E-014  -2.9280952085428784E-014  0.38674471965256668       0.78539817828006564     
   7.1054273576010019E-015  -1.7763568394002505E-015  -2.8106064351333039E-014  0.41056514240285558       0.78539817828019232     
   3.5527136788005009E-015  -2.1316282072803006E-014  -2.6709220842365872E-014  0.43379985657608089       0.78539817828031522     
   1.5987211554602254E-014  -2.6645352591003757E-014  -2.8848694798269788E-014  0.45638451097196564       0.78539817828043446     
  -1.4210854715202004E-014   3.0198066269804258E-014  -2.7601682813987198E-014  0.47825290167067458       0.78539817828055036     
   0.0000000000000000        9.9475983006414026E-014  -3.2762635925540955E-014  0.49933695542444556       0.78539817828066272     
  -1.2434497875801753E-014  -7.1054273576010019E-015  -3.4020391778928656E-014  0.51956671673369614       0.78539817828077108     
  -2.4868995751603507E-014   5.3290705182007514E-015  -2.9313730433858618E-014  0.53887033849181898       0.78539817828087544     
   3.3750779948604759E-014   1.0658141036401503E-014  -3.0923697370430419E-014  0.55717407051770584       0.78539817828097680     
   3.1974423109204508E-014   3.1974423109204508E-014  -3.8832742900719263E-014  0.57440224746392476       0.78539817828107439     
   4.2632564145606011E-014   3.5527136788005009E-014  -3.3887659931438609E-014  0.59047727723255872       0.78539817828116820     
   4.0856207306205761E-014  -6.9277916736609768E-014  -2.9488881036957296E-014  0.60531962875199596       0.78539817828125824     
   1.0658141036401503E-014  -4.7961634663806763E-014  -3.7628709920928235E-014  0.61884782002009253       0.78539817828134484     
  -1.2434497875801753E-014   0.0000000000000000       -3.7139252724629625E-014  0.63097840666842431       0.78539817828142766     
  -1.3322676295501878E-014  -2.6645352591003757E-014  -3.4748013807321388E-014  0.64162597013892575       0.78539817828150682     
  -1.5987211554602254E-014  -3.7303493627405260E-014  -3.1662588748128459E-014  0.65070310573258927       0.78539817828158320     
   5.3290705182007514E-014   1.2434497875801753E-014  -3.1623975373351382E-014  0.65812041087996986       0.78539817828165570     
  -4.4408920985006262E-015  -3.1974423109204508E-014  -3.7974479634486824E-014  0.66378647365630128       0.78539817828172498     
  -3.1086244689504383E-014   1.0658141036401503E-014  -3.4825505392357058E-014  0.66760786072611855       0.78539817828179137     
  -1.7763568394002505E-015  -5.3290705182007514E-014  -3.1997542122888402E-014  0.66948910485361979       0.78539817828185465     
  -1.9539925233402755E-014   1.7763568394002505E-014  -3.7611695519124138E-014  0.66933269199282464       0.78539817828191472     
   2.0428103653102880E-014  -8.8817841970012523E-014  -3.7793065702887076E-014  0.66703904792308055       0.78539817828197223     
   6.7501559897209518E-014  -3.5527136788005009E-015  -3.6644143355391475E-014  0.66250652406305577       0.78539817828202640     
   8.8817841970012523E-016  -5.6843418860808015E-014  -3.1546720259299254E-014  0.65563138263782195       0.78539817828207814     
  -4.6185277824406512E-014  -2.4868995751603507E-014  -3.0733657288018761E-014  0.64630778071097139       0.78539817828212788     
   1.9539925233402755E-014  -6.3948846218409017E-014  -4.5219823633392825E-014  0.63442775334514911       0.78539817828217440     
   8.8817841970012523E-016   7.1054273576010019E-015  -3.6410059000866120E-014  0.61988119549768705       0.78539817828221903     
  -6.2172489379008766E-015  -2.8421709430404007E-014  -4.5821532562254605E-014  0.60255584247675931       0.78539817828226144     
   1.9539925233402755E-014  -7.1054273576010019E-014  -3.4206533740354472E-014  0.58233724893960015       0.78539817828230185     
   3.5527136788005009E-015  -4.9737991503207013E-014  -3.5030541660323380E-014  0.55910876609943105       0.78539817828234004     
  -3.5971225997855072E-014   3.5527136788005009E-015  -3.6695137898559343E-014  0.53275151698710965       0.78539817828237612     
  -2.2648549702353193E-014  -4.9737991503207013E-014  -3.5306227170967685E-014  0.50314436962213649       0.78539817828241099     
  -1.1546319456101628E-014   2.4868995751603507E-014  -3.6458890309296850E-014  0.47016390782809059       0.78539817828244374     
   8.8817841970012523E-016   4.9737991503207013E-014  -3.7501677036181616E-014  0.43368439942723469       0.78539817828247493     
  -1.9984014443252818E-014  -7.1054273576010019E-015  -2.9889553408009448E-014  0.39357776158965008       0.78539817828250480     
  -3.1086244689504383E-014   2.8421709430404007E-014  -3.4073085387718565E-014  0.34971352311241022       0.78539817828253322     
   1.1546319456101628E-014  -1.0658141036401503E-014  -4.0762722396354399E-014  0.30195878333461157       0.78539817828255998     
   1.3322676295501878E-015  -3.5527136788005009E-014  -3.4716572441244565E-014  0.25017816739691767       0.78539817828258585     
   1.0658141036401503E-014   4.2632564145606011E-014  -2.7846193951611016E-014  0.19423377755447463       0.78539817828261049     
  -1.7763568394002505E-015   3.1974423109204508E-014  -3.2886855561264971E-014  0.13398514024498925       0.78539817828263414     
  -3.5527136788005009E-014  -2.1316282072803006E-014  -3.2858219245526012E-014   6.9289148589240984E-002  0.78539817828265623     
   3.5527136788005009E-015   1.4210854715202004E-014  -3.3835465405818878E-014  -1.1664523673802067E-014  0.78539817828267844     
