 force-1force-2force-3workmass
   6.0007909086680966E-002  -2.6396662633487722E-012   2.9315022453296688E-014   0.0000000000000000        39107.390095356895     
   6.0007908715895619E-002  -1.4541822440854446E-003   2.8888357629711401E-014  -2.1703669992982622E-007   39107.390095356895     
   6.0007901467297453E-002  -5.6812145380504830E-003   2.8671544675086632E-014  -3.3746414355995125E-006   39107.390095356895     
   6.0007863658812000E-002  -1.2501697361269493E-002   2.8233341787159636E-014  -1.6624132066142550E-005   39107.390095356910     
   6.0007744661917273E-002  -2.1735580548497779E-002   2.7753322873517775E-014  -5.1122085450057420E-005   39107.390095356917     
   6.0007458120098001E-002  -3.3205521112268599E-002   2.7597556047456902E-014  -1.2140768656672407E-004   39107.390095356925     
   6.0006872632475616E-002  -4.6737368452639316E-002   2.7409458188335117E-014  -2.4481033595492863E-004   39107.390095356917     
   6.0005801674073433E-002  -6.2160428889900032E-002   2.7058477759011699E-014  -4.4088838200884162E-004   39107.390095356925     
   6.0003992757527880E-002  -7.9307608219934878E-002   2.6814114330202716E-014  -7.3089891735492185E-004   39107.390095356925     
   6.0001116307576430E-002  -9.8015488054691957E-002   2.6705534027595948E-014  -1.1372982117707209E-003   39107.390095356932     
   5.9996754227003846E-002 -0.11812437637416906        2.6153495287599718E-014  -1.6832723633319335E-003   39107.390095356917     
   5.9990388306586151E-002 -0.13947834455873931        2.5878986060298538E-014  -2.3922976962854059E-003   39107.390095356917     
   5.9981388284440773E-002 -0.16192526732146106        2.5554795272007221E-014  -3.2877306276948293E-003   39107.390095356888     
   5.9968999475084661E-002 -0.18531687956759768        2.5493086537389012E-014  -4.3924270087310480E-003   39107.390095356852     
   5.9952329785691760E-002 -0.20950885312540635        2.5427749478097981E-014  -5.7283910621548917E-003   39107.390095356794     
   5.9930336043601373E-002 -0.23436090930698938        2.5254089979751974E-014  -7.3164546374275830E-003   39107.390095356735     
   5.9901809135603834E-002 -0.25973701547453132        2.4357124780697315E-014  -9.1759892826844824E-003   39107.390095356604     
   5.9865355408625198E-002 -0.28550592328945967        2.3763823564007392E-014  -1.1324663823756964E-002   39107.390095356459     
   5.9819367842126825E-002 -0.31154260597051930        2.2472967281473731E-014  -1.3778283291651983E-002   39107.390095356270     
   5.9761980468422848E-002 -0.33773093438719570        2.1255111770056448E-014  -1.6550757737845312E-002   39107.390095356008     
   5.9691011101722813E-002 -0.36396674619147618        2.1464100315647190E-014  -1.9654204294340061E-002   39107.390095355666     
   5.9603913848976453E-002 -0.39015929302492225        2.0807087170011872E-014  -2.3099088324070927E-002   39107.390095355244     
   5.9497760741635375E-002 -0.41622988858388510        1.9811607268350715E-014  -2.6894278020959561E-002   39107.390095354713     
   5.9369249069141428E-002 -0.44210915666161554        1.9071903724660482E-014  -3.1047004999272598E-002   39107.390095354051     
   5.9214722086528226E-002 -0.46773537461556103        1.8409625861724471E-014  -3.5562856002770760E-002   39107.390095353236     
   5.9030208723288957E-002 -0.49305469409614844        1.7419285098088113E-014  -4.0445892875074607E-002   39107.390095352246     
   5.8811495788835377E-002 -0.51802209694439583        1.7206163704145170E-014  -4.5698873348240854E-002   39107.390095351060     
   5.8554223366653502E-002 -0.54260186698054014        1.6520574658079896E-014  -5.1323489743488659E-002   39107.390095349634     
   5.8253972997792780E-002 -0.56676733815879032        1.5155670028338943E-014  -5.7320581512028346E-002   39107.390095347946     
   5.7906326931053687E-002 -0.59050030565547473        1.4521267581612154E-014  -6.3690329592463568E-002   39107.390095345974     
   5.7506899032225001E-002 -0.61379032432840575        1.4386581481670030E-014  -7.0432439716685558E-002   39107.390095343639     
   5.7051348656360190E-002 -0.63663379735461234        1.3334645316361453E-014  -7.7546293795923926E-002   39107.390095340939     
   5.6535387515967372E-002 -0.65903292528037483        1.2444984990905305E-014  -8.5031064151374736E-002   39107.390095337811     
   5.5954786604375972E-002 -0.68099484043406378        1.1270414818648053E-014  -9.2885823499395670E-002   39107.390095334202     
   5.5305387270220274E-002 -0.70253104307752778        9.5451012041712750E-015 -0.10110967278180460        39107.390095330084     
   5.4583116118657182E-002 -0.72365692594461350        8.9146337052634365E-015 -0.10970186711741636        39107.390095325383     
   5.3784000375889929E-002 -0.74439121504132189        8.4087587642238027E-015 -0.11866191480730759        39107.390095320043     
   5.2904181256088034E-002 -0.76475540908712958        8.3139829519749438E-015 -0.12798965645367621        39107.390095314011     
   5.1939925696270373E-002 -0.78477337438156169        7.7914176371467228E-015 -0.13768534944174560        39107.390095307230     
   5.0887638027639348E-002 -0.80447110275156319        6.6270167258222983E-015 -0.14774976608468071        39107.390095299619     
   4.9743871762842118E-002 -0.82387649834203458        5.5928275996350164E-015 -0.15818428768167170        39107.390095291121     
   4.8505339496575373E-002 -0.84301907102810247        5.5389188244951786E-015 -0.16899097071399227        39107.390095281655     
   4.7168918091245404E-002 -0.86192952041519533        4.8093835136171602E-015 -0.18017257537046927        39107.390095271156     
   4.5731647318373314E-002 -0.88063927089030969        3.9466894949818266E-015 -0.19173256189842025        39107.390095259529     
   4.4190722403351868E-002 -0.89918002980708067        3.4472303628954104E-015 -0.20367506691166248        39107.390095246737     
   4.2543483958616235E-002 -0.91758341115512465        3.4759234715494538E-015 -0.21600486988223455        39107.390095232637     
   4.0787410148199921E-002 -0.93588060950622776        3.3318078488017057E-015 -0.22872734920210380        39107.390095217197     
   3.8920113328925421E-002 -0.95410209001619606        1.9756557957356083E-015 -0.24184842155805164        39107.390095200310     
   3.6939341244731971E-002 -0.97227732567750280        1.1843837624874684E-015 -0.25537447325315110        39107.390095181880     
   3.4842984697441515E-002 -0.99043462411778904        1.1548783115989018E-015 -0.26931229755639663        39107.390095161842     
   3.2629091804746047E-002  -1.0086009844517001        1.1126204233546778E-015 -0.28366902687704076        39107.390095140094     
   3.0295881910380296E-002  -1.0268019413101150        7.3275714365109382E-016 -0.29845204916459345        39107.390095116541     
   2.7841755030355630E-002  -1.0450615056722619        1.1718894259312751E-015 -0.31366894055849581        39107.390095091090     
   2.5265305021503037E-002  -1.0634022527895439        8.7251608707610928E-016 -0.32932743632146622        39107.390095063660     
   2.2565342364065155E-002  -1.0818453715109797        1.0102448960931351E-015 -0.34543539081419983        39107.390095034149     
   1.9740915775569579E-002  -1.1004105451534301        9.4595282251773300E-016 -0.36200068152593978        39107.390095002484     
   1.6791322753374693E-002  -1.1191158438172017        9.2325463362658934E-016 -0.37903110691076058        39107.390094968556     
   1.3716120843507096E-002  -1.1379778148090018        7.1653714439309472E-016 -0.39653434395372500        39107.390094932278     
   1.0515156254953417E-002  -1.1570116195489852        6.5435901268255467E-016 -0.41451792488933759        39107.390094893577     
   7.1886018206745450E-003  -1.1762309582886132        7.6828549487594031E-016 -0.43298914138363109        39107.390094852351     
   3.7369801973673455E-003  -1.1956478412318212        2.7066313005501257E-016 -0.45195488398562844        39107.390094808521     
   1.6116793803805374E-004  -1.2152725107178739        2.7606702998564540E-016 -0.47142152454074093        39107.390094762028     
  -3.5375955362759171E-003  -1.2351136278085306        1.5883976162632392E-015 -0.49139489727813501        39107.390094712755     
  -7.3576734052358539E-003  -1.2551784978905118        1.6487952756522534E-015 -0.51188030532259265        39107.390094660659     
  -1.1296981565535824E-002  -1.2754730842298301        1.9805994000686569E-015 -0.53288245080655106        39107.390094605667     
  -1.5352951862438791E-002  -1.2960018428960467        5.7812402842544081E-016 -0.55440528835637259        39107.390094547722     
  -1.9522521135623971E-002  -1.3167676237887562        2.0590897671144582E-015 -0.57645189680699183        39107.390094486756     
  -2.3802129810098993E-002  -1.3377717882788218        1.4072844266937406E-015 -0.59902444136896804        39107.390094422706     
  -2.8187704486874132E-002  -1.3590144480412576        2.1645941345857983E-015 -0.62212419796653151        39107.390094355564     
  -3.2674616583114435E-002  -1.3804946181586466        3.1197123480951911E-015 -0.64575155167048770        39107.390094285242     
  -3.7257632897950088E-002  -1.4022101877363227        4.4317387103647353E-015 -0.66990591719102888        39107.390094211747     
  -4.1930881475513104E-002  -1.4241577931567626        4.8841471751689795E-015 -0.69458561036558919        39107.390094135029     
  -4.6687843075468360E-002  -1.4463327512855351        6.0146133995854066E-015 -0.71978774233576637        39107.390094055110     
  -5.1521358119406058E-002  -1.4687291332944525        4.2055402638089613E-015 -0.74550818176381384        39107.390093971953     
  -5.6423628400444292E-002  -1.4913399302891968        5.0029739900416710E-015 -0.77174156980591491        39107.390093885573     
  -6.1386200380080469E-002  -1.5141571932866356        3.7737217429883895E-015 -0.79848133239725172        39107.390093795977     
  -6.6399936190573106E-002  -1.5371720617698656        3.8733080369527228E-015 -0.82571964207679471        39107.390093703209     
  -7.1454993537784672E-002  -1.5603746845320821        5.1010396562208362E-015 -0.85344732379849297        39107.390093607290     
  -7.6540834086732845E-002  -1.5837541093921459        4.2477161867909993E-015 -0.88165374014107734        39107.390093508278     
  -8.1646263545934517E-002  -1.6072982253561889        3.6705753283570495E-015 -0.91032670136865157        39107.390093406233     
  -8.6759489798198197E-002  -1.6309937865973403        3.8823689102019573E-015 -0.93945242108006788        39107.390093301219     
  -9.1868181585749331E-002  -1.6548264792666139        3.6799583651074747E-015 -0.96901550034428752        39107.390093193346     
  -9.6959520843492464E-002  -1.6787809602016495        3.8561946423720787E-015 -0.99899890111103495        39107.390093082708     
 -0.10202025658848402       -1.7028408188809827        2.7939588802211338E-015  -1.0293838777115383        39107.390092969406     
 -0.10703677564204284       -1.7269884674689138        2.9838895986097846E-015  -1.0601498645020797        39107.390092853595     
 -0.11199520152912884       -1.7512050068709968        3.1579149190739711E-015  -1.0912743450629598        39107.390092735419     
 -0.11688152266395724       -1.7754701211173511        2.5353265163330873E-015  -1.1227327348495280        39107.390092615038     
 -0.12168174236141727       -1.7997620206779850        4.9650414408509976E-016  -1.1544982927498637        39107.390092492627     
 -0.12638204085103993       -1.8240574143388493       -2.9575518830152407E-016  -1.1865420517977618        39107.390092368390     
 -0.13096894246196467       -1.8483314679074496        1.1994158860955298E-015  -1.2188327436448070        39107.390092242531     
 -0.13542948550516615       -1.8725577179334749        1.5824136278908894E-015  -1.2513366950090443        39107.390092115267     
 -0.13975139468321723       -1.8967079394714688        8.4641076996424739E-016  -1.2840176930228928        39107.390091986897     
 -0.14392325511680992       -1.9207519965563087        1.3455141921844033E-015  -1.3168368368070560        39107.390091857655     
 -0.14793468444516639       -1.9446577147972519       -1.3658771120920628E-015  -1.3497524021663381        39107.390091727815     
 -0.15177649674637511       -1.9683908038460878       -1.7907437885421958E-015  -1.3827197408513303        39107.390091597699     
 -0.15544085056149565       -1.9919148335385017       -1.5974348126963900E-015  -1.4156912205989407        39107.390091467620     
 -0.15892137346804602       -2.0151912463647221        6.0402549393494361E-016  -1.4486161970667890        39107.390091337926     
 -0.16221325698415434       -2.0381793818286873        2.8063139438180810E-016  -1.4814410023301239        39107.390091208959     
 -0.16531331727952719       -2.0608364971639901       -3.3959861319187607E-015  -1.5141089394853751        39107.390091081106     
 -0.16822001855407032       -2.0831177872915276       -1.0168822360916404E-015  -1.5465602855682494        39107.390090954774     
 -0.17093345683580102       -2.1049764246867788       -2.3235993770821694E-015  -1.5787323185150921        39107.390090830355     
 -0.17345530262366510       -2.1263636489524949        4.5938833561528238E-017  -1.6105593920351051        39107.390090708301     
 -0.17578870182162309       -2.1472289333305632       -4.9561107232717200E-016  -1.6419730819442826        39107.390090589062     
 -0.17793813594526198       -2.1675202442093635       -3.8826135280797291E-015  -1.6729024202019520        39107.390090473084     
 -0.17990924436289196       -2.1871843965320501       -2.9651483831045447E-015  -1.7032742231681333        39107.390090360881     
 -0.18170861292061158       -2.2061674984642252       -5.5862769311417195E-015  -1.7330135127779762        39107.390090252949     
 -0.18334353425154559       -2.2244154756329877       -5.6152431422205049E-015  -1.7620440260369605        39107.390090149805     
 -0.18482174568167836       -2.2418746666590401       -7.3227617196630132E-015  -1.7902888083359052        39107.390090051987     
 -0.18615115147477868       -2.2584924833930806       -8.0124119074811214E-015  -1.8176708865144864        39107.390089960048     
 -0.18733953747815607       -2.2742181276752262       -1.1702727732452306E-014  -1.8441140154875626        39107.390089874571     
 -0.18839428822696280       -2.2890033488823747       -1.0162730598566613E-014  -1.8695434851996851        39107.390089796136     
 -0.18932211889068784       -2.3028032135662571       -1.4585030268346672E-014  -1.8938869628228510        39107.390089725326     
 -0.19012883617415544       -2.3155768442309430       -1.4651387271741455E-014  -1.9170753316461813        39107.390089662775     
 -0.19081914244221732       -2.3272880745568294       -1.6709575641938805E-014  -1.9390434779170498        39107.390089609115     
 -0.19139649583041679       -2.3379059628012442       -1.9008917993041444E-014  -1.9597309700704422        39107.390089564979     
 -0.19186303683342176       -2.3474051031318908       -1.8904073616374233E-014  -1.9790825711686075        39107.390089531007     
 -0.19221958902763414       -2.3557656683977193       -1.8798958755474012E-014  -1.9970485185394580        39107.390089507899     
 -0.19246573918304033       -2.3629731085075036       -2.4062115050431529E-014  -2.0135844954268673        39107.390089496294     
 -0.19259999957379709       -2.3690174298502882       -2.3506835751794112E-014  -2.0286512196339803        39107.390089496883     
 -0.19262005102383933       -2.3738920100824643       -2.1261896613208947E-014  -2.0422135988527472        39107.390089510372     
 -0.19252305791038937       -2.3775919820251517       -2.0866075963055129E-014  -2.0542394724697299        39107.390089537468     
 -0.19230603552235198       -2.3801123578219148       -2.0280355022672502E-014  -2.0646980830790866        39107.390089578847     
 -0.19196623622276421       -2.3814462220659358       -2.0820259855703959E-014  -2.0735585657999209        39107.390089635264     
 -0.19150150793655707       -2.3815834324417580       -2.2124759446489775E-014  -2.0807888495285045        39107.390089707420     
 -0.19091057211698448       -2.3805102068463881       -2.3384881834906721E-014  -2.0863553216067956        39107.390089796041     
 -0.19019317426352500       -2.3782097256863857       -2.4791652334377933E-014  -2.0902233917165471        39107.390089901848     
 -0.18935007971722378       -2.3746635162685266       -2.3110060640386034E-014  -2.0923587681274931        39107.390090025576     
 -0.18838291884439912       -2.3698531280748298       -1.8853615400721409E-014  -2.0927290203738629        39107.390090167966     
 -0.18729392000213863       -2.3637616068118632       -2.0535981006654680E-014  -2.0913049889643052        39107.390090329740     
 -0.18608559971262989       -2.3563744738801766       -2.1782198675859337E-014  -2.0880617707564859        39107.390090511624     
 -0.18476049558699059       -2.3476801176237494       -1.9282887748392106E-014  -2.0829791843616761        39107.390090714362     
 -0.18332101743332851       -2.3376695631978954       -1.7856042918099289E-014  -2.0760416766065291        39107.390090938679     
 -0.18176945398301547       -2.3263355918033994       -2.1095647630691041E-014  -2.0672376389307026        39107.390091185283     
 -0.18010811691514511       -2.3136712727221038       -2.3485146848440360E-014  -2.0565581899448588        39107.390091454909     
 -0.17833955251290740       -2.2996682200226424       -2.3751499026259650E-014  -2.0439957066569612        39107.390091748282     
 -0.17646672740304198       -2.2843151848601906       -2.0926031129715605E-014  -2.0295426568987569        39107.390092066104     
 -0.17449310980869315       -2.2675976318314390       -1.9366239373074005E-014  -2.0131913183210060        39107.390092409056     
 -0.17242261632522321       -2.2494986107018526       -1.4879197926336511E-014  -1.9949346627964317        39107.390092777874     
 -0.17025944692007622       -2.2300006602160209       -9.0630765047422527E-015  -1.9747681646516462        39107.390093173206     
 -0.16800786680726909       -2.2090880439700449       -1.3560275057035813E-014  -1.9526918969626923        39107.390093595757     
 -0.16567199429942209       -2.1867485899251378       -1.9309643646643064E-014  -1.9287122563139665        39107.390094046175     
 -0.16325563493414402       -2.1629746037780393       -1.7986854624645143E-014  -1.9028428408237232        39107.390094525137     
 -0.16076218311542734       -2.1377627956946021       -2.0920813032547788E-014  -1.8751044320387891        39107.390095033261     
 -0.15819458038618456       -2.1111135150398965       -1.7927397378109054E-014  -1.8455243515019220        39107.390095571216     
 -0.15555531020477653       -2.0830296682090292       -2.5915225437045466E-014  -1.8141355343992576        39107.390096139599     
 -0.15284640927453519       -2.0535156593036206       -1.9875685809106159E-014  -1.7809756278954207        39107.390096739029     
 -0.15006948061150044       -2.0225765766500636       -2.2250142840994368E-014  -1.7460863134688420        39107.390097370124     
 -0.14722569871473040       -1.9902177227073814       -1.9295861878312145E-014  -1.7095129371068598        39107.390098033422     
 -0.14431580342942718       -1.9564444664335205       -2.7312595802181736E-014  -1.6713044241176362        39107.390098729506     
 -0.14134008760167383       -1.9212623287268933       -2.4603184231732698E-014  -1.6315133947225160        39107.390099458949     
 -0.13829838924210103       -1.8846772361649329       -2.8270916391265607E-014  -1.5901964180141679        39107.390100222285     
 -0.13519010462803721       -1.8466959272784500       -2.9378806590748047E-014  -1.5474143835419376        39107.390101020021     
 -0.13201424536029166       -1.8073264773677593       -2.8801145370017577E-014  -1.5032329535917679        39107.390101852689     
 -0.12876955936231960       -1.7665788864329670       -3.5353651825762633E-014  -1.4577230416259539        39107.390102720761     
 -0.12545472235658078       -1.7244656287143627       -3.2127928846082469E-014  -1.4109612263453482        39107.390103624712     
 -0.12206858514807306       -1.6810020564296231       -3.2161577110465864E-014  -1.3630300111931106        39107.390104565035     
 -0.11861044604309323       -1.6362065359687676       -3.6485137636299424E-014  -1.3140178345580846        39107.390105542159     
 -0.11508030266262914       -1.5901002402746336       -4.3765703336933022E-014  -1.2640187815265786        39107.390106556501     
 -0.11147903298423462       -1.5427066959429432       -4.7814161411223524E-014  -1.2131320936618710        39107.390107608495     
 -0.10780847528921533       -1.4940512440267710       -3.8747038625426983E-014  -1.1614616171324030        39107.390108698542     
 -0.10407140132437537       -1.4441605100764967       -4.6032683346164090E-014  -1.1091152717387480        39107.390109827014     
 -0.10027139543622188       -1.3930619589154283       -4.7103038789872734E-014  -1.0562046018336186        39107.390110994282     
  -9.6412674048726776E-002  -1.3407835942751056       -4.9159513706869222E-014  -1.0028444524724396        39107.390112200708     
  -9.2499888234121030E-002  -1.2873537693252821       -4.7967461152211904E-014 -0.94915273874739547        39107.390113446614     
  -8.8537950467476145E-002  -1.2328010816580388       -4.8133347991495627E-014 -0.89525028309141597        39107.390114732334     
  -8.4531906354172182E-002  -1.1771543296015921       -4.6839611585294503E-014 -0.84126069886433719        39107.390116058188     
  -8.0486855978153637E-002  -1.1204424425174508       -4.5650027041349010E-014 -0.78731025462327864        39107.390117424431     
  -7.6407914776265740E-002  -1.0626943154761364       -4.1926381485866297E-014 -0.73352767366676908        39107.390118831383     
  -7.2300202193975427E-002  -1.0039385808336547       -4.8093793432062682E-014 -0.68004390013077831        39107.390120279291     
  -6.8168840707434231E-002 -0.94420330652696194       -4.1543728463207767E-014 -0.62699183232690814        39107.390121768396     
  -6.4018956940730010E-002 -0.88351564831310014       -5.0715426502349844E-014 -0.57450605031559299        39107.390123298945     
  -5.9855695471586978E-002 -0.82190148585084799       -4.2595029519660911E-014 -0.52272256431387731        39107.390124871163     
  -5.5684255449084175E-002 -0.75938505254499589       -4.7487313717769719E-014 -0.47177859528431476        39107.390126485247     
  -5.1509952441525064E-002 -0.69598862413672080       -4.7391683795705208E-014 -0.42181243151870795        39107.390128141407     
  -4.7338281726049369E-002 -0.63173233729739309       -4.6083146889566484E-014 -0.37296340075830692        39107.390129839812     
  -4.3174934823976607E-002 -0.56663432590280749       -4.7798852190829404E-014 -0.32537205432699778        39107.390131580665     
  -3.9025716669060517E-002 -0.50071129815636439       -5.4981761398854487E-014 -0.27918059709044662        39107.390133364090     
  -3.4896324545471313E-002 -0.43397952802045481       -5.4902742927755440E-014 -0.23453349492533526        39107.390135190253     
  -3.0792000250806861E-002 -0.36645617046416135       -5.0739141792061361E-014 -0.19157815553227664        39107.390137059301     
  -2.6717124564265060E-002 -0.29816051440991842       -5.4466218688400359E-014 -0.15046543641478216        39107.390138971328     
  -2.2674877512251890E-002 -0.22911467150117559       -5.4552394763762529E-014 -0.11134973034956630        39107.390140926473     
  -1.8667112142474407E-002 -0.15934329424976212       -5.8474094396727777E-014  -7.4388500696558779E-002   39107.390142924822     
  -1.4694544118907804E-002  -8.8872112503619149E-002  -5.7809924133462160E-014  -3.9741298036693351E-002   39107.390144966477     
  -1.0757274607788414E-002  -1.7725493889038546E-002  -6.6246544599191745E-014  -7.5685155768390189E-003   39107.390147051512     
  -6.8555629046050948E-003   5.4076402226627351E-002  -6.0812394188708308E-014   2.1969728085417195E-002   39107.390149180021     
  -2.9906881784078632E-003  0.12652030777064383       -6.4751466667109858E-014   4.8714272251315194E-002   39107.390151352025     
   8.3427636825578189E-004  0.19960190795098143       -6.2366156023803557E-014   7.2506989878455386E-002   39107.390153567590     
   4.6139195238240616E-003  0.27332701386811564       -6.4639138907823888E-014   9.3190230392552920E-002   39107.390155826768     
   8.3402588196012095E-003  0.34771182333208017       -5.6299731748451532E-014  0.11060574015464031        39107.390158129572     
   1.2002816645250880E-002  0.42278237246861039       -5.6599982649638362E-014  0.12459322529734695        39107.390160476047     
   1.5588926725823349E-002  0.49857342440409269       -5.2228214750822015E-014  0.13498875465740667        39107.390162866141     
   1.9084133681777693E-002  0.57512719739304430       -5.0988129793679275E-014  0.14162320319464605        39107.390165299905     
   2.2472506037658990E-002  0.65249242242141037       -5.2072201270437851E-014  0.14432088396085607        39107.390167777296     
   2.5736687819813642E-002  0.73072425830232746       -4.8434277511094854E-014  0.14289842646188999        39107.390170298313     
   2.8857569249603587E-002  0.80988540324431568       -4.5456326927317652E-014  0.13716381166426084        39107.390172862870     
   3.1813553794769134E-002  0.89004841748086960       -4.5089245755412538E-014  0.12691534153015915        39107.390175470951     
   3.4579526915254621E-002  0.97129894397445327       -4.1417372490271412E-014  0.11194026069516450        39107.390178122492     
   3.7125739888397291E-002   1.0537391419973758       -3.2582252207998977E-014   9.2012765313992606E-002   39107.390180817376     
   3.9416867331091898E-002   1.1374904753259827       -3.6622442274924881E-014   6.6891264892014690E-002   39107.390183555559     
   4.1411470934712313E-002   1.2226950973410808       -3.1286134492044171E-014   3.6314961412347468E-002   39107.390186336866     
   4.3061988053564981E-002   1.3095152718854699       -3.1464088848189678E-014  -6.3969576261602891E-015   39107.390189161233     
