 force-1force-2force-3workmass
   1.1546319456101628E-014   4.4408920985006262E-015  -2.1618456724884384E-014   0.0000000000000000       0.78539909798813223     
   2.8186342149183474E-012  -1.8951062941141572E-011  -2.8866060309902199E-014  -1.3063369570429605E-008  0.78539909798857566     
   3.8498537691111778E-011  -1.4750423105169830E-011  -1.8085298065334561E-014  -1.9954207114208575E-007  0.78539909798878804     
  -8.9732665742303652E-012   4.6358472616248037E-012  -3.0878006291984163E-014  -9.8936479896345741E-007  0.78539909798845886     
  -1.4002132786572474E-011   1.9468870959826745E-012  -2.0943288289395224E-014  -3.0628242964243768E-006  0.78539909798851992     
   2.2515767028608025E-011  -1.3890222305690259E-011  -2.4412517324210442E-014  -7.3237817173089914E-006  0.78539909798874685     
   3.4232616741292077E-011  -3.9956482567049534E-011  -2.2911820405096336E-014  -1.4851884593176240E-005  0.78539909798889429     
   2.1700419239323310E-011  -3.6182168372533852E-011  -2.2844154219862912E-014  -2.6814020514943915E-005  0.78539909798882923     
   2.4078961047280245E-011  -2.9718005833956340E-011  -2.2083315031699576E-014  -4.4369679649262916E-005  0.78539909798902241     
   4.6466830383451452E-011  -2.2101431795817916E-011  -2.4184839018301255E-014  -6.8543917679575461E-005  0.78539909798881791     
   4.2127634714006490E-011  -2.6497914973333536E-011  -2.5192079523724577E-014  -1.0014003753786027E-004  0.78539909798908747     
   7.0481842584513288E-011  -5.5049298453013762E-012  -2.4154913581872262E-014  -1.3964267916824480E-004  0.78539909798875618     
   5.8146820691717949E-011  -2.0716317550295571E-011  -1.5752837361084298E-014  -1.8696965541893651E-004  0.78539909798906937     
   8.6914031527385305E-011  -1.3467005288703149E-011  -1.9523347276586522E-014  -2.4111676467411525E-004  0.78539909798929208     
   6.0403682056175967E-011  -1.5000445330315415E-011  -2.4873015336537092E-014  -3.0007365414602694E-004  0.78539909799019225     
   3.2073899092210922E-011  -1.4670042958186968E-011  -2.1573423004240227E-014  -3.6127232734783910E-004  0.78539909799057983     
   1.2461587317602607E-011  -4.1238124026676815E-012  -2.4369997709038218E-014  -4.2242096518180228E-004  0.78539909799020735     
  -4.9764636855798017E-012  -1.4258816349865810E-011  -1.6814304184041405E-014  -4.8225777486601840E-004  0.78539909798986152     
   2.1779023029466771E-011  -2.3102852964029807E-011  -2.3739598286856992E-014  -5.4088548071232201E-004  0.78539909798990259     
   6.6568972556524386E-012  -1.2686740546996589E-011  -2.7114319532058246E-014  -5.9965069177372876E-004  0.78539909798981733     
  -2.2466029037104818E-011  -1.2304823826525535E-011  -2.8571787704058685E-014  -6.6077283953330790E-004  0.78539909798946450     
   3.3528735343679728E-012  -4.6775916473507095E-012  -2.4211151337663378E-014  -7.2694044341159447E-004  0.78539909798957031     
  -1.3960388400846568E-011   1.8407053659075245E-011  -1.4858579051034640E-014  -8.0100866003313120E-004  0.78539909798947338     
  -4.9379611510858012E-011   9.6394003890054591E-012  -2.0043863554961799E-014  -8.8585824031922611E-004  0.78539909798914864     
  -2.5861091046408546E-011  -3.0326852140660776E-012  -2.7036753258746555E-014  -9.8439089320118134E-004  0.78539909798932461     
  -4.5718540064854096E-011   5.0492943159952119E-012  -2.7661907409377978E-014  -1.0995605289991217E-003  0.78539909798919050     
  -8.5761175938614542E-011  -5.8411053771578736E-012  -2.0683199009780574E-014  -1.2342429880962125E-003  0.78539909798879459     
  -4.9653170464125651E-011  -5.7478466430893604E-012  -1.8890168934220988E-014  -1.3907124595168296E-003  0.78539909798912722     
  -6.1315841293207995E-011   1.0150991158752731E-011  -2.2102224241023461E-014  -1.5697308224195128E-003  0.78539909798894258     
  -8.9287688354033889E-011  -5.8300031469116220E-012  -1.9974868612935252E-014  -1.7696087606737798E-003  0.78539909798819352     
  -2.4949819987796218E-011  -9.2192919964872999E-012  -1.9207322457773122E-014  -1.9857345285262396E-003  0.78539909798897600     
  -1.7629009363417936E-011   1.5614176618328202E-012  -2.2092958517088789E-014  -2.2109372776870639E-003  0.78539909798877261     
  -2.9435121007281850E-011  -1.4694023775518872E-011  -2.2443040459073027E-014  -2.4366956842967191E-003  0.78539909799066976     
   3.3329339288457049E-011   7.1329608886117057E-012  -2.0187345390768351E-014  -2.6547387712401171E-003  0.78539909799221252     
   5.5059512504840313E-011   3.2698288521260110E-012  -2.5583414053953846E-014  -2.8585358851778153E-003  0.78539909799363561     
   3.4296121498300636E-011   2.0182078230845946E-011  -2.5403306013231219E-014  -3.0441989115017609E-003  0.78539909799347318     
   3.5851321911195555E-012  -1.0115019932754876E-011  -2.4918333523691020E-014  -3.2106787966781347E-003  0.78539909799525454     
   4.9893422726654535E-011  -9.3276497636907152E-012  -2.0426391919976783E-014  -3.3593650596290825E-003  0.78539909799656171     
   6.5960570339029800E-011  -1.6228796084760688E-011  -2.3486539630972201E-014  -3.4935000620445189E-003  0.78539909799759133     
   4.9559467640847288E-011  -8.3844042819691822E-013  -2.4529995313166393E-014  -3.6177126081671229E-003  0.78539909799743268     
   2.8626434556144886E-011  -3.1133318145748490E-011  -1.9578498280201837E-014  -3.7379074861282335E-003  0.78539909799709628     
   7.8242745615852982E-011  -2.6571633782168647E-011  -2.2196118371893878E-014  -3.8613506556748334E-003  0.78539909799698049     
   9.7982510993688265E-011  -2.0235813025237803E-011  -2.0218450397207548E-014  -3.9966781754727787E-003  0.78539909799696872     
   8.0418338654908439E-011  -9.8276942139818857E-013  -1.9585789587503821E-014  -4.1533403642415312E-003  0.78539909799668028     
   5.3128168531202391E-011  -3.5398350917148491E-011  -2.3141867097149661E-014  -4.3403427062689293E-003  0.78539909799476881     
   9.2805763074466086E-011  -3.4330760456668941E-011  -2.5956424562870924E-014  -4.5644061000493785E-003  0.78539909799416463     
   9.5432994839939056E-011  -2.9328095507707985E-011  -2.8014692316632207E-014  -4.8281801982457129E-003  0.78539909799440033     
   5.0369042270403952E-011  -5.6634696932178485E-012  -2.0005674608759474E-014  -5.1290702807789135E-003  0.78539909799392671     
  -2.4127366771153902E-012  -3.7396308272263923E-011  -2.3463170261875948E-014  -5.4591977824751670E-003  0.78539909799458352     
   2.9433344650442450E-011  -2.9169999749001363E-011  -2.4092863728788797E-014  -5.8064740072958365E-003  0.78539909799649732     
   2.9751312524695095E-011  -2.9485303087994907E-011  -1.5166177864360858E-014  -6.1565337200657488E-003  0.78539909799911545     
  -9.8778762946949428E-012  -9.1056051587656839E-012  -2.3588244648984275E-014  -6.4948279699204026E-003  0.78539909799869567     
  -4.9242387945014343E-011  -4.0602188278171525E-011  -2.3115367201008014E-014  -6.8083793640796308E-003  0.78539909800104712     
   1.9420021146743238E-012  -2.1649348980190553E-011  -1.8656852691422537E-014  -7.0868024768340199E-003  0.78539909800377650     
   1.3301804102638926E-011  -1.1779466291272911E-011  -2.0339916416196842E-014  -7.3227805348610175E-003  0.78539909800644669     
  -2.0244694809434804E-011   1.5700329925039114E-011  -2.3975030538874874E-014  -7.5121925424705971E-003  0.78539909800611973     
  -6.2752913976282798E-011  -1.8193446749137365E-011  -2.6799319351640434E-014  -7.6543427094621919E-003  0.78539909800296970     
  -2.8018032338650301E-011  -1.1169287716938925E-011  -2.4805130545439802E-014  -7.7523297913448808E-003  0.78539909800144025     
  -2.8801849794035661E-011  -6.0205174179372989E-012  -2.2008831645412376E-014  -7.8135679598339003E-003  0.78539909800034979     
  -6.3412386452910141E-011   1.5600409852822850E-011  -2.1474498046618303E-014  -7.8498907310884380E-003  0.78539909799987107     
  -9.8758778932506175E-011  -2.0444979043077183E-011  -2.3777606570400319E-014  -7.8769205161008937E-003  0.78539909798786800     
  -6.4374727770655227E-011  -1.8452350758479952E-011  -2.6752649765028542E-014  -7.9123657851563056E-003  0.78539909798091057     
  -4.8975934419104306E-011  -7.2217787305817183E-012  -1.5782861278039431E-014  -7.9736274710697774E-003  0.78539909797637431     
  -6.0737637141983214E-011   1.5733636615777868E-011  -1.6591919918460708E-014  -8.0750724507892002E-003  0.78539909797540930     
  -7.0989880640581760E-011  -1.6716406037176057E-011  -1.8708207257215341E-014  -8.2257836428465403E-003  0.78539909796305607     
  -1.2928769166364873E-011  -1.0837108987971078E-011  -2.0735336355849565E-014  -8.4281995237027729E-003  0.78539909795796292     
   1.9324986055835325E-011  -2.0747847884194925E-012  -1.7310003127799553E-014  -8.6780543449922476E-003  0.78539909795651563     
   7.6685324756908813E-012   1.2417622485827451E-011  -2.3958661008239350E-014  -8.9652691608046453E-003  0.78539909795540253     
  -1.0237588554673493E-011  -2.5888180488209400E-011  -2.0934349901598019E-014  -9.2754929948362097E-003  0.78539909795053353     
   4.0396574974010946E-011  -1.8243184740640572E-011  -1.8154716608542518E-014  -9.5916920830241281E-003  0.78539909795097185     
   5.8014926196392480E-011  -1.8960832903758273E-011  -2.5110331965021582E-014  -9.8956995145207394E-003  0.78539909795353091     
   3.2002844818634912E-011  -1.3003820242829534E-011  -2.7175055536957548E-014  -1.0169506021626695E-002  0.78539909795266538     
   7.4948935946395068E-012  -5.3818283163309388E-011  -2.9328984693882973E-014  -1.0396571770826757E-002  0.78539909794556662     
   5.5804250109758868E-011  -4.0924152955312820E-011  -1.9993793098087723E-014  -1.0563157131484147E-002  0.78539909794312812     
   7.3851147419645713E-011  -3.2760461010639119E-011  -2.7019712224694040E-014  -1.0659898050405570E-002  0.78539909794202378     
   5.8878235620341002E-011  -1.6747492281865561E-011  -3.2448929998999832E-014  -1.0683193232817523E-002  0.78539909794125595     
   4.1498360303648951E-011  -4.5792258873689207E-011  -3.0805750204422088E-014  -1.0636178914616767E-002  0.78539909791754958     
   7.6226136513923848E-011  -3.3659297571375646E-011  -2.3806333038655162E-014  -1.0528746729597138E-002  0.78539909790306539     
   8.3415052642976661E-011  -1.9698465081319227E-011  -2.7077519388358298E-014  -1.0376687365805992E-002  0.78539909789231688     
   6.2001070944006642E-011  -2.2786217357406713E-012  -3.0448378054944339E-014  -1.0199822849517926E-002  0.78539909789093054     
   3.5227820660566067E-011  -3.0404123663174687E-011  -2.9615022572352600E-014  -1.0019644701983133E-002  0.78539909785374429     
   4.1992187505002221E-011  -3.0423663588408090E-011  -2.7648046391113503E-014  -9.8567274574201669E-003  0.78539909783263817     
   3.4410252425232102E-011  -1.8635759602148028E-011  -2.6747139272665273E-014  -9.7285928428423318E-003  0.78539909781921513     
   2.2959412149248237E-012  -8.0313533601383824E-012  -2.7225131337175415E-014  -9.6480294369665209E-003  0.78539909781718265     
  -2.6135538178095885E-011  -3.3037128588375708E-011  -3.2548421766930084E-014  -9.6221082960168403E-003  0.78539909778682970     
  -1.3814283050805898E-011  -2.5898838629245802E-011  -2.6761138498216939E-014  -9.6516713527119435E-003  0.78539909777290040     
  -1.0566214569962540E-011  -1.2261303083960229E-011  -2.7283002883117213E-014  -9.7314616234909224E-003  0.78539909776647221     
  -3.4318770048002989E-011  -5.8082427756289690E-012  -3.0267342600613468E-014  -9.8506231363510999E-003  0.78539909776452732     
  -5.2142290485335252E-011  -2.6905588867975894E-011  -3.0236599615390997E-014  -9.9937078183676142E-003  0.78539909774410654     
  -2.9288127478821480E-011  -1.1432632618380012E-011  -2.5258949235044187E-014  -1.0141994539933474E-002  0.78539909773620975     
  -2.3542501281781369E-011   7.9936057773011271E-014  -2.6849586542326265E-014  -1.0275258699998790E-002  0.78539909773313876     
  -4.7746251397029482E-011   8.9528384705772623E-013  -1.9799639958989946E-014  -1.0373624850802621E-002  0.78539909773166716     
  -6.6755934113871263E-011  -1.8149037828152359E-011  -2.1198410676888454E-014  -1.0419454052561949E-002  0.78539909770222283     
  -5.0261128592410387E-011  -4.0034642267983145E-012  -2.5643685018151261E-014  -1.0398913067159121E-002  0.78539909768572791     
  -4.7785775336706138E-011   4.9786841316290520E-012  -2.3909189986940439E-014  -1.0303317889554187E-002  0.78539909767393778     
  -6.1443738985644814E-011   6.3300475972027925E-012  -1.9147658266777067E-014  -1.0129940272733062E-002  0.78539909767234084     
  -6.8402616903995295E-011  -9.9262820185685996E-012  -2.2034918281820344E-014  -9.8823661340534663E-003  0.78539909761922022     
  -5.4176663155658389E-011  -9.0221163873138721E-012  -2.5325858480670852E-014  -9.5701728601373937E-003  0.78539909758688742     
  -4.3500314461653034E-011  -1.6529000390619331E-012  -2.3242999351054759E-014  -9.2081398110188672E-003  0.78539909756370641     
  -4.0430325753959551E-011  -4.1597836286655365E-012  -1.9892149430865239E-014  -8.8147907266065140E-003  0.78539909756133675     
  -3.4626079781219232E-011  -2.0559998148428349E-011  -2.3445965754048153E-014  -8.4105665376696948E-003  0.78539909749786452     
  -2.5103474854404340E-011  -2.9733104867091242E-011  -2.4974584371798950E-014  -8.0157035976675672E-003  0.78539909746149217     
  -1.5131895736431034E-011  -2.1886936707460336E-011  -2.0937334883209576E-014  -7.6483561502524999E-003  0.78539909743763225     
  -1.5258905250448151E-011  -2.7222224474598988E-011  -2.7782148234478845E-014  -7.3230038229210592E-003  0.78539909743479819     
  -9.4555474561275332E-012  -3.0794478078632892E-011  -2.0643803506469686E-014  -7.0494288282465511E-003  0.78539909738049474     
  -1.2954082251326327E-012  -2.9382274391309693E-011  -1.8936151138898316E-014  -6.8321038207597162E-003  0.78539909735199209     
   9.3969276804273250E-012  -1.5552004128949193E-011  -1.8074066963799424E-014  -6.6700766479175222E-003  0.78539909733502178     
   1.0040857034709916E-011  -1.9054091637826787E-011  -2.0372258665039445E-014  -6.5570655514695098E-003  0.78539909733240787     
   2.0944579404158503E-011  -1.4146461779773745E-011  -2.3464833297871548E-014  -6.4818560506254563E-003  0.78539909734937141     
   3.8872904895015381E-011  -8.8671292530762003E-012  -2.5329094019733807E-014  -6.4290376182412068E-003  0.78539909733536573     
   4.0919712063214320E-011  -1.6628032284415895E-011  -2.4124877997014371E-014  -6.3801556748948052E-003  0.78539909733309954     
   5.1215920393588021E-011  -1.1744827332904606E-011  -1.8298502090117750E-014  -6.3154205830220356E-003  0.78539909735307345     
   6.1051608213347208E-011  -1.1515233211412124E-011  -2.1438038382943667E-014  -6.2157016573167745E-003  0.78539909733673419     
   5.5043081204075861E-011  -2.3132606941089762E-011  -2.4108821365565605E-014  -6.0645194511970146E-003  0.78539909733466529     
   5.7872373560030610E-011  -1.2065459742416351E-011  -2.0619531340206783E-014  -5.8497861044464194E-003  0.78539909736055225     
   5.0225157366412532E-011  -1.0448975018562123E-011  -2.0346547624255453E-014  -5.5648949227706801E-003  0.78539909733756019     
   3.6834091332593744E-011  -1.6530332658248881E-011  -1.9604120064381200E-014  -5.2090646636959725E-003  0.78539909733541668     
   3.7027270138878521E-011   3.8502534494000429E-012  -2.0073204371719103E-014  -4.7871228225959683E-003  0.78539909736702107     
   2.1175505793280536E-011   1.0058176513894068E-011  -1.8620572018581974E-014  -4.3087808959061391E-003  0.78539909733651214     
   1.3077983140874494E-011   5.8757443355261785E-012  -2.5377017061050301E-014  -3.7875853081041910E-003  0.78539909733407576     
   1.2928325077155023E-011   2.1337154265665959E-011  -1.5203752694375618E-014  -3.2397439154125962E-003  0.78539909736816282     
   4.4186876380081230E-012   3.0710101128761380E-011  -2.0767534566263516E-014  -2.6827521738814752E-003  0.78539909733318181     
   1.9801937867214292E-012   1.8663293133158732E-011  -1.2709381406860829E-014  -2.1338907745493962E-003  0.78539909733039570     
   3.2769342794836120E-012   2.8038904531513253E-011  -1.8049485866606051E-014  -1.6087767547916521E-003  0.78539909736243529     
  -5.6590288011193479E-012   3.3409719435439911E-011  -1.6499464386584910E-014  -1.1200442681849054E-003  0.78539909732837021     
  -1.9199308809447757E-011   1.2200906951420620E-011  -1.5244736280109285E-014  -6.7638128662128594E-004  0.78539909703754629     
  -1.4424461625139884E-011   2.1902479829805088E-011  -1.9947776001363956E-014  -2.8202134254406985E-004  0.78539909703984645     
  -2.9735325313140493E-011  -1.0235368108624243E-011  -2.0641322364061709E-014   6.3222226745374144E-005  0.78539909703687805     
  -3.1244340448211005E-011   6.4597216464790108E-012  -2.1167024470898674E-014   3.6362794677069488E-004  0.78539909706031008     
  -4.1942005424289164E-011  -3.8924419243357988E-012  -2.3320432947219787E-014   6.2692886012882809E-004  0.78539909697391730     
  -5.2438053899095394E-011  -3.0622615554420918E-011  -2.9042351749097754E-014   8.6351421811503570E-004  0.78539909675664177     
  -3.7605030200893452E-011  -1.7609913527394383E-011  -1.9854844159936100E-014   1.0855101599500649E-003  0.78539909675977149     
  -4.3165027108216236E-011  -4.4887205064014779E-011  -1.8842483293074183E-014   1.3058134447687664E-003  0.78539909675757413     
  -3.3392399956255758E-011  -2.1680435224880057E-011  -1.7189560767697267E-014   1.5370724130083779E-003  0.78539909678182285     
  -4.1494363500760301E-011  -2.5499602429590595E-011  -2.0610705608663225E-014   1.7907953326501413E-003  0.78539909669752739     
  -4.6024517530440789E-011  -3.6258107627418212E-011  -1.9684142535394952E-014   2.0766059477423937E-003  0.78539909645603800     
  -1.9696688724479827E-011  -7.2519767968515225E-013  -2.2634237097274231E-014   2.4017425660516345E-003  0.78539909646720241     
  -2.5323299013280121E-011  -2.5489832466973894E-011  -2.6463539523093902E-014   2.7708098232608336E-003  0.78539909646524952     
  -1.8526957745734762E-011   8.5407236838364042E-012  -1.6301266837230628E-014   3.1855602884571788E-003  0.78539909649848405     
  -3.7121417051366734E-011   6.0018656711235963E-012  -1.3489682692655844E-014   3.6448135054811814E-003  0.78539909637627559     
  -4.5578207874541476E-011  -4.7681858461601223E-012  -1.7932127718648209E-014   4.1443750771819055E-003  0.78539909606114522     
  -2.0928148103394051E-011   2.0927259924974351E-011  -2.5493777043969825E-014   4.6771138457546435E-003  0.78539909593510904     
  -1.2430056983703253E-011  -8.0424555903846340E-013  -2.4285068679882536E-014   5.2333317738142426E-003  0.78539909593254376     
   1.5489387550360334E-011   4.8026915777654722E-011  -2.3331179883860719E-014   5.8013833383396829E-003  0.78539909596736368     
  -6.2603255912563327E-012   3.3390179510206508E-011  -2.4451734084317331E-014   6.3685821328349768E-003  0.78539909592844315     
   2.7562396809344136E-011   5.4154902784375736E-011  -2.5932414122965367E-014   6.9222256546148664E-003  0.78539909592619273     
   4.6915360485400015E-011   6.5011995786790067E-011  -2.5525992643456762E-014   7.4506710956656619E-003  0.78539909595760593     
   1.4002576875782324E-011   6.9420025283761788E-012  -2.2384195240031258E-014   7.9442704483687621E-003  0.78539909592136126     
   4.2305270397946515E-011   1.7366108551186699E-011  -2.6659442650970029E-014   8.3960699731102650E-003  0.78539909591924617     
   5.5524917996763179E-011   6.3711702580349083E-011  -1.7080308397887982E-014   8.8023310763234441E-003  0.78539909594593893     
   2.3050450437267500E-011   3.5437430767615297E-011  -2.5233464003391349E-014   9.1627081369840546E-003  0.78539909591451729     
   5.2408299922035440E-011   2.7620572495834494E-011  -2.1271316113358056E-014   9.4800437808926219E-003  0.78539909591272106     
   5.2693849283969030E-011   2.6417978915560525E-011  -2.2636721759355843E-014   9.7599506589376439E-003  0.78539909585773893     
   2.2581936320875684E-011  -1.4429346606448235E-011  -2.7072725041930908E-014   1.0009986987261854E-002  0.78539909582215817     
   1.6726175999792758E-011  -1.6497025967510126E-011  -2.7368992070089628E-014   1.0238792932621532E-002  0.78539909579718703     
   4.7046366802305783E-011  -1.0030198893673514E-011  -2.3746725725086155E-014   1.0455160592067081E-002  0.78539909579606548     
   5.8016702553231880E-011  -6.0040861171728466E-012  -2.8189693949542689E-014   1.0667292678207652E-002  0.78539909575006250     
   3.8430592042004719E-011  -6.5083938238785777E-011  -2.1963213999408689E-014   1.0882168076750798E-002  0.78539909571794575     
   3.4872549292686017E-011  -7.5474737570857542E-011  -2.8592255044705214E-014   1.1105237697820236E-002  0.78539909569374933     
   6.4204197514072803E-011  -4.2965631052993558E-011  -2.1869704874520385E-014   1.1340220905286191E-002  0.78539909569327837     
   6.3349325785111432E-011  -2.4133584020091803E-011  -2.6447561989292334E-014   1.1589109747419890E-002  0.78539909564140098     
   2.3887558597834868E-011  -8.0150996950578701E-011  -2.2791728133530307E-014   1.1852181748630564E-002  0.78539909560255905     
   1.7821299991283013E-012  -6.8859584700931009E-011  -2.7182401420578636E-014   1.2128205179092522E-002  0.78539909557180609     
   2.9819258173802154E-011   1.8829382497642655E-013  -2.4531553566819629E-014   1.2414574501438125E-002  0.78539909557145571     
   3.0719427002168231E-011   3.6274094838972815E-011  -2.6987912583001519E-014   1.2707486324714079E-002  0.78539909550964337     
  -6.3504757008558954E-012  -1.6781243061814166E-011  -3.3934188629936322E-014   1.3001973459145333E-002  0.78539909546363651     
   3.3625546791427041E-011   6.9712235983843129E-011  -1.6070761713160490E-014   1.3292058249672944E-002  0.78539909542923303     
   3.5730529646116338E-011   7.9484863135803607E-011  -2.4624323028155851E-014   1.3570866419968741E-002  0.78539909542879316     
   2.1967760943653047E-011   6.9572791971950210E-011  -2.1360809913897747E-014   1.3830926242342834E-002  0.78539909536903196     
  -1.6741275032927661E-011  -4.6869175207575609E-012  -2.0043072437454186E-014   1.4064503443352638E-002  0.78539909532490149     
   1.1545875366891778E-011   7.9967144017700775E-011  -2.5797509575255177E-014   1.4264189637029467E-002  0.78539909529289076     
   8.0073725428064790E-012   9.0050633616556297E-011  -2.4091622420899279E-014   1.4423438172276537E-002  0.78539909529264729     
  -1.2343903676992340E-011   8.1151974029580742E-011  -2.0552695662293460E-014   1.4537121777794315E-002  0.78539909524504437     
  -4.8417270193112927E-011   1.0514256132410083E-011  -2.4982241829396196E-014   1.4601839260585336E-002  0.78539909520863083     
  -4.2503778274749493E-012   8.6959772715999861E-011  -2.4510945721693392E-014   1.4616164281735067E-002  0.78539909518254114     
   8.2365225750891113E-012   5.2234661040984065E-011  -2.2726369953381456E-014   1.4580557331579369E-002  0.78539909518267892     
  -5.8535398750336753E-012  -1.7852386235972517E-013  -2.5155685966048636E-014   1.4497118806223508E-002  0.78539909515028217     
  -4.2559289425980751E-011  -8.9382723444941803E-011  -2.3031352052941951E-014   1.4369035849748801E-002  0.78539909512316863     
   7.9385387152797193E-012  -8.1090689718621434E-013  -2.5444440197004432E-014   1.4200070766584361E-002  0.78539909510383210     
   8.2938100831597694E-012  -4.6076920057203097E-011  -2.3434472753377686E-014   1.3993945275779573E-002  0.78539909510402184     
   1.6090018206682544E-011  -4.4910741792136832E-011  -1.4674476244481188E-014   1.3753896346738959E-002  0.78539909508410954     
   8.6317619718556671E-012  -5.3734794391857577E-011  -2.0007671065254559E-014   1.3482279595051327E-002  0.78539909506419670     
   1.6842305328168550E-011  -1.9700685527368478E-011  -2.2850335789441243E-014   1.3180490462942673E-002  0.78539909504837058     
   2.3209878463603673E-011  -5.1610271611934877E-011  -2.4796318393863927E-014   1.2848929168226997E-002  0.78539909504918926     
   2.1857404775005307E-011  -7.6910033897092944E-011  -1.8841306874343176E-014   1.2487118522964913E-002  0.78539909502949268     
   4.3138825844835083E-012  -8.3909768022749631E-011  -2.5238608930823133E-014   1.2093733903043802E-002  0.78539909503375005     
   4.7970516448003764E-012  -1.0370371228418662E-011  -2.3113877658893791E-014   1.1666802229706397E-002  0.78539909501476901     
  -6.5725203057809267E-012   1.3558043576722412E-011  -2.4528751991334134E-014   1.1203652308110712E-002  0.78539909501580163     
  -5.3559379153966802E-012   6.2919447429976572E-011  -2.5551738764818635E-014   1.0701011328447807E-002  0.78539909498932137     
  -3.6788350143979187E-012   7.7086781402613269E-011  -2.5174586103520613E-014   1.0154941581665300E-002  0.78539909499456417     
   9.3494101349733683E-012   1.0693490537505568E-010  -2.1765169492040596E-014   9.5609783219241518E-003  0.78539909497185079     
  -5.7680527021375383E-012   5.8890670118216804E-011  -2.4799373810739304E-014   8.9141708110884732E-003  0.78539909497281601     
  -5.7167603983998561E-012   6.3448801768117846E-011  -2.2005966682247679E-014   8.2093527338640282E-003  0.78539909497415483     
  -1.4649614854533866E-011   3.3680613853448449E-011  -1.7828185522536652E-014   7.4414105303467482E-003  0.78539909497550564     
  -6.8549610432455665E-012   5.8775206923655787E-011  -2.2480976297094512E-014   6.6056133064130718E-003  0.78539909497687377     
  -5.1858517480241062E-012   6.0270011204011098E-011  -1.5655829500138470E-014   5.6979077796074917E-003  0.78539909497825888     
  -5.7600590963602372E-012   5.2938986527806264E-011  -2.6026050427941307E-014   4.7151189938376414E-003  0.78539909497965865     
   7.0576877675421201E-012   4.7858605967121548E-011  -2.3988386014158328E-014   3.6550139740662013E-003  0.78539909498106875     
   2.3421042882887377E-011   2.0644819187509711E-011  -2.3397327170838080E-014   2.5162182805903155E-003  0.78539909498248850     
   2.9740876428263618E-011  -3.4013680760835996E-011  -2.5277984480043520E-014   1.2980045867076184E-003  0.78539909498392224     
   2.6873836489471614E-011  -8.0782491806985490E-011  -2.0375469622241957E-014  -2.1787005392721594E-016  0.78539909498537996     
