 force-1force-2force-3workmass
   1.1546319456101628E-014   4.4408920985006262E-015  -2.1618456724884384E-014   0.0000000000000000       0.78539909798813223     
  -3.8908876121013236E-011  -1.4086928513230568E-003  -2.2604248975329472E-014  -2.1024740805942544E-007  0.78539909798821939     
  -4.0099923381831104E-011  -5.4721922905431875E-003  -2.1777075257361559E-014  -3.2504822205800879E-006  0.78539909798823682     
  -7.2732042610823555E-011  -1.2242025822650326E-002  -2.3780485733643900E-014  -1.6278833837679238E-005  0.78539909798840168     
  -5.5811355537116469E-011  -2.1685387123257627E-002  -2.3483763096069471E-014  -5.1004030513899894E-005  0.78539909798848506     
  -6.0607963092706996E-011  -3.3872665877802355E-002  -2.2580464209316017E-014  -1.2384693461572546E-004  0.78539909798858420     
  -8.5904616753396112E-012  -4.8853747112989510E-002  -2.0688307527532849E-014  -2.5589592737785063E-004  0.78539909798855123     
  -9.5390362275793450E-013  -6.6644100916693372E-002  -2.1779221515227131E-014  -4.7268994677689483E-004  0.78539909798817054     
  -8.7483353894413085E-011  -8.7255632772981873E-002  -2.4483337200311318E-014  -8.0414791163585173E-004  0.78539909798779250     
   2.5161206451684848E-011 -0.11067364271926872       -2.1103713490500742E-014  -1.2841739448823178E-003  0.78539909798707364     
   9.6743058008996741E-011 -0.13681982018036409       -2.4603401141740537E-014  -1.9496824375701549E-003  0.78539909798700425     
   6.9468875096845295E-012 -0.16554260421111611       -2.5771967347727015E-014  -2.8393453617780035E-003  0.78539909798483998     
   2.6640911698905256E-011 -0.19669091292628949       -2.2234018612911866E-014  -3.9936122960553058E-003  0.78539909798542251     
   7.7366557604818809E-011 -0.23018422794585813       -2.0331313812173901E-014  -5.4558841168296374E-003  0.78539909798322127     
   2.8584246081209130E-011 -0.26592492603768658       -2.2243233284191247E-014  -7.2709193277222112E-003  0.78539909798318042     
  -1.2732037646401295E-012 -0.30355267161986443       -1.8890045780749661E-014  -9.4765349671326604E-003  0.78539909797886120     
   7.3124173383121160E-011 -0.34224700048138379       -2.2052186414514595E-014  -1.2090902033006320E-002  0.78539909797956220     
   1.1191669813115368E-010 -0.38077290661934349       -2.1899451269153325E-014  -1.5103452534282996E-002  0.78539909797664320     
   1.2726752984804079E-010 -0.41775986954688271       -2.1501100852979154E-014  -1.8475847990580496E-002  0.78539909797628527     
   1.4254952773740115E-010 -0.45203766643191168       -2.5062817776374411E-014  -2.2152444871745391E-002  0.78539909797430296     
   1.3604983806203563E-010 -0.48284707168482166       -2.2749788425954885E-014  -2.6073741870980216E-002  0.78539909797415741     
   1.2953504935353521E-010 -0.50985872181239689       -2.2342078459989073E-014  -3.0185803230861535E-002  0.78539909797318519     
   2.0804336031687853E-010 -0.53304590156634735       -2.3949938072751558E-014  -3.4442227883807908E-002  0.78539909797283824     
   1.6310730543978025E-010 -0.55252224713170017       -2.1961395941397237E-014  -3.8800736674261982E-002  0.78539909797278895     
   8.1039175370278826E-011 -0.56842931026608934       -2.3589334799575902E-014  -4.3218817318150859E-002  0.78539909797279162     
   8.3320017552068748E-011 -0.58089769863605412       -2.4605942760207404E-014  -4.7651764341238717E-002  0.78539909797194041     
   7.2432282394174763E-011 -0.59004724413476684       -2.2914596550744080E-014  -5.2052787783081478E-002  0.78539909797092700     
   6.4335647920188421E-011 -0.59598652176733546       -2.1071310915876548E-014  -5.6373024124298066E-002  0.78539909796976803     
   6.9185546180960955E-011 -0.59880997127572400       -2.1687177468708387E-014  -6.0561245254941443E-002  0.78539909796847973     
   6.4670491184415368E-011 -0.59862214935104241       -2.1783001393137818E-014  -6.4566337440241872E-002  0.78539909796850271     
   6.0444982352692023E-011 -0.59561173869644790       -2.3208207988999812E-014  -6.8346447015416145E-002  0.78539909796853424     
   5.4236171109778297E-011 -0.59015972765364699       -2.2003018165436192E-014  -7.1885438406375901E-002  0.78539909796857343     
   3.5718095148240536E-011 -0.58292538747388933       -2.5457606606230993E-014  -7.5211365193430912E-002  0.78539909796862095     
   6.8705041655903187E-012 -0.57485008829191164       -2.4560896341047056E-014  -7.8407971205274707E-002  0.78539909796867713     
  -2.8811619756652362E-011 -0.56705410295425995       -2.2101873155329788E-014  -8.1611560605383271E-002  0.78539909796874174     
  -6.4399152677196980E-011 -0.56065667772427430       -2.1353432272984615E-014  -8.4992048238764051E-002  0.78539909796881258     
  -9.2207574908798051E-011 -0.55658919607908119       -1.9089717230421737E-014  -8.8724770568573863E-002  0.78539909796888829     
  -1.1073009176243431E-010 -0.55547167818701171       -2.3659902860117460E-014  -9.2963878929296972E-002  0.78539909796896423     
  -1.1778178432564346E-010 -0.55758719854632099       -2.1137971598156417E-014  -9.7826443636158888E-002  0.78539909796903506     
  -1.1219780660098877E-010 -0.56294234121007536       -1.8091365325313678E-014 -0.10339041259339987       0.78539909796909757     
  -9.3540730716767939E-011 -0.57137195663086171       -1.8647764011140139E-014 -0.10970341567312436       0.78539909796914742     
  -6.0778049260079570E-011 -0.58264390636316943       -2.3497308256287538E-014 -0.11679636048663089       0.78539909796816287     
  -3.0721203359007632E-011 -0.59653600439573440       -2.3999709783961515E-014 -0.12469630714285818       0.78539909796747687     
  -1.3258283360073619E-011 -0.61287345992926134       -2.4991023257122309E-014 -0.13343465647743424       0.78539909796708396     
  -9.8134833592666837E-012 -0.63152685680895182       -2.2188974651452534E-014 -0.14304841138951074       0.78539909796706664     
  -1.0603073974380095E-011 -0.65237190289233249       -2.6905165160537437E-014 -0.15357242326524867       0.78539909796703189     
  -6.4379612751963577E-012 -0.67521940353030985       -2.5764696714210044E-014 -0.16502227178400097       0.78539909796698204     
   2.4962254485672020E-012 -0.69973239863370740       -2.5767616604154293E-014 -0.17737009266976933       0.78539909796692164     
   2.0587975768648903E-011 -0.72536031485442809       -2.4135586273108639E-014 -0.19052023885840652       0.78539909796685892     
   4.7766235411472735E-011 -0.75132175732765072       -2.1846390459539412E-014 -0.20429434083067233       0.78539909796680329     
   8.2741813400843967E-011 -0.77665481318456075       -1.8554361181445118E-014 -0.21843416620815881       0.78539909796676621     
   1.2204681709704346E-010 -0.80032893651230719       -2.2204722116450563E-014 -0.23262500926230967       0.78539909796675844     
   1.6017231985188118E-010 -0.82138741903323620       -2.0874387205425535E-014 -0.24653450549831180       0.78539909796678664     
   1.9154589026015856E-010 -0.83907692530654598       -1.9172582762647806E-014 -0.25985562092126513       0.78539909796685370     
   2.1088331081386968E-010 -0.85292642280475306       -1.8013551052097556E-014 -0.27234111265440353       0.78539909796695795     
   2.1577095665747947E-010 -0.86275799242125473       -2.5039214037775210E-014 -0.28382041831933091       0.78539909796709451     
   2.0757617846811627E-010 -0.86863600319022582       -2.1834778046995042E-014 -0.29419659064849046       0.78539909796725549     
   1.9038415288719079E-010 -0.87077890563564520       -2.7234469520114799E-014 -0.30342748125799335       0.78539909796743590     
   1.7036771993161892E-010 -0.86946469647147984       -2.5173230802393682E-014 -0.31149963894605182       0.78539909796762974     
   1.5291634625214101E-010 -0.86495792371946223       -2.3360335481150838E-014 -0.31840463480843573       0.78539909796783358     
   1.4187140351396010E-010 -0.85747669152184747       -2.6245785190942302E-014 -0.32412618939525695       0.78539909796804652     
   1.3625900407987501E-010 -0.84720588319514301       -2.0843783859536484E-014 -0.32864323477523438       0.78539909796826723     
   1.3335510473666545E-010 -0.83434983266361185       -2.0927608994436896E-014 -0.33194941832454972       0.78539909796849627     
   1.2679546301797018E-010 -0.81920579270111205       -2.0992661231193126E-014 -0.33408420554895413       0.78539909796873486     
   1.1197132110396524E-010 -0.80223159834371804       -2.4524369812855228E-014 -0.33516594393521992       0.78539909796898399     
   8.5901508128927162E-011 -0.78408029028421122       -2.6566477637135158E-014 -0.33541484667814192       0.78539909796924634     
   4.9690918046962906E-011 -0.76558304279380707       -2.1753982928250445E-014 -0.33515541330818688       0.78539909796952212     
   5.7904792072349665E-012 -0.74767787233208738       -2.8787003826080233E-014 -0.33479351539764735       0.78539909796981133     
  -4.0119463307064507E-011 -0.73129984222141520       -2.4414757914470765E-014 -0.33477151657275406       0.78539909797011020     
  -8.1783912975197381E-011 -0.71726179403929446       -2.5900110361346104E-014 -0.33551229418962136       0.78539909797041030     
  -1.1419709622373375E-010 -0.70615780827917218       -2.6772519688541142E-014 -0.33736689290537414       0.78539909797070240     
  -1.3271650445290106E-010 -0.69831371643638107       -2.6656161118784277E-014 -0.34057929626077366       0.78539909797097418     
  -1.3703571610790277E-010 -0.69379359805101215       -2.1901789821901278E-014 -0.34527609718046115       0.78539909797121588     
  -1.2900258639092499E-010 -0.69245424686548462       -2.4460732749519583E-014 -0.35148094691727350       0.78539909797141871     
  -1.1377387920674664E-010 -0.69402666298543858       -2.6032129282432979E-014 -0.35914630561503125       0.78539909797157959     
  -9.5342844730339493E-011 -0.69819803215819931       -2.2543244030420516E-014 -0.36819036852092735       0.78539909797169871     
  -7.9102946415332553E-011 -0.70467001175045851       -2.6033039006892883E-014 -0.37852618087196932       0.78539909797177909     
  -6.6037397772333861E-011 -0.71317802676278852       -2.6636017400243422E-014 -0.39007290003241413       0.78539909797182750     
  -5.5268678522679693E-011 -0.72346904043130600       -2.5153004623309881E-014 -0.40274508624153960       0.78539909797185203     
  -4.3265391269642350E-011 -0.73524858167328766       -2.2854994502354913E-014 -0.41642329063873929       0.78539909797186347     
  -2.6344260106725415E-011 -0.74811809847733057       -2.4284816605333731E-014 -0.43091602472294332       0.78539909797187168     
  -2.4646951146678475E-013 -0.76152778095102391       -2.6598032337235966E-014 -0.44592725154565649       0.78539909797189222     
   3.6279423909491015E-011 -0.77476613422175289       -2.4148304369656294E-014 -0.46104318255587984       0.78539909797193697     
   8.2578388571619143E-011 -0.78699649652028869       -2.7274794604061405E-014 -0.47574705536235640       0.78539909797201934     
   1.3436673995670390E-010 -0.79733575956605485       -2.1912873918523118E-014 -0.48946209739633617       0.78539909797214724     
   1.8639267906905843E-010 -0.80495678638706147       -1.8830768245793790E-014 -0.50161385241701262       0.78539909797232299     
   2.3221291556296819E-010 -0.80918822027560333       -1.9413546902706372E-014 -0.51169664459703812       0.78539909797254226     
   2.6769075844867984E-010 -0.80958615198583361       -2.0145794745827749E-014 -0.51932745527627189       0.78539909797279484     
   2.8889957093269913E-010 -0.80596092933559493       -2.2433007363703235E-014 -0.52427436068908806       0.78539909797306617     
   2.9667024392665553E-010 -0.79835597533781266       -2.3700860275782673E-014 -0.52645449191417626       0.78539909797334273     
   2.9350077923595563E-010 -0.78698924259440917       -2.4362560458719148E-014 -0.52590556136371247       0.78539909797361318     
   2.8309088406786032E-010 -0.77217767427334438       -1.5418597264634702E-014 -0.52274247146376140       0.78539909797387031     
   2.6916868733906085E-010 -0.75426818825511699       -2.5502616593018850E-014 -0.51711420157669941       0.78539909797411278     
   2.5529534042334490E-010 -0.73359478065859074       -2.6872170403284025E-014 -0.50917511594777487       0.78539909797434193     
   2.4132784659514073E-010 -0.71047184034850730       -2.6259267077823895E-014 -0.49907946991489505       0.78539909797456353     
   2.2636914565055122E-010 -0.68522157123063288       -2.0696426031354661E-014 -0.48699981857806929       0.78539909797478469     
   2.0726442784280152E-010 -0.65822209464359682       -2.5281763194459989E-014 -0.47316163629035612       0.78539909797501151     
   1.8050760886012540E-010 -0.62995570415677804       -2.5145038746308356E-014 -0.45788031127676021       0.78539909797524998     
   1.4442713691664721E-010 -0.60103610202364965       -2.7561634059645420E-014 -0.44158483037338803       0.78539909797550511     
   9.8398622583317774E-011 -0.57219961729811653       -1.7591689386547217E-014 -0.42481573002226414       0.78539909797577812     
   4.4959147516010489E-011 -0.54425658870430516       -2.5916639037747282E-014 -0.40819244152822742       0.78539909797606566     
  -1.1117329279386468E-011 -0.51801176333795640       -1.7485742624430892E-014 -0.39235467133742752       0.78539909797636032     
  -6.3611338418922969E-011 -0.49417258993135826       -1.9248027962306341E-014 -0.37789081448496731       0.78539909797664786     
  -1.0716050269365951E-010 -0.47326839244745278       -2.0189112168898593E-014 -0.36527079331581813       0.78539909797691265     
  -1.3667689202634392E-010 -0.45560033286409762       -1.5639318797067700E-014 -0.35479967041858140       0.78539909797713670     
  -1.5020562571521623E-010 -0.44123296380957067       -2.0368214772277480E-014 -0.34660228160253803       0.78539909797730667     
  -1.4801848635670467E-010 -0.43002609911899770       -1.6141125164613429E-014 -0.34064001410392430       0.78539909797741392     
  -1.3316547864405948E-010 -0.42169454275960705       -9.7688241998313929E-015 -0.33675166219881447       0.78539909797745755     
  -1.0883338674716470E-010 -0.41587627279150485       -1.5035745164455383E-014 -0.33470387836296922       0.78539909797744423     
  -7.7867046144319829E-011 -0.41218886884329509       -1.2704859439982952E-014 -0.33423498863712942       0.78539909797738738     
  -4.2411407719100680E-011 -0.41025927850695476       -1.1951211940912068E-014 -0.33507926572055613       0.78539909797730378     
  -1.6351364706679306E-012 -0.40972163100828007       -1.8237076621607925E-014 -0.33696602939483622       0.78539909797721008     
   4.5470294196547911E-011 -0.41018871536391721       -8.5434632008281986E-015 -0.33959687820465279       0.78539909797712315     
   1.0309531006669204E-010 -0.41121161504972248       -3.5829472513256714E-015 -0.34261216259518656       0.78539909797705743     
   1.7343193547958435E-010 -0.41224613725807924        5.1420106952288304E-015 -0.34556202658748836       0.78539909797702412     
   2.5811841553036174E-010 -0.41264282603919300        1.9677277321669920E-015 -0.34789658761597986       0.78539909797703000     
   3.5668490383500284E-010 -0.41167007431253211        1.6271788157708027E-014 -0.34898424875681355       0.78539909797707630     
   4.6576875689652297E-010 -0.40856942202792146        2.1501872050115640E-014 -0.34815844942923047       0.78539909797715746     
   5.8052629370308750E-010 -0.40263183794941870        2.9263478657441391E-014 -0.34478411126386588       0.78539909797726337     
   6.9625905041448277E-010 -0.39327688951318862        4.2566730626842517E-014 -0.33832853746806624       0.78539909797737673     
   8.0781692446407760E-010 -0.38011536502518650        4.3076629794483116E-014 -0.32841967538176364       0.78539909797747831     
   9.1231600052310569E-010 -0.36298047856017668        5.6329972589171347E-014 -0.31487803330602526       0.78539909797755014     
   1.0114185045040358E-009 -0.34192173564630890        6.2680477700479858E-014 -0.29771604213153902       0.78539909797757856     
   1.1063585603210413E-009 -0.31716601391417498        7.7392841705339012E-014 -0.27710786706531199       0.78539909797755647     
   1.2031824425662307E-009 -0.28905918154393717        9.5646267476305176E-014 -0.25334071659891855       0.78539909797748653     
   1.3078889082862588E-009 -0.25800602767085357        1.2104430621195229E-013 -0.22676311025759199       0.78539909797737606     
   1.4270882253697437E-009 -0.22442519411762651        1.4707051845278025E-013 -0.19774507819053433       0.78539909797723972     
   1.5667200869984299E-009 -0.18872967157478682        1.8903544978674807E-013 -0.16666014278742969       0.78539909797709195     
   1.7306440724951244E-009 -0.15133427168785030        2.1726423532640999E-013 -0.13389087819602308       0.78539909797694873     
   1.9221624292242723E-009 -0.11268221024831160        2.6232754191329240E-013  -9.9851453184510053E-002  0.78539909797682106     
   2.1472814637490956E-009  -7.3276426826836438E-002   3.1442505700039941E-013  -6.5014509702110868E-002  0.78539909797671847     
   2.4100978990304611E-009  -3.3699520630373403E-002   3.7398484428244699E-013  -2.9927929255585628E-002  0.78539909797664587     
   2.7199229535312952E-009   5.3903036187485931E-003   4.4422468555401281E-013   4.7899531629007619E-003  0.78539909797660401     
   3.0870488387790829E-009   4.3292265183926926E-002   5.3111129420618595E-013   3.8481293161630958E-002  0.78539909797658947     
   3.5259626329775529E-009   7.9320702223201867E-002   6.3058572686803454E-013   7.0501985191433469E-002  0.78539909797659468     
   4.0520000688104574E-009  0.11287508711924410        7.4804651317797431E-013  0.10028598755897722       0.78539909797660912     
   4.6893888772103764E-009  0.14350576667549664        8.9240034986378189E-013  0.12740556770063760       0.78539909797581553     
   5.4444333486003416E-009  0.17095942021739896        1.0547626861690472E-012  0.15161284016835452       0.78539909797563467     
   6.3520788629034541E-009  0.19519423837114980        1.2402307352208479E-012  0.17285347701262221       0.78539909797573915     
   7.4367578761780351E-009  0.21636258898000849        1.4575108459976010E-012  0.19125062736198517       0.78539909797034702     
   8.6069000815314212E-009  0.23476776735343563        1.7027108251867861E-012  0.20706517080573583       0.78539909796550833     
   1.0015320128786698E-008  0.25080902975168318        1.9830116343095694E-012  0.22064529368183017       0.78539909796090113     
   1.1489050599777784E-008  0.26492982611787141        2.3043397251967366E-012  0.23237895810207432       0.78539909796086171     
   1.3190466940926626E-008  0.27758284852317283        2.6719865334260868E-012  0.24266146886900275       0.78539909796061125     
   1.5195545710611214E-008  0.28921792483362241        3.0811148262508521E-012  0.25188336135269918       0.78539909796030649     
   1.7334740753938149E-008  0.30029180300896918        3.5174947775049752E-012  0.26043745027837106       0.78539909796064034     
   1.9633457970513746E-008  0.31129088982964026        4.0065665936388805E-012  0.26873680260814803       0.78539909796037533     
   2.2125045795462484E-008  0.32275296926533859        4.5210080053635413E-012  0.27723116428597283       0.78539909795959018     
   2.4762903283459536E-008  0.33527525907968014        5.0900223480952530E-012  0.28641090172037265       0.78539909795844665     
   2.7525390855487331E-008  0.34949970971765598        5.6825358218259749E-012  0.29679104687064717       0.78539909795716811     
   3.0374453618975394E-008  0.36607415895053297        6.3036593389913427E-012  0.30887507161450944       0.78539909795601526     
   3.3259069720514844E-008  0.38559582926872471        6.9346512924215583E-012  0.32310491599098778       0.78539909795525253     
   3.6117637325361329E-008  0.40854962904312364        7.5688176328942445E-012  0.33980870265884811       0.78539909795510954     
   3.8885289654899680E-008  0.43525599106386448        8.2036604968757611E-012  0.35915898919219824       0.78539909795526774     
   4.1489428781460447E-008  0.46584026471121831        8.8016185262101016E-012  0.38115143626724901       0.78539909795536322     
   4.3852564246549264E-008  0.50023106371209103        9.3765955092575131E-012  0.40560923156679962       0.78539909795539564     
   4.5902697642929979E-008  0.53818561246183449        9.8675825469883752E-012  0.43221040714074777       0.78539909795537355     
   4.7560546612146481E-008  0.57933427112177815        1.0307100695663594E-011  0.46053033697639778       0.78539909795531482     
   4.8751484627018726E-008  0.62323141719227015        1.0645079102402731E-011  0.49008799661181701       0.78539909795524299     
   4.9402377300111766E-008  0.66939936775567110        1.0857874321856599E-011  0.52038487654910570       0.78539909795518326     
   4.9452493655621765E-008  0.71735548277653072        1.0992231574848282E-011  0.55092901077236744       0.78539909795515894     
   4.8865017809873734E-008  0.76661890187514503        1.0979397323372155E-011  0.58124221024853906       0.78539909795519058     
   4.7624751253749764E-008  0.81670052644142954        1.0837412795821761E-011  0.61085442555397362       0.78539909795529161     
   4.5745234711347393E-008  0.86708558598705965        1.0562458347428313E-011  0.63929331492100161       0.78539909795547203     
   4.3257211590486122E-008  0.91722064832255690        1.0153519880838650E-011  0.66607829704665500       0.78539909795573559     
   4.0213815388767671E-008  0.96651549121340663        9.6292316900778077E-012  0.69072633651747983       0.78539909795608343     
   3.6691929938825751E-008   1.0143653465144795        9.0151469250530501E-012  0.71277221295809756       0.78539909795651197     
   3.2789968962276816E-008   1.0601922510544894        8.3224948838492671E-012  0.73180061681904873       0.78539909795701623     
   2.8626487846850068E-008   1.1034977640341239        7.5528341507166165E-012  0.74748290141037455       0.78539909795759089     
   2.4329376291376548E-008   1.1439151757808843        6.7554316827657192E-012  0.75960915104986149       0.78539909795822949     
   2.0031593273017734E-008   1.1812487920171368        5.9389679890800411E-012  0.76810702700913613       0.78539909795892848     
   1.5861708835274158E-008   1.2154910401363410        5.1527969503854495E-012  0.77304227372562773       0.78539909795968521     
   1.1936519328514805E-008   1.2468139857132505        4.3789628235144702E-012  0.77460064402015449       0.78539909796050278     
   8.3599860367655765E-009   1.2755385645172943        3.6568081833100667E-012  0.77305577237311374       0.78539909796138641     
   5.2151398755029277E-009   1.3020904058842357        3.0106593485963590E-012  0.76873073800674097       0.78539909796234175     
   2.6876252334773199E-009   1.3269539122957914        2.4399663202808115E-012  0.76196181682609421       0.78539909796300234     
   6.6857808178610867E-010   1.3506355018188509        1.9274430273518185E-012  0.75307113547812632       0.78539909796373608     
  -9.0733776048068648E-010   1.3736429356704289        1.5057215058067227E-012  0.74235132692042138       0.78539909796454399     
  -1.9227672787280881E-009   1.3964817431339402        1.1538941868617355E-012  0.73006110456601414       0.78539909796542107     
  -2.4471722426255837E-009   1.4196638234586079        8.5501595705883796E-013  0.71642731493713496       0.78539909796635599     
  -2.5265629588488991E-009   1.4437191777335965        6.3764277658475939E-013  0.70164752037852396       0.78539909796733476     
  -2.2145418832053565E-009   1.4692007195582972        4.5251245503613402E-013  0.68588790802164912       0.78539909796833740     
  -1.5870789127347962E-009   1.4966744737570381        3.2546499679486341E-013  0.66927391112782342       0.78539909796934571     
  -7.1702599413470125E-010   1.5266924163547611        2.1805108937265846E-013  0.65187437972412665       0.78539909797034124     
   3.2114089165702353E-010   1.5597511397448343        1.5414860502315747E-013  0.63368321504641045       0.78539909797130780     
   1.4563679151535780E-009   1.5962445668094820        8.1463475460414224E-014  0.61460404086435916       0.78539909797223484     
   2.6166251387849115E-009   1.6364215192637968        4.4048268198439988E-014  0.59444320824472330       0.78539909797311691     
   3.7309701994558964E-009   1.6803582913344650        2.2092162389444507E-014  0.57291437862432693       0.78539909797395535     
   4.7372932243661126E-009   1.7279527197897431        7.6942406663360062E-016  0.54965484835423362       0.78539909797475826     
   5.5812252597320366E-009   1.7789407145130327       -3.3420650442901122E-014  0.52425071542073221       0.78539909797553875     
   6.2222875740758354E-009   1.8329305016538333       -4.0203061243598512E-014  0.49626593332276769       0.78539909797631502     
   6.6299383760792807E-009   1.8894456416191652       -5.5754991391346644E-014  0.46526984855037723       0.78539909797710417     
   6.7951448912140222E-009   1.9479664369390766       -7.3644771924027925E-014  0.43085900838792446       0.78539909797792395     
   6.7189205310569378E-009   2.0079610097420564       -7.5123224618881979E-014  0.39267133317237046       0.78539909797878804     
   6.4110983188925275E-009   2.0689015146473189       -7.9669832016147221E-014  0.35039329832369026       0.78539909797970708     
   5.8804543456858482E-009   2.1302662988261818       -8.7953396918952059E-014  0.30376266004823860       0.78539909798068674     
   5.1407607060127702E-009   2.1915336242735965       -9.8683422989624748E-014  0.25256986713027491       0.78539909798173146     
   4.2120671395196041E-009   2.2521753230659463       -1.0175299459375654E-013  0.19666051225394085       0.78539909798284202     
   3.1219236085178181E-009   2.3116586299717481       -1.0320528046509092E-013  0.13593939739410763       0.78539909798401897     
   1.9103238990680893E-009   2.3694615172195732       -1.1768580154472112E-013   7.0374784157548151E-002  0.78539909798526075     
   6.2359228891750718E-010   2.4251021128925490       -9.9991208516208055E-014  -1.1846578492321853E-014  0.78539909798656815     
