 force-1force-2force-3workmass
  -3.9968028886505635E-015   1.0658141036401503E-014  -2.1490512560269842E-014   0.0000000000000000       0.78539817820995317     
  -1.9984014443252818E-014  -1.2623506786084704E-003  -1.8168060588489253E-014  -1.8840583878307685E-007  0.78539817820995328     
   4.0856207306205761E-014  -5.1091903091275981E-003  -1.6644205296211167E-014  -3.0348590436216766E-006  0.78539817820995339     
  -2.7533531010703882E-014  -1.1624556758505378E-002  -2.0164777640501593E-014  -1.5457754349620934E-005  0.78539817820995284     
  -5.4178883601707639E-014  -2.0882563043326030E-002  -2.1011613760849016E-014  -4.9115788277889760E-005  0.78539817820995328     
  -4.6629367034256575E-014  -3.2944863867431451E-002  -1.9488793427365184E-014  -1.2045465851528298E-004  0.78539817820995261     
  -7.3274719625260332E-014  -4.7857834734731597E-002  -1.9375950395340860E-014  -2.5067933834055367E-004  0.78539817820995239     
   2.2204460492503131E-014  -6.5650099287712038E-002  -1.8506582945556135E-014  -4.6563974172296463E-004  0.78539817820994617     
   3.1974423109204508E-014  -8.6326252417823213E-002  -1.8911584120997256E-014  -7.9558274228272441E-004  0.78539817820994906     
   4.8849813083506888E-015 -0.10986171621098606       -1.6329553965765090E-014  -1.2747529586251971E-003  0.78539817820994540     
   3.9968028886505635E-014 -0.13619746576666714       -1.9559534501371024E-014  -1.9408138871749858E-003  0.78539817820994529     
   6.6613381477509392E-015 -0.16523418083029640       -1.9722037820906347E-014  -2.8340553610560759E-003  0.78539817820992641     
   3.5971225997855072E-014 -0.19682466636922413       -1.8313615621108970E-014  -3.9963280259606715E-003  0.78539817820993285     
  -3.5527136788005009E-014 -0.23075743225356860       -2.3429997649236780E-014  -5.4694703486321550E-003  0.78539817820992486     
   3.0198066269804258E-014 -0.26674562830433146       -2.0928016974126933E-014  -7.2933589690970524E-003  0.78539817820992475     
   7.9491968563161208E-014 -0.30442582937996931       -2.0562161164253265E-014  -9.5037938609560113E-003  0.78539817820989066     
   6.5281113847959205E-014 -0.34327928223904536       -2.4217575380657772E-014  -1.2127370482941102E-002  0.78539817820983115     
   9.8587804586713901E-014 -0.38240863249108514       -1.9910540447240880E-014  -1.5168334009916906E-002  0.78539817820984559     
   3.3306690738754696E-014 -0.42038800902195561       -2.0204702144353532E-014  -1.8592080087005192E-002  0.78539817820983104     
   1.2523315717771766E-013 -0.45555159912911591       -2.3162871875147675E-014  -2.2324647779021767E-002  0.78539817820979352     
   1.5543122344752192E-014 -0.48665908540531788       -2.0465543142350885E-014  -2.6279590611887116E-002  0.78539817820980273     
   9.3258734068513149E-015 -0.51334478269590633       -1.9735643644436978E-014  -3.0392192850923982E-002  0.78539817820979285     
   6.7945649107059580E-014 -0.53593042431076299       -1.8591134099830152E-014  -3.4628608436415576E-002  0.78539817820979252     
   6.9722005946459831E-014 -0.55487163864958333       -2.0606174579389549E-014  -3.8965722106257594E-002  0.78539817820976254     
   8.6153306710912148E-014 -0.57039367662753904       -1.5265482241757904E-014  -4.3368172021344797E-002  0.78539817820975955     
   3.9968028886505635E-015 -0.58250558763522697       -1.9338112724426165E-014  -4.7783661485701456E-002  0.78539817820975688     
  -2.9309887850104133E-014 -0.59117761306437799       -2.0171536644912911E-014  -5.2152506669313370E-002  0.78539817820975411     
  -3.8635761256955448E-014 -0.59645558892712103       -2.0526009447777633E-014  -5.6417392131540511E-002  0.78539817820975166     
   8.8817841970012523E-016 -0.59848070434590639       -1.9379301601422081E-014  -6.0527944514727539E-002  0.78539817820974989     
  -7.8159700933611020E-014 -0.59748250553655602       -2.2276357819043308E-014  -6.4443417452788365E-002  0.78539817820974789     
   7.9047879353311146E-014 -0.59378501985968413       -1.9335475823713948E-014  -6.8136831028898337E-002  0.78539817820974633     
  -4.1300296516055823E-014 -0.58782247826554190       -1.6968395975671256E-014  -7.1600745654471165E-002  0.78539817820974545     
  -3.6859404417555197E-014 -0.58016164049327301       -2.3785840976133445E-014  -7.4854775503004234E-002  0.78539817820974445     
  -3.2418512319054571E-014 -0.57154552277698301       -2.1077519572665053E-014  -7.7957237556591785E-002  0.78539817820974422     
   1.5099033134902129E-014 -0.56295160561928981       -2.0799930769329694E-014  -8.1021120983939543E-002  0.78539817820974411     
  -3.0642155479654321E-014 -0.55558988189049074       -2.0872601309565398E-014  -8.4223953657835082E-002  0.78539817820974434     
  -9.3258734068513149E-015 -0.55073832182051063       -2.2175817829662030E-014  -8.7792094404762544E-002  0.78539817820974478     
  -3.9079850466805510E-014 -0.54941592646764903       -1.8563859834187321E-014  -9.1950386807605256E-002  0.78539817820974489     
   3.9968028886505635E-015 -0.55207051808942254       -2.0351872596104037E-014  -9.6858564116716117E-002  0.78539817820974445     
   3.4638958368304884E-014 -0.55851735784182210       -2.0052089636571847E-014 -0.10257771682924899       0.78539817820974334     
  -5.3734794391857577E-014 -0.56819743817768043       -1.7954770754903613E-014 -0.10909390813011699       0.78539817820974145     
   3.1974423109204508E-014 -0.58056949547799697       -2.0189717135113582E-014 -0.11638052563639789       0.78539817820973878     
  -3.8191672047105385E-014 -0.59535842376053694       -1.8313176336940374E-014 -0.12445015275236093       0.78539817820973501     
   2.1316282072803006E-014 -0.61253463878869852       -2.1287640156091644E-014 -0.13336088842341587       0.78539817820973079     
  -5.0182080713057076E-014 -0.63212308548725282       -2.2078560052923434E-014 -0.14318346433988971       0.78539817820974300     
   5.9507954119908391E-014 -0.65402526855320176       -1.8434318106946983E-014 -0.15396163587535439       0.78539817820972768     
   7.9936057773011271E-014 -0.67795222614635797       -1.7710211690433671E-014 -0.16569016816571702       0.78539817820972702     
  -1.9539925233402755E-014 -0.70344336226968096       -2.3088813566039530E-014 -0.17831075793736595       0.78539817820966396     
   3.5971225997855072E-014 -0.72990109166036277       -2.1408459058240067E-014 -0.19171290113114203       0.78539817820968083     
   1.1546319456101628E-014 -0.75660217226461057       -1.8937974482117155E-014 -0.20573015561752950       0.78539817820966096     
   8.4376949871511897E-015 -0.78269025351934118       -2.4530442991834930E-014 -0.22013163380231582       0.78539817820966029     
   3.4638958368304884E-014 -0.80717800797957118       -1.9713447375729142E-014 -0.23461577236085596       0.78539817820965951     
   1.0791367799356522E-013 -0.82899706460401745       -2.1051031467267163E-014 -0.24881849495850794       0.78539817820965863     
   3.5527136788005009E-014 -0.84712830358805924       -1.6951628315261909E-014 -0.26234907037686916       0.78539817820965785     
   5.7731597280508140E-014 -0.86080381641339443       -1.6893377250839967E-014 -0.27485638018842895       0.78539817820965707     
   3.5083047578154947E-014 -0.86970096795003116       -1.6622117349834234E-014 -0.28610444030031346       0.78539817820965618     
   7.7715611723760958E-014 -0.87400689428081080       -1.9281836446707954E-014 -0.29601564701018024       0.78539817820965574     
   7.6383344094210770E-014 -0.87428103069702878       -1.8615636485542547E-014 -0.30464781512179062       0.78539817820965507     
  -3.0642155479654321E-014 -0.87117125239572424       -1.8854526754049192E-014 -0.31211103991080513       0.78539817820965463     
   6.3948846218409017E-014 -0.86514719853631128       -1.4988578629009989E-014 -0.31847430984959502       0.78539817820965419     
   4.7073456244106637E-014 -0.85640518334682270       -1.8556600999224258E-014 -0.32372115930509970       0.78539817820965363     
   1.3411494137471891E-013 -0.84497575424677862       -2.1971461999340382E-014 -0.32777813597682304       0.78539817820965308     
   1.9984014443252818E-014 -0.83093119516765412       -1.7211832130120598E-014 -0.33058929972223083       0.78539817820965285     
  -8.8817841970012523E-015 -0.81455072965596464       -1.8872292145523005E-014 -0.33218580217696569       0.78539817820965252     
   3.9079850466805510E-014 -0.79636771720083388       -2.1363887584416795E-014 -0.33271606130476972       0.78539817820965219     
  -9.3258734068513149E-015 -0.77711994257677830       -1.7932988521770088E-014 -0.33243734043542084       0.78539817820965196     
   2.4424906541753444E-014 -0.75767106701254328       -1.9473807238371694E-014 -0.33169172437461469       0.78539817820965152     
  -4.4408920985006262E-015 -0.73895090750471226       -2.0782697302645052E-014 -0.33088577472291725       0.78539817820965130     
   4.5741188614556449E-014 -0.72191344253886669       -2.4123537832041141E-014 -0.33047464807167692       0.78539817820965085     
  -2.7533531010703882E-014 -0.70748027165241822       -2.0761960318230053E-014 -0.33093680858037988       0.78539817820965074     
  -2.2204460492503131E-014 -0.69644260246567136       -2.3347845810203063E-014 -0.33272545332797421       0.78539817820965052     
  -2.3092638912203256E-014 -0.68932910172030937       -2.0266052621033233E-014 -0.33619734917145117       0.78539817820965041     
  -1.5987211554602254E-014 -0.68628857433517609       -1.7548225663849211E-014 -0.34154111705794143       0.78539817820965008     
   2.2204460492503131E-015 -0.68705733844039507       -1.8136820626060692E-014 -0.34874154501127919       0.78539817820964974     
  -2.4868995751603507E-014 -0.69105734792682405       -2.2353277876651157E-014 -0.35760973851986932       0.78539817820964963     
   8.6597395920762210E-014 -0.69760356295758008       -2.1118446481323082E-014 -0.36787687890341303       0.78539817820964897     
  -5.0626169922907138E-014 -0.70612635257690926       -1.9241876985605780E-014 -0.37930848056103628       0.78539817820964863     
   2.6645352591003757E-015 -0.71629243051016012       -2.4605138693835450E-014 -0.39177632394064155       0.78539817820964797     
   5.1958437552457326E-014 -0.72796217108936290       -2.3403738376356257E-014 -0.40524634917505509       0.78539817820964763     
   8.5709217501062085E-014 -0.74101934934929048       -2.2394527989472931E-014 -0.41969168465547035       0.78539817820964686     
  -1.8207657603852567E-014 -0.75518147593918883       -1.8348922308736253E-014 -0.43498453014097294       0.78539817820964641     
  -2.2204460492503131E-015 -0.76989559479020642       -1.9211363719384469E-014 -0.45082718601960714       0.78539817820964597     
  -3.9079850466805510E-014 -0.78435679330465469       -2.3107500092383252E-014 -0.46675033441897540       0.78539817820964519     
  -3.3750779948604759E-014 -0.79761200893010553       -1.6593546565469236E-014 -0.48216423611533799       0.78539817820964464     
   3.2418512319054571E-014 -0.80868205279291594       -2.0869332036394316E-014 -0.49642726911209323       0.78539817820964386     
  -2.6201263381153694E-014 -0.81665780692203249       -1.9125973522874832E-014 -0.50890541649475551       0.78539817820964331     
  -5.0626169922907138E-014 -0.82076934744279129       -2.1024765965037213E-014 -0.51902006301023107       0.78539817820964264     
   3.9523939676655573E-014 -0.82045006027262346       -2.0897421260974532E-014 -0.52629635640074568       0.78539817820964197     
  -1.6875389974302379E-014 -0.81540672434137740       -2.5193630070455156E-014 -0.53041881255717094       0.78539817820964164     
   2.7977620220553945E-014 -0.80567591283980988       -2.0781400193579311E-014 -0.53128142889154439       0.78539817820964131     
  -4.5297099404706387E-014 -0.79162580377934688       -2.1951329993308476E-014 -0.52900394337554779       0.78539817820964097     
  -1.0658141036401503E-014 -0.77387236469514065       -2.1213104400727849E-014 -0.52388972900430986       0.78539817820964064     
  -3.5971225997855072E-014 -0.75312011383426913       -1.8035155235634191E-014 -0.51632710012295391       0.78539817820964042     
  -3.9079850466805510E-014 -0.72998694288079591       -1.9393063061144032E-014 -0.50667097978532460       0.78539817820964031     
   1.2434497875801753E-013 -0.70489547579771994       -2.1180683654355742E-014 -0.49516228571981991       0.78539817820964020     
   7.3274719625260332E-014 -0.67808790199913460       -2.0937040042076067E-014 -0.48192978609894155       0.78539817820963975     
  -3.4638958368304884E-014 -0.64975650131944640       -2.1104757230781995E-014 -0.46707616146048991       0.78539817820963964     
  -2.8421709430404007E-014 -0.62021733378694677       -2.2131632397103529E-014 -0.45080202303070394       0.78539817820963964     
   5.9952043329758453E-014 -0.59003232122469029       -2.0596343464022361E-014 -0.43350028659770956       0.78539817820963942     
   2.3536728122053319E-014 -0.56001902128299719       -1.8210827237927304E-014 -0.41577254189028956       0.78539817820963953     
  -1.6431300764452317E-014 -0.53115230387558299       -1.9331966339553897E-014 -0.39836422790668813       0.78539817820963931     
   5.2402526762307389E-014 -0.50441353867814342       -2.1000592919542195E-014 -0.38205504622314024       0.78539817820963920     
  -6.0840221749458578E-014 -0.48065155427059025       -2.0659064968005381E-014 -0.36755135964139463       0.78539817820963909     
  -3.1086244689504383E-015 -0.46049058843744817       -2.1761061730164623E-014 -0.35540882348631619       0.78539817820963909     
  -5.3290705182007514E-014 -0.44428372865803567       -2.3065818147043883E-014 -0.34598684225990084       0.78539817820963931     
   2.7533531010703882E-014 -0.43209414709792426       -1.9904102560996087E-014 -0.33942345548751973       0.78539817820963942     
   2.0428103653102880E-014 -0.42369633062414991       -2.4399817138249531E-014 -0.33562596394795463       0.78539817820963909     
   8.3488771451811772E-014 -0.41860830566124463       -2.1200528537081047E-014 -0.33428709278320845       0.78539817820963931     
   7.1942451995710144E-014 -0.41617062045775910       -2.0879259276759368E-014 -0.33494077407433664       0.78539817820963886     
  -8.9706020389712648E-014 -0.41566885500421336       -1.9595435050681800E-014 -0.33705683372531858       0.78539817820963886     
   1.5987211554602254E-014 -0.41646471878100044       -1.9889962897439157E-014 -0.34014755906438054       0.78539817820963886     
   3.6415315207705135E-014 -0.41808043360782676       -1.7838710416646977E-014 -0.34384053225067923       0.78539817820963864     
   8.0824236192711396E-014 -0.42019191455086613       -2.3211094143252188E-014 -0.34787856682432050       0.78539817820963853     
   1.1102230246251565E-014 -0.42252831831680382       -2.2129730725820374E-014 -0.35204098230232184       0.78539817820963820     
   1.4788170688007085E-013 -0.42472630107169707       -1.5944934325093240E-014 -0.35602342406294341       0.78539817820963798     
   8.2156503822261584E-014 -0.42621522291916492       -1.9044605275970168E-014 -0.35933939059800757       0.78539817820963775     
   6.9722005946459831E-014 -0.42619557267414621       -2.1010725480190809E-014 -0.36129792043190712       0.78539817820963764     
  -1.6520118606422329E-013 -0.42372479066331437       -1.8969801696548609E-014 -0.36107294904703124       0.78539817820963753     
   1.6875389974302379E-014 -0.41787207061754117       -2.6182338530877616E-014 -0.35783471874364636       0.78539817820963731     
   1.5587531265737198E-013 -0.40787745572477618       -1.9081576740635010E-014 -0.35088912351900703       0.78539817820963731     
   8.1268325402561459E-014 -0.39326166520404726       -2.1566301057291427E-014 -0.33977807873629828       0.78539817820963731     
   1.0524914273446484E-013 -0.37386742984779175       -2.0255551321092417E-014 -0.32432223764378776       0.78539817820963720     
  -1.6209256159527285E-013 -0.34984452439214309       -2.1190821994188221E-014 -0.30461452521157639       0.78539817820963675     
  -3.9968028886505635E-014 -0.32160131979253848       -1.9699393143048480E-014 -0.28098299270241078       0.78539817820963720     
  -5.8175686490358203E-014 -0.28973724963105951       -1.8824245938764241E-014 -0.25393499716864554       0.78539817820963709     
  -2.5313084961453569E-014 -0.25495918267159468       -1.5841934190298640E-014 -0.22408521914495694       0.78539817820963731     
  -1.1723955140041653E-013 -0.21798532604163512       -2.1345763509566391E-014 -0.19207079451115661       0.78539817820963709     
  -3.6859404417555197E-014 -0.17945415823524158       -1.8393702198978293E-014 -0.15846928247015057       0.78539817820963709     
   1.5631940186722204E-013 -0.13986980178312081       -2.1374390406408002E-014 -0.12374784895039426       0.78539817820963731     
   8.8817841970012523E-016  -9.9612632758837805E-002  -2.1690515503260352E-014  -8.8270066007646975E-002  0.78539817820963465     
   5.7731597280508140E-015  -5.9018916397334920E-002  -2.1308406608532240E-014  -5.2364533573534544E-002  0.78539817820963709     
  -3.6415315207705135E-014  -1.8496990744363728E-002  -2.2330128750875940E-014  -1.6426839909986057E-002  0.78539817820963709     
  -1.2789769243681803E-013   2.1377782201533080E-002  -2.7493808401895665E-014   1.8996810331058711E-002  0.78539817820965396     
  -3.9968028886505635E-015   5.9843426525286958E-002  -1.6933744324214500E-014   5.3193161183241244E-002  0.78539817820964963     
   2.0872192862952943E-013   9.6027530832436980E-002  -1.8582204422885794E-014   8.5351382009552168E-002  0.78539817820965330     
  -1.0613732115416497E-013  0.12909399227442719       -1.7107519580593423E-014  0.11469597794856945       0.78539817820965352     
  -6.0396132539608516E-014  0.15840326423233719       -1.6591347684369370E-014  0.14063168521157721       0.78539817820965907     
  -3.3750779948604759E-014  0.18362771904277864       -2.0403666450046418E-014  0.16284753412423214       0.78539817820966062     
  -5.3290705182007514E-015  0.20479011552027160       -1.7264110946094132E-014  0.18135106763851283       0.78539817820966606     
   2.2648549702353193E-014  0.22222856690461512       -1.4018906586902758E-014  0.19643577495825504       0.78539817820965951     
  -5.5067062021407764E-014  0.23651516413521279       -1.6135727719218690E-014  0.20860637476725685       0.78539817820963620     
   1.4832579608992091E-013  0.24835878603029116       -1.6769924013156365E-014  0.21848973035926988       0.78539817820964308     
   1.2922996006636822E-013  0.25851217078335864       -2.2781940666619540E-014  0.22674981440789033       0.78539817820963520     
   4.9737991503207013E-014  0.26769279302770599       -1.7703191779973377E-014  0.23401563427765382       0.78539817820963487     
   1.9539925233402755E-014  0.27652529441790819       -1.0528579471015667E-014  0.24082919721208640       0.78539817820963487     
  -1.1990408665951691E-014  0.28551744691695546       -1.6077954056544185E-014  0.24762392825894963       0.78539817820963476     
   1.3145040611561853E-013  0.29508152677870569       -2.1132419413472148E-014  0.25474329190500100       0.78539817820963465     
   1.6431300764452317E-014  0.30560053502873430       -1.5988083310907013E-014  0.26249794796707704       0.78539817820963442     
  -1.4166445794216997E-013  0.31751665800784679       -1.9332813824843312E-014  0.27124051020314788       0.78539817820963409     
   1.4388490399142029E-013  0.33140080409877726       -2.0303580373053759E-014  0.28142166888123299       0.78539817820963409     
   4.0412118096355698E-014  0.34796154633097132       -1.6686647442590588E-014  0.29359255471675816       0.78539817820963154     
   5.3290705182007514E-015  0.36797434690526387       -1.9785572893757613E-014  0.30833922832916372       0.78539817820963553     
  -9.7699626167013776E-014  0.39214799058754934       -1.6926277563119107E-014  0.32616673828324139       0.78539817820962909     
   6.2172489379008766E-015  0.42097549447055371       -2.4991511058310448E-014  0.34737519108965742       0.78539817820962909     
  -9.1482377229112899E-014  0.45462466148905634       -2.0116865037016954E-014  0.37197480727967580       0.78539817820957769     
   1.3233858453531866E-013  0.49290507578194109       -1.5413444586716298E-014  0.39966900004106520       0.78539817820959734     
   7.2830630415410269E-014  0.53531522701445411       -2.0552451320230857E-014  0.42990523503258515       0.78539817820957203     
   3.1796787425264483E-013  0.58114396804566226       -2.4400460967924024E-014  0.46196891980453358       0.78539817820957192     
  -2.4469315462738450E-013  0.62958828712736903       -2.4012391514545205E-014  0.49508682299519613       0.78539817820946223     
   5.3290705182007514E-014  0.67985539883457591       -1.9531556624681063E-014  0.52851329839156236       0.78539817820949209     
  -1.2434497875801753E-014  0.73123217578942068       -1.9497469893170844E-014  0.56158631100626977       0.78539817820945701     
  -1.8962609260597674E-013  0.78311759961056104       -2.5815955363793604E-014  0.59375134551052966       0.78539817820945579     
   1.1857181902996672E-013  0.83501956476294126       -1.7472091213165570E-014  0.62455622354270091       0.78539817820934088     
   3.3306690738754696E-014  0.88651932367756814       -2.2368850084592952E-014  0.65362161052439838       0.78539817820937008     
   1.8651746813702630E-014  0.93721180420785544       -1.3303494007643532E-014  0.68059571452131351       0.78539817820933622     
   2.9753977059954195E-014  0.98663998996465452       -1.6977535622320020E-014  0.70510843532817802       0.78539817820933489     
   1.2878587085651816E-014   1.0342513811700389       -1.5703751501680247E-014  0.72674569201779349       0.78539817820921143     
  -1.0524914273446484E-013   1.0794046466940781       -1.2286000554105440E-014  0.74506202574336200       0.78539817820924518     
  -3.3262281817769690E-013   1.1214395243955266       -2.0771895461800441E-014  0.75963621927694369       0.78539817820920688     
  -4.3964831775156199E-014   1.1597964997777446       -1.5400090917957480E-014  0.77015503705103683       0.78539817820920543     
   3.5527136788005009E-015   1.1941478637446323       -2.7173558503113864E-014  0.77649464839993954       0.78539817820920377     
   2.9753977059954195E-014   1.2244922492899519       -2.0753299858765381E-014  0.77876696848735349       0.78539817820920244     
   1.5543122344752192E-013   1.2511772648399493       -2.0344391720671986E-014  0.77731139226352397       0.78539817820920099     
   1.4210854715202004E-013   1.2748432539282764       -2.0429723181694540E-014  0.77263437087309228       0.78539817820919955     
   1.0969003483296547E-013   1.2963110118193892       -2.2072344964358414E-014  0.76531868777994561       0.78539817820919788     
  -1.3722356584366935E-013   1.3164532090727992       -2.3140275461409111E-014  0.75593211614726386       0.78539817820919600     
  -2.7089441800853820E-013   1.3360876129491785       -2.7807924750068953E-014  0.74495969817684404       0.78539817820919455     
   1.3677947663381929E-013   1.3559147477387228       -2.5376974592956400E-014  0.73277056652537986       0.78539817820919278     
   1.7141843500212417E-013   1.3765038994900056       -2.5091493974891545E-014  0.71961696759877647       0.78539817820919056     
  -8.3488771451811772E-014   1.3983180905361667       -2.1801184691342968E-014  0.70565528153719015       0.78539817820918922     
   1.7097434579227411E-013   1.4217630654683955       -2.2508035639912087E-014  0.69097684981763940       0.78539817820918700     
   8.1268325402561459E-014   1.4472440593316485       -2.4370114934761824E-014  0.67563756744563808       0.78539817820918501     
  -2.2204460492503131E-014   1.4752130857934027       -2.9574051592165302E-014  0.65967693642657466       0.78539817820918290     
   3.5615954629975022E-013   1.5061884412511031       -2.5767829111609517E-014  0.64311949504048638       0.78539817820918056     
   2.0694557179012918E-013   1.5407309831864104       -1.7771588158967716E-014  0.62595585800110420       0.78539817820917857     
  -2.1316282072803006E-014   1.5793725483479317       -2.0767148739502107E-014  0.60810778650608288       0.78539817820917579     
   7.0610184366159956E-014   1.6225098259384279       -2.6834659008748485E-014  0.58938967435073497       0.78539817820917290     
  -4.9737991503207013E-014   1.6702948521192837       -2.2702173841395722E-014  0.56948327166665003       0.78539817820916957     
  -3.0686564400639327E-013   1.7225609697994617       -2.6555797919751794E-014  0.54793975424932739       0.78539817820916624     
   1.7497114868092467E-013   1.7788142863808112       -3.7140683778141008E-014  0.52421345727141944       0.78539817820916291     
   4.8849813083506888E-015   1.8382976610457042       -2.4648574067277228E-014  0.49771909172811490       0.78539817820915880     
  -1.9539925233402755E-014   1.9001074086252956       -2.6026127511100750E-014  0.46789527402489384       0.78539817820915436     
  -9.5035090907913400E-014   1.9633248242544674       -2.5132770715751279E-014  0.43425603792789369       0.78539817820914970     
   2.3270274596143281E-013   2.0271230235111606       -2.5272202554017257E-014  0.39641860388951944       0.78539817820914504     
   1.1013412404281553E-013   2.0908233837918022       -3.2963465191496275E-014  0.35410602992573859       0.78539817820913993     
   1.7319479184152442E-013   2.1538967797057342       -2.1252994885876106E-014  0.30713221893115605       0.78539817820913460     
  -6.3948846218409017E-014   2.2159228856338817       -2.5705117580732574E-014  0.25538068072352438       0.78539817820912905     
  -2.8954616482224083E-013   2.2765300736343672       -2.7891889228918599E-014  0.19878717516226296       0.78539817820912317     
   4.0412118096355698E-014   2.3353388811042635       -2.7705537939568744E-014  0.13733193824220635       0.78539817820911750     
   2.3980817331903381E-013   2.3919274668622350       -2.3321988442495783E-014   7.1042039711397442E-002  0.78539817820911118     
   1.4122036873231991E-013   2.4458313820745587       -2.4989218164072493E-014  -1.1947840584811720E-014  0.78539817820910540     
