 force-1force-2force-3workmass
   2.2204460492503131E-015  -8.8817841970012523E-015  -1.9398089615056813E-014   0.0000000000000000       0.78539816362971659     
  -2.1316282072803006E-014  -1.3759901633285665E-003  -2.5744309517755173E-014  -2.0536653187654824E-007  0.78539816362971671     
  -2.5313084961453569E-014  -5.3867756397814048E-003  -2.3526434643905859E-014  -3.1997447300334547E-006  0.78539816362971704     
  -6.2616578588858829E-014  -1.2074509479127471E-002  -2.2855665698349335E-014  -1.6056078979861249E-005  0.78539816362971826     
  -2.0872192862952943E-014  -2.1491515587923615E-002  -2.4774889158841007E-014  -5.0548044662798719E-005  0.78539816362972070     
   6.2172489379008766E-015  -3.3684751715327366E-002  -2.3818766572402718E-014  -1.2315987345917073E-004  0.78539816362972503     
  -3.9079850466805510E-014  -4.8690114593467726E-002  -2.4194326839229888E-014  -2.5503882024055513E-004  0.78539816362973114     
   3.4194869158454821E-014  -6.6527254357186649E-002  -2.5974255604555516E-014  -4.7186118334195670E-004  0.78539816362973958     
  -2.1316282072803006E-014  -8.7194765072636571E-002  -2.6104830553232427E-014  -8.0358695490939658E-004  0.78539816362975157     
  -3.5527136788005009E-015 -0.11066554204857226       -2.5365782804925403E-014  -1.2840799507750911E-003  0.78539816362976578     
   5.7287508070658077E-014 -0.13688001661223659       -2.7161146286736957E-014  -1.9505402367243629E-003  0.78539816362978421     
   4.4853010194856324E-014 -0.16573894916034604       -2.6422747321269145E-014  -2.8427130212609619E-003  0.78539816362980619     
   1.9539925233402755E-014 -0.19709523006920016       -2.5502837623627399E-014  -4.0018215513250022E-003  0.78539816362983239     
   1.0169642905566434E-013 -0.23074295758102892       -2.5027685555585401E-014  -5.4691272663249801E-003  0.78539816362986303     
   1.5543122344752192E-014 -0.26640481860070331       -2.6815284032552620E-014  -7.2840405501803374E-003  0.78539816362989856     
   3.5527136788005009E-014 -0.30370510114358673       -2.4673591898040581E-014  -9.4812936263263814E-003  0.78539816362993897     
   6.3504757008558954E-014 -0.34209664660281192       -2.7441924685928503E-014  -1.2085590331184060E-002  0.78539816362998482     
   5.0182080713057076E-014 -0.38071895389031774       -2.6688045996496693E-014  -1.5101312485797935E-002  0.78539816363003589     
   1.1590728377086634E-013 -0.41827473351645494       -2.6094787801465768E-014  -1.8498618364498398E-002  0.78539816363009307     
  -3.1086244689504383E-015 -0.45317541371320758       -3.1183472156818839E-014  -2.2208201030575525E-002  0.78539816363015635     
   3.1086244689504383E-015 -0.48410332391584454       -2.8684488171485635E-014  -2.6141579491455458E-002  0.78539816363022585     
   4.6629367034256575E-014 -0.51061700507928443       -2.7723958723827759E-014  -3.0230696822965197E-002  0.78539816363030190     
  -2.7977620220553945E-014 -0.53312698017399818       -3.1347585361044906E-014  -3.4447466696962747E-002  0.78539816363038484     
   2.9309887850104133E-014 -0.55220626360965852       -2.7820648645871487E-014  -3.8778546810422587E-002  0.78539816363047454     
   1.0302869668521453E-013 -0.56803994266651614       -3.2181496948178210E-014  -4.3189212920820674E-002  0.78539816363057136     
  -2.5757174171303632E-014 -0.58052848417695557       -2.8431603817701162E-014  -4.7621477217640873E-002  0.78539816363067527     
  -1.2434497875801753E-014 -0.58962544809392270       -2.8394921505882612E-014  -5.2015577779949806E-002  0.78539816363078674     
  -5.9507954119908391E-014 -0.59541650253507861       -2.7188033226861316E-014  -5.6319107287662762E-002  0.78539816363090531     
   1.8651746813702630E-014 -0.59804441262844321       -2.6481883141580981E-014  -6.0483819715590581E-002  0.78539816363103165     
  -4.8405723873656825E-014 -0.59770962262908256       -2.8668394879295892E-014  -6.4467913904932894E-002  0.78539816363116566     
  -1.0302869668521453E-013 -0.59471365458859893       -2.9260329414213415E-014  -6.8243391864041936E-002  0.78539816363130766     
   1.8651746813702630E-014 -0.58947654246497017       -2.6497257779744175E-014  -7.1802221838894509E-002  0.78539816363145731     
  -6.6613381477509392E-014 -0.58255410192475843       -2.4830441888941359E-014  -7.5163460446739716E-002  0.78539816363161497     
  -1.6431300764452317E-014 -0.57467289702170277       -2.7737031414779784E-014  -7.8383802803294156E-002  0.78539816363178061     
   1.3322676295501878E-015 -0.56676269538631630       -2.5119751191858058E-014  -8.1569620645389085E-002  0.78539816363195425     
   3.8635761256955448E-014 -0.55994443235561953       -2.5520694776517292E-014  -8.4884076292409905E-002  0.78539816363213566     
   1.0302869668521453E-013 -0.55540978781171013       -2.5438348971109564E-014  -8.8536763455488998E-002  0.78539816363232551     
  -6.8833827526759706E-014 -0.55416064986854785       -2.4882379343727400E-014  -9.2744464902162704E-002  0.78539816363252324     
  -7.8603790143461083E-014 -0.55670037602108735       -2.5161962452793746E-014  -9.7670854171394872E-002  0.78539816363272896     
   4.8849813083506888E-014 -0.56289282829657417       -2.8751415149520508E-014 -0.10338131901457048       0.78539816363294301     
   3.4194869158454821E-014 -0.57215718546245320       -2.7733082576841810E-014 -0.10985417960879085       0.78539816363316506     
   1.2878587085651816E-014 -0.58390337818898708       -2.7601817418937854E-014 -0.11704883326423099       0.78539816363339499     
  -1.7319479184152442E-014 -0.59787167190408397       -2.7343524646945680E-014 -0.12497550706479821       0.78539816363363335     
  -1.1990408665951691E-014 -0.61411927180617099       -2.7037878512418407E-014 -0.13370589432782287       0.78539816363387938     
   6.2172489379008766E-015 -0.63274445840393945       -3.0288188205107465E-014 -0.14332421276199359       0.78539816363413317     
   1.0524914273446484E-013 -0.65365459666689674       -2.9176767617988461E-014 -0.15387437739661713       0.78539816363439519     
  -3.9968028886505635E-015 -0.67654028491458362       -3.1321850886138702E-014 -0.16534509255255614       0.78539816363466497     
   9.2814644858663087E-014 -0.70095538963517612       -3.1717229112072121E-014 -0.17768009979204491       0.78539816363494264     
   1.4033219031261979E-013 -0.72635256757444289       -2.9985111521295590E-014 -0.19078085998883187       0.78539816363522796     
   7.6383344094210770E-014 -0.75205911922332369       -3.3466908982584503E-014 -0.20449483930015111       0.78539816363552117     
   5.9063864910058328E-014 -0.77725991947565909       -3.2627437979103481E-014 -0.21860435235252851       0.78539816363582160     
   5.8619775700208265E-014 -0.80102005172998680       -3.4976472092323437E-014 -0.23282589002092857       0.78539816363613013     
  -2.7977620220553945E-014 -0.82234503607439180       -3.3813425246524270E-014 -0.24682192850750972       0.78539816363644599     
   1.4299672557172016E-013 -0.84028837175272031       -3.4794276990719010E-014 -0.26023079649693770       0.78539816363676918     
   2.8865798640254070E-014 -0.85411340783374534       -3.1551208997249089E-014 -0.27272011934813101       0.78539816363709947     
   6.4392935428259079E-014 -0.86346679411496119       -2.6953427542012418E-014 -0.28405359192650703       0.78539816363743675     
   4.5297099404706387E-014 -0.86846747047182049       -2.5522992494769261E-014 -0.29413951063915977       0.78539816363778059     
   1.5587531265737198E-013 -0.86962139768036906       -2.6340424847271480E-014 -0.30302414153406421       0.78539816363813075     
  -6.2616578588858829E-014 -0.86756458940479320       -2.9286191601137656E-014 -0.31081889518769579       0.78539816363848725     
  -6.1284310959308641E-014 -0.86276792700767935       -3.0075651213993209E-014 -0.31759846252637658       0.78539816363884962     
  -3.3750779948604759E-014 -0.85539363273722202       -2.9616220976976744E-014 -0.32333879317467229       0.78539816363921799     
   2.4424906541753444E-014 -0.84539612722841539       -2.8683773364093424E-014 -0.32794120464671384       0.78539816363959147     
   0.0000000000000000      -0.83277366597355496       -3.1145448564149797E-014 -0.33132233410224377       0.78539816363997006     
  -7.1942451995710144E-014 -0.81777266525303993       -3.1834932446579709E-014 -0.33349975503700335       0.78539816364035320     
   2.2204460492503131E-014 -0.80092172409692886       -3.2481159907197491E-014 -0.33461868895390445       0.78539816364074111     
  -4.3964831775156199E-014 -0.78293691453028202       -3.4095238804834133E-014 -0.33492573196890785       0.78539816364113324     
   6.6169292267659330E-014 -0.76462129794724376       -3.3288508319494788E-014 -0.33473438257274868       0.78539816364152881     
  -3.9079850466805510E-014 -0.74682336591138387       -3.3225487541682933E-014 -0.33441088643522665       0.78539816364192816     
   2.0872192862952943E-014 -0.73042187411676096       -3.3414814907575501E-014 -0.33436960384567627       0.78539816364233084     
  -2.0428103653102880E-014 -0.71627807626101436       -3.2451779571352243E-014 -0.33505214224597957       0.78539816364273607     
   1.0036416142611415E-013 -0.70513870774143506       -3.4071603291993237E-014 -0.33688001762347142       0.78539816364314352     
   1.4210854715202004E-014 -0.69751673862562669       -3.3325840614493526E-014 -0.34019059683308850       0.78539816364355319     
   1.6431300764452317E-014 -0.69359182022048493       -3.7072040862354158E-014 -0.34517567961820728       0.78539816364396431     
   6.7945649107059580E-014 -0.69317474274251545       -3.6264414254785584E-014 -0.35184666143813104       0.78539816364437687     
  -8.4376949871511897E-015 -0.69577415004962262       -3.7009891808111142E-014 -0.36005059871598188       0.78539816364478976     
   1.6520118606422329E-013 -0.70076833460771759       -3.8390736928595347E-014 -0.36954580145328997       0.78539816364520321     
   8.9706020389712648E-014 -0.70761995181667103       -3.9918880218452594E-014 -0.38011079427745997       0.78539816364561688     
   1.5809575870662229E-013 -0.71602220689488760       -3.7840413184802747E-014 -0.39162852506671175       0.78539816364603010     
   2.4602542225693469E-013 -0.72588561824680475       -3.8536022268678517E-014 -0.40409036127934073       0.78539816364644310     
   1.4432899320127035E-013 -0.73716910426737492       -3.6461576585026287E-014 -0.41751101846074334       0.78539816364685489     
   2.8421709430404007E-014 -0.74966347312527759       -3.5309004718373191E-014 -0.43180616052016063       0.78539816364726511     
   1.5187850976872141E-013 -0.76286433464520620       -3.4528741426152157E-014 -0.44670989628994384       0.78539816364767367     
  -1.0569323194431490E-013 -0.77599841241062073       -3.3144809135035667E-014 -0.46177647926683996       0.78539816364808035     
  -5.5511151231257827E-014 -0.78815607976449797       -3.4606128014317529E-014 -0.47644803473941799       0.78539816364848414     
  -1.3322676295501878E-015 -0.79842958262006825       -3.7861116764854098E-014 -0.49013356474214653       0.78539816364888537     
  -8.4821039081361960E-014 -0.80599487262250413       -3.8956026409659287E-014 -0.50226074234266527       0.78539816364928328     
   2.6645352591003757E-014 -0.81014999084115047       -3.6214583621568693E-014 -0.51230482790833420       0.78539816364967741     
   6.2172489379008766E-014 -0.81035684991107715       -3.8890482242357022E-014 -0.51982183699379370       0.78539816365006698     
   2.4424906541753444E-014 -0.80630580338005764       -4.1481924369541334E-014 -0.52449869987550990       0.78539816365045256     
   4.5297099404706387E-014 -0.79797600803812330       -4.0784527542205409E-014 -0.52620393264252918       0.78539816365083226     
   1.5543122344752192E-013 -0.78564614777739550       -3.8860996425597042E-014 -0.52500803825224551       0.78539816365120652     
   8.1268325402561459E-014 -0.76982823183974425       -4.0353358086713819E-014 -0.52115196530795416       0.78539816365157422     
  -5.2402526762307389E-014 -0.75113325474458925       -4.0992622266879418E-014 -0.51496494132081772       0.78539816365193538     
  -3.3750779948604759E-014 -0.73011350074951764       -3.6709295358515688E-014 -0.50675882135560002       0.78539816365228954     
   5.5511151231257827E-014 -0.70714909890358868       -3.9396126539453491E-014 -0.49674537031401123       0.78539816365263593     
  -9.5923269327613525E-014 -0.68243965604256118       -4.3466534495027487E-014 -0.48502265929300137       0.78539816365297488     
   4.9737991503207013E-014 -0.65611519326194667       -3.9153124504509746E-014 -0.47164709444596298       0.78539816365330573     
   1.7852386235972517E-013 -0.62841202033131616       -3.6537482571299562E-014 -0.45675829202072116       0.78539816365362813     
   1.5409895581797173E-013 -0.59981415347978739       -3.8935843835672321E-014 -0.44068705744651915       0.78539816365394144     
   1.4876988529977098E-013 -0.57107782322103517       -3.5055353466129946E-014 -0.42398288121324335       0.78539816365424542     
  -4.4408920985006262E-015 -0.54312856204825444       -3.7920224332961075E-014 -0.40734642153619305       0.78539816365454040     
  -1.2345680033831741E-013 -0.51689473600828784       -3.5763936763937705E-014 -0.39150860775002805       0.78539816365482495     
   3.0642155479654321E-014 -0.49316341871898395       -3.6645263815413927E-014 -0.37711910731389686       0.78539816365509973     
   1.8562928971732617E-013 -0.47250507619198245       -3.6124558623054285E-014 -0.36468166220408094       0.78539816365536441     
   1.1546319456101628E-014 -0.45525489692818510       -3.7841524874480778E-014 -0.35453066149262114       0.78539816365561776     
  -1.0658141036401503E-014 -0.44151222900404008       -3.1001931797752787E-014 -0.34682165313983759       0.78539816365586068     
  -2.5179858198498550E-013 -0.43113892782362129       -3.6443273508114508E-014 -0.34152152800834834       0.78539816365609250     
  -2.9398705692074145E-013 -0.42377209174041219       -4.2602852361430205E-014 -0.33841072581393306       0.78539816365631276     
  -6.8833827526759706E-014 -0.41887834354369602       -3.4995375936120583E-014 -0.33711999293745976       0.78539816365652193     
  -6.0840221749458578E-014 -0.41585512172264316       -3.7725636607489714E-014 -0.33720787335599489       0.78539816365671955     
  -1.7363888105137448E-013 -0.41414937564398002       -4.3569468384983514E-014 -0.33825650255721840       0.78539816365690629     
   2.5757174171303632E-014 -0.41334274152364081       -4.0050852847036578E-014 -0.33994412754737624       0.78539816365708170     
   3.9301895071730542E-013 -0.41315910680174284       -3.6467330646673330E-014 -0.34205607715758291       0.78539816365724580     
   1.3722356584366935E-013 -0.41338357456522878       -3.7748129364510416E-014 -0.34442178985143101       0.78539816365739912     
  -1.9717560917342780E-013 -0.41372697486544929       -3.5531020190503320E-014 -0.34680332686516380       0.78539816365754178     
  -1.6875389974302379E-014 -0.41370436023865409       -2.7302894234723686E-014 -0.34879156046496007       0.78539816365767301     
  -2.4735768988648488E-013 -0.41259645291284563       -2.9524614368811822E-014 -0.34976956583490804       0.78539816365779391     
  -2.1538326677728037E-013 -0.40952309580072921       -2.8304811096880773E-014 -0.34897111323640750       0.78539816365790438     
   1.7319479184152442E-014 -0.40359818708786577       -2.6546582740062785E-014 -0.34561162115620547       0.78539816365800419     
  -2.0206059048177849E-013 -0.39409454399417143       -3.1838292578261345E-014 -0.33903194987821372       0.78539816365809401     
  -5.7731597280508140E-014 -0.38055161920896197       -3.4740810359614706E-014 -0.32879659899654357       0.78539816365817394     
  -4.8849813083506888E-015 -0.36280197825055183       -3.8807435138163404E-014 -0.31472318799130683       0.78539816365824411     
   8.6153306710912148E-014 -0.34093866931298145       -3.5104111172316013E-014 -0.29686007251218527       0.78539816365830495     
  -1.1013412404281553E-013 -0.31526204510090672       -3.5782163518976641E-014 -0.27544436998915067       0.78539816365835668     
   1.4521717162097048E-013 -0.28622760048997264       -3.7351403264091010E-014 -0.25085902835263241       0.78539816365840009     
   5.2002846473442332E-013 -0.25439079057179370       -3.5447393127886822E-014 -0.22358565577598633       0.78539816365843551     
   2.6956215037898801E-013 -0.22033787261347371       -3.3110248150524786E-014 -0.19414366564144103       0.78539816365846415     
   3.3262281817769690E-013 -0.18460868806994313       -3.4816808946745853E-014 -0.16302105576093417       0.78539816365848591     
   1.2478906796786760E-013 -0.14763954480343600       -4.2979493984416835E-014 -0.13062202031121295       0.78539816365850212     
  -2.5446311724408588E-013 -0.10975912167418045       -4.7448073947660665E-014  -9.7261207206285505E-002  0.78539816365851323     
  -1.3367085216486885E-013  -7.1249642725764062E-002  -4.4962252650232596E-014  -6.3216245508435520E-002  0.78539816365852044     
  -1.9051427102567686E-013  -3.2450682476198978E-002  -4.5802950427481689E-014  -2.8818858882148746E-002  0.78539816365852444     
  -1.3544720900426910E-013   6.1451879350009619E-003  -4.7386575978209218E-014   5.4607614835529006E-003  0.78539816365852611     
   7.5939254884360707E-014   4.3859449942690532E-002  -4.8340197584155282E-014   3.8985447954322794E-002  0.78539816365852588     
  -6.2172489379008766E-014   7.9886249837519685E-002  -3.9991354535175612E-014   7.1004656353082396E-002  0.78539816365852544     
  -5.0626169922907138E-014  0.11342761233832377       -4.4612468242428956E-014  0.10077688894971004       0.78539816365852522     
  -3.3173463975799677E-013  0.14385173460880196       -3.5750353951723466E-014  0.12771272079957185       0.78539816365852666     
  -6.5902838741749292E-013  0.17081036782366077       -3.9889796190853442E-014  0.15148065525148979       0.78539816365853043     
  -5.8220095411343209E-013  0.19427536325705397       -4.1163254780574079E-014  0.17203977083083721       0.78539816365853798     
  -1.7363888105137448E-013  0.21449685033035415       -4.6888122076867818E-014  0.18960143426939524       0.78539816365855053     
   8.1712414612411521E-014  0.23191832491370690       -3.8613056459834858E-014  0.20455196257388231       0.78539816365856896     
   2.8954616482224083E-013  0.24708872053787623       -3.3813783060844845E-014  0.21737241024584542       0.78539816365859449     
   2.5934809855243657E-013  0.26059270800605461       -3.5221472533151265E-014  0.22857472434418291       0.78539816365862969     
   3.9968028886505635E-014  0.27299906720922706       -3.7980211085969840E-014  0.23865435130919899       0.78539816365867399     
  -3.4239278079439828E-013  0.28482110279995609       -3.1313632349173841E-014  0.24805411628171292       0.78539816365873061     
  -3.0109248427834245E-013  0.29649294332148557       -3.0409401596355880E-014  0.25714277050003531       0.78539816365880022     
  -2.7533531010703882E-014  0.30837580578262092       -4.0003263199571642E-014  0.26622021638052829       0.78539816365888437     
   3.1397107136399427E-013  0.32080368511795854       -4.1704661506633069E-014  0.27555681156063017       0.78539816365898441     
   3.6326497365735122E-013  0.33415731542610239       -3.9168982810819617E-014  0.28545589164663809       0.78539816365910198     
  -2.0250467969162855E-013  0.34893241953737508       -3.1595632888332943E-014  0.29630931071520905       0.78539816365923831     
   6.9366734578579781E-013  0.36576071581272807       -3.8017174714706392E-014  0.30861060396698115       0.78539816365939474     
   3.3617553185649740E-013  0.38535820591440562       -3.2344395084191617E-014  0.32290580264974977       0.78539816365957305     
   1.0258460747536446E-013  0.40840846021026067       -3.3736583490544691E-014  0.33969128632912060       0.78539816365977422     
  -2.9265478929119126E-013  0.43542153837705300       -3.4028538935680547E-014  0.35929559341336414       0.78539816366000026     
  -2.8066438062523957E-013  0.46662344307096859       -4.3331081637342325E-014  0.38179223436755372       0.78539816366025261     
  -2.0694557179012918E-013  0.50191798720515557       -4.6115389186105364E-014  0.40697706293787661       0.78539816366053272     
   3.7303493627405260E-013  0.54092960133968049       -3.9633677691177299E-014  0.43441407168068125       0.78539816366084270     
   2.7222668563808838E-013  0.58310091379345153       -4.4130533388129198E-014  0.46352455517705771       0.78539816366118365     
   5.4667381732542708E-013  0.62780200664001562       -3.9512298459546758E-014  0.49368215275348781       0.78539816366155735     
   3.0198066269804258E-013  0.67441560797459132       -3.6948279642579787E-014  0.52428445529507073       0.78539816366196569     
   1.1590728377086634E-013  0.72238440704127527       -4.1098475530938023E-014  0.55479122460769403       0.78539816366241066     
  -6.6613381477509392E-015  0.77122585653433973       -3.0980655631303603E-014  0.58473515374637053       0.78539816366289306     
  -2.2737367544323206E-013  0.82052525262595921       -3.5389375089607916E-014  0.61371514480259393       0.78539816366341497     
  -1.4255263636187010E-013  0.86991239392693487       -4.7545646902994953E-014  0.64137749144028611       0.78539816366397774     
  -2.9753977059954195E-014  0.91902259531503461       -4.7927966479404256E-014  0.66738685653701424       0.78539816366458270     
  -3.2951419370874646E-013  0.96744808844538888       -5.2473950548159505E-014  0.69139282295805060       0.78539816366523185     
  -5.7642779438538128E-013   1.0146982569006671       -6.0189159604437343E-014  0.71300614176244004       0.78539816366592574     
  -4.9027448767446913E-013   1.0601949886602551       -5.6251608357787947E-014  0.73180250645895484       0.78539816366666559     
  -2.5845992013273644E-013   1.1033221011206056       -5.0887014194616547E-014  0.74736391156866944       0.78539816366745296     
   1.6298074001497298E-013   1.1435251503895163       -4.5758912692076096E-014  0.75935015732139455       0.78539816366828952     
   2.4913404672588513E-013   1.1804313712968160       -2.9944358119375999E-014  0.76757549918574952       0.78539816366917536     
   9.5479180117763462E-014   1.2139446797860156       -4.5829466918205764E-014  0.77205880130029314       0.78539816367011239     
  -9.1482377229112899E-014   1.2442774106939432       -4.8952848506272672E-014  0.77302476127735886       0.78539816367110105     
  -2.3758772726978350E-013   1.2719063453428330       -4.4994809834513496E-014  0.77085442144774952       0.78539816367214232     
  -9.0150109599562711E-014   1.2974721820406305       -4.7032707016118493E-014  0.76600422177750715       0.78539816367323656     
  -5.7953641885433171E-013   1.3216624288912282       -4.4664500621445733E-014  0.75892334783988069       0.78539816367438553     
  -4.0589753780295723E-013   1.3451180218023175       -4.8380733589512768E-014  0.74999476518027564       0.78539816367558934     
   2.1849189124623081E-013   1.3683863488686523       -5.5958184718546944E-014  0.73951053468392569       0.78539816367684789     
   3.6060043839825084E-013   1.3919201570236339       -5.0061652909595318E-014  0.72767637120975337       0.78539816367816284     
   2.5934809855243657E-013   1.4161063231613991       -5.1787845439615411E-014  0.71463203753152449       0.78539816367953352     
   3.2240876635114546E-013   1.4413060568714791       -6.7864519817314943E-014  0.70047474363953732       0.78539816368096060     
   2.0428103653102880E-013   1.4678939774683784       -6.1489396781409155E-014  0.68527786299074034       0.78539816368244342     
   5.3868021154812595E-013   1.4962885382550315       -6.2934993192901577E-014  0.66910133080565082       0.78539816368398241     
   3.0286884111774270E-013   1.5269655889626090       -6.8387197544705823E-014  0.65199102026179645       0.78539816368557769     
   1.1857181902996672E-013   1.5604438582487923       -5.5365971980886078E-014  0.63396464717844836       0.78539816368722781     
  -2.8421709430404007E-013   1.5972336251010475       -3.9699447541543629E-014  0.61498485921468227       0.78539816368893345     
  -4.3520742565306136E-013   1.6377521428617925       -3.8717929193865103E-014  0.59492656791168574       0.78539816369069337     
  -1.0746958878371515E-013   1.6822272050291254       -3.1251096937390998E-014  0.57355158054346589       0.78539816369250670     
  -3.2329694477084558E-013   1.7306228139760194       -4.1838213708753779E-014  0.55050419463451039       0.78539816369437376     
   6.4392935428259079E-014   1.7826185158099328       -3.6642387822810205E-014  0.52533455702677845       0.78539816369629256     
   1.5942802633617248E-013   1.8376551835918953       -3.6137438170632796E-014  0.49754514095749602       0.78539816369826232     
   2.2604140781368187E-013   1.8950334070393744       -3.7691194374549259E-014  0.46664581762486579       0.78539816370028204     
   1.9584334154387761E-013   1.9540297348853297       -4.4658363145539618E-014  0.43220011288086946       0.78539816370235016     
   1.5187850976872141E-013   2.0139913176128310       -4.9598016460070169E-014  0.39385060359623392       0.78539816370446536     
  -1.5809575870662229E-013   2.0743824418642713       -4.0858231828846357E-014  0.35132155911900709       0.78539816370662563     
  -5.9108273831043334E-013   2.1347790177950774       -4.2191567817345073E-014  0.30440614556870793       0.78539816370882964     
  -7.2164496600635175E-013   2.1948271184231487       -4.0532011412141146E-014  0.25294943574402229       0.78539816371107452     
  -2.7666757773658901E-013   2.2541903532332288       -3.1639923997304607E-014  0.19683646519190479       0.78539816371335913     
  -4.7783998979866737E-013   2.3125074226698352       -2.7043427332222783E-014  0.13598931149751137       0.78539816371567994     
   2.0428103653102880E-013   2.3693718232595451       -2.6219017028379244E-014   7.0372120179664877E-002  0.78539816371803539     
  -2.8954616482224083E-013   2.4243377030562385       -2.2438477479026697E-014  -1.1842844364559530E-014  0.78539816372042237     
