 force-1force-2force-3workmass
   2.2204460492503131E-015  -8.8817841970012523E-015  -1.9398089615056813E-014   0.0000000000000000       0.78539816362971659     
   2.3159252293680765E-012  -1.3820056210533949E-012  -2.7967342097281966E-014  -2.7654125741845108E-008  0.78539816363361692     
  -2.4796165121188096E-011   2.3311130803449487E-011  -2.7594894403108132E-014  -3.3398614003956641E-007  0.78539816369183058     
  -9.5721208737131747E-011  -1.4111378732195590E-011  -2.1177267409453864E-014  -1.4645860702019835E-006  0.78539816371650695     
  -3.2990055132131602E-011  -1.5999646052478056E-011  -2.0870318212240679E-014  -4.1944749629724970E-006  0.78539816378548755     
  -8.5895734969199111E-012  -2.5064395003937534E-012  -2.6182882142548327E-014  -9.4723634494250225E-006  0.78539816381459149     
  -9.5217167483951926E-012   2.2826185386293218E-012  -2.7076561177363274E-014  -1.8361168498289698E-005  0.78539816385580674     
   3.3808511545885267E-012   3.5420555377640994E-012  -2.6586205502569700E-014  -3.1973299733114441E-005  0.78539816383525807     
  -1.1499690089067371E-011  -7.1747052743376116E-012  -2.3992172230436952E-014  -5.1394254843978998E-005  0.78539816380799310     
  -2.8224977910440430E-011  -4.3232972757323296E-011  -2.6008479856534894E-014  -7.7605727018110332E-005  0.78539816377318528     
  -5.5186966108067281E-012  -2.9238833576528123E-012  -2.4981533708675706E-014  -1.1140800036138487E-004  0.78539816373007665     
  -1.2176926134088717E-012  -1.7141843500212417E-012  -2.6583012407197803E-014  -1.5336006522569806E-004  0.78539816367788062     
  -1.7816859099184512E-012   3.1796787425264483E-013  -2.4104817532944428E-014  -2.0375308831960953E-004  0.78539816361590253     
  -5.0204285173549579E-012   5.7589488733356120E-012  -2.6019044882743340E-014  -2.6263385321643323E-004  0.78539816354349401     
  -7.2355454960870702E-012   2.7782220968219917E-012  -2.4561364018961334E-014  -3.2988386092848432E-004  0.78539816346003744     
  -1.2154721673596214E-012   1.5525358776358189E-012  -2.2975525275931760E-014  -4.0534171503625593E-004  0.78539816336502988     
  -4.2374992403892975E-012   6.4854788206503144E-012  -2.4728085226045609E-014  -4.8893974908875704E-004  0.78539816325794920     
  -9.7539754051467753E-012   9.9085184501745971E-012  -2.4925333429050309E-014  -5.8082188685265601E-004  0.78539816338439006     
  -8.1046280797636427E-013  -3.1430857916348032E-011  -2.8392067774632255E-014  -6.8142933141381035E-004  0.78539816331774737     
  -4.0989434069160779E-012  -7.7662321018578950E-012  -3.0947640986695058E-014  -7.9143831813266452E-004  0.78539816368493220     
   7.3341333006737841E-012  -4.2115644305340538E-011  -3.0792818701865455E-014  -9.1186150305452851E-004  0.78539816360512538     
  -5.2944315598324465E-012   1.4974688156144111E-011  -3.1560787594633212E-014  -1.0438569145352627E-003  0.78539816373302318     
   1.2179590669347817E-011  -5.5784710184525466E-011  -3.3222801178990069E-014  -1.1887615993431133E-003  0.78539816363965997     
  -3.0104807535735745E-012   1.2256862191861728E-012  -3.0747587142175827E-014  -1.3478807836496964E-003  0.78539816378800709     
  -1.7283952047364437E-012  -1.9557688801796758E-012  -3.0569596193217033E-014  -1.5225585808952280E-003  0.78539816368076742     
  -1.6862067298006878E-012  -4.6611603465862572E-012  -3.1836401281121285E-014  -1.7138988387317422E-003  0.78539816384994487     
   3.3040237212844659E-013  -4.0211389773503470E-011  -3.3410485753457359E-014  -1.9229141332525179E-003  0.78539816372866877     
  -1.2514433933574765E-012  -3.3661962106634746E-012  -3.4390408793082934E-014  -2.1501799596690685E-003  0.78539816391885553     
   1.3988810110276972E-013   7.7093886829970870E-013  -3.2827249791847180E-014  -2.3961149938098725E-003  0.78539816378348759     
   1.3185008640448359E-012  -5.5120352726589772E-012  -3.7630173068938574E-014  -2.6605847543664241E-003  0.78539816399464246     
   8.0335738061876327E-013  -8.4199314187571872E-013  -3.2162613682125414E-014  -2.9433714882936557E-003  0.78539816384531203     
   1.9046986210469186E-012  -1.9261037209616916E-011  -3.2338172682449159E-014  -3.2437553813278175E-003  0.78539816398935103     
  -2.1582735598713043E-013   1.0267342531733448E-012  -3.6715329960356264E-014  -3.5610200965538463E-003  0.78539816395985251     
   7.5037753788365080E-012  -1.1652900866465643E-011  -3.7316525428986915E-014  -3.8942737385512238E-003  0.78539816411657770     
   1.1777245845223661E-012  -1.1297629498585593E-012  -3.4959830422928459E-014  -4.2427526429241746E-003  0.78539816408469154     
   3.5220715233208466E-012  -4.7783998979866737E-012  -3.3154589934861675E-014  -4.6057336400074367E-003  0.78539816405162921     
   3.7054803669889225E-012  -6.6329164383205352E-012  -3.6629151777524575E-014  -4.9827432196736798E-003  0.78539816401745677     
   4.0292214009696181E-012  -7.5619510653268662E-012  -4.1005959582381532E-014  -5.3735338504377061E-003  0.78539816398221141     
   4.1566750041965861E-012  -7.8053119523247005E-012  -3.5453203392527853E-014  -5.7781083319727866E-003  0.78539816394593487     
   4.5710102369866945E-012  -8.6544105215580203E-012  -3.4399953551983790E-014  -6.1967025175353463E-003  0.78539816390867023     
   4.3076653355456074E-012  -8.8622442717678496E-012  -3.8604980055573364E-014  -6.6297430700661408E-003  0.78539816387046391     
   3.9732661605285102E-012  -8.4625639829027932E-012  -3.4490174425997164E-014  -7.0777854176833910E-003  0.78539816383136152     
   2.9984903449076228E-012  -6.2865268546374864E-012  -3.8179702746345649E-014  -7.5414382546867831E-003  0.78539816379141136     
   2.1445067943659524E-012  -5.6221693967017927E-012  -3.4418799492247345E-014  -8.0212818833873545E-003  0.78539816375065785     
   1.3935519405094965E-012  -5.6825655292414012E-012  -2.8549605101095242E-014  -8.5177882635191215E-003  0.78539816370915061     
   5.5377924468302808E-013  -4.6149750687618507E-012  -3.3891769415172469E-014  -9.0312505854083236E-003  0.78539816366694037     
  -1.7901236049056024E-012  -1.9504398096614750E-012  -3.5083150254673054E-014  -9.5617292880143534E-003  0.78539816362407744     
  -2.2395418852738658E-012  -5.4356519285647664E-013  -3.3632013729130044E-014  -1.0109019670771824E-002  0.78539816358061454     
  -2.2559731860383181E-012  -1.1901590823981678E-013  -3.0073643928756014E-014  -1.0672643771023727E-002  0.78539816353660796     
  -2.4567015088905464E-012   7.7271522513910895E-013  -3.2212443813697898E-014  -1.1251866383239162E-002  0.78539816349211478     
  -1.5822898546957731E-012   1.0800249583553523E-012  -3.2574215458392158E-014  -1.1845732424666355E-002  0.78539816344719748     
   6.8700600763804687E-013   5.4001247917767614E-013  -2.9724119671187397E-014  -1.2453120687476504E-002  0.78539816340191826     
   6.6613381477509392E-015   1.7728041257214500E-012  -2.5723560059534666E-014  -1.3072807631148597E-002  0.78539816335634327     
  -2.5495161537492095E-012   1.2132517213103711E-012  -2.4851570882614810E-014  -1.3703534324066791E-002  0.78539816331054180     
  -2.6920687901110796E-012   2.6165736244365689E-012  -2.7795309554086561E-014  -1.4344069904360213E-002  0.78539816326458323     
  -2.5521806890083099E-012   2.8084201630917960E-012  -2.5456292679070496E-014  -1.4993265816131141E-002  0.78539816321853984     
  -2.3456792064280307E-012   4.1282532947661821E-012  -2.7151117740805860E-014  -1.5650096440198102E-002  0.78539816317247757     
  -1.4757084443317581E-012   3.7374547900981270E-012  -2.7479631235077060E-014  -1.6313683349886809E-002  0.78539816312646860     
  -2.3439028495886305E-012   2.3270274596143281E-012  -3.2330899491703309E-014  -1.6983302170415437E-002  0.78539816308058219     
   2.2191137816207629E-012   4.8149928488783189E-011  -3.0286937235345700E-014  -1.7658372699104530E-002  0.78539816303488730     
   1.0547118733938987E-012   4.9134030177810928E-012  -2.7315567891342801E-014  -1.8338434448156860E-002  0.78539816298944509     
   1.8238743848542072E-012   5.1567639047789271E-012  -2.7328614569257679E-014  -1.9023111117380087E-002  0.78539816294431875     
   2.4682478283466480E-012   3.1850078130446491E-012  -2.5870308485450356E-014  -1.9712068100756319E-002  0.78539816289956810     
   1.6076029396572267E-012   1.5596413049934199E-012  -2.7184593463240105E-014  -2.0404967814814601E-002  0.78539816285525155     
   3.5971225997855072E-014   2.3838708784751361E-011  -3.2240050822762639E-014  -2.1101427291034258E-002  0.78539816281143271     
  -7.9083406490099151E-012   2.1493917756743031E-013  -3.3262573087498608E-014  -2.1800982438920258E-002  0.78539816281144159     
  -8.8782314833224518E-012  -2.5206503551089554E-012  -4.2098342390788642E-014  -2.2503059659456204E-002  0.78539816281144992     
  -8.5402795946265542E-012  -4.6114223550830502E-012  -3.8044804333461956E-014  -2.3206962605023085E-002  0.78539816281145747     
  -8.7010398885922768E-012  -6.0715876770700561E-012  -4.3309700582076112E-014  -2.3911867149317478E-002  0.78539816281146391     
  -8.0446760364338843E-012  -8.0895290466287406E-012  -4.2691422957793551E-014  -2.4616829489304104E-002  0.78539816281146979     
  -4.2530423627340497E-012  -1.1528555887707626E-012  -4.5356382125326379E-014  -2.5320803814142145E-002  0.78539816281147468     
  -4.7051251783614134E-012  -1.0338396805309458E-012  -5.3280618853067857E-014  -2.6022667447278991E-002  0.78539816281147956     
  -4.0598635564492724E-012  -2.8936852913830080E-012  -5.4545752986876390E-014  -2.6721250631815741E-002  0.78539816281148400     
  -3.6690650517812173E-012  -2.3376856006507296E-012  -4.8138518180690779E-014  -2.7415367942540847E-002  0.78539816281148811     
  -2.5424107263916085E-012  -2.0889956431346945E-012  -4.6816634433897955E-014  -2.8103848432883938E-002  0.78539816281149233     
  -2.0246027077064355E-012  -1.8047785488306545E-012  -4.0511786264009281E-014  -2.8785562011375943E-002  0.78539816281149122     
  -2.5104363032824040E-012  -3.0908609005564358E-013  -4.7906893589984734E-014  -2.9459440117979740E-002  0.78539816281148989     
  -2.9003466295307589E-012  -1.5987211554602254E-013  -4.3751772454793666E-014  -3.0124489467630466E-002  0.78539816281148866     
  -2.6951774145800300E-012  -1.4050982599655981E-012  -4.2554571780066529E-014  -3.0779798393868463E-002  0.78539816281148656     
  -5.9112714723141835E-012  -1.8102852550327952E-011  -3.9815404492569352E-014  -3.1424536027261807E-002  0.78539816281148833     
  -5.9365845572756371E-012  -1.6306955785694299E-011  -3.2382054403853149E-014  -3.2057945158673329E-002  0.78539816281148966     
  -1.1368683772161603E-012   1.2043699371133698E-011  -4.3114908839715131E-014  -3.2679330167762588E-002  0.78539816281149033     
  -3.1339375539118919E-012   1.1358025631125201E-011  -4.5980004937227431E-014  -3.3288041179261318E-002  0.78539816278479468     
  -5.0226489634042082E-012   9.2619245606329059E-012  -5.4769752114776084E-014  -3.3883458918984255E-002  0.78539816275938856     
  -4.8387960305262823E-012   6.9633188104489818E-012  -6.1053340882547220E-014  -3.4464975259270059E-002  0.78539816273528040     
   6.6480154714554374E-013  -2.2364332608049153E-012  -4.3317465366018340E-014  -3.5031979961105630E-002  0.78539816271249019     
  -4.1140424400509801E-012  -2.5643487333582016E-011  -4.1632255866293541E-014  -3.5583848157223708E-002  0.78539816269102802     
  -3.6788350143979187E-012  -2.5179858198498550E-011  -5.0307645661505260E-014  -3.6119931981775100E-002  0.78539816267090368     
   6.1080029922777612E-012  -2.2613022565565188E-012  -4.4864017038811105E-014  -3.6639556357092484E-002  0.78539816265212536     
   7.2621908486780740E-012  -2.1742607714259066E-012  -4.0202230037971521E-014  -3.7142018938066901E-002  0.78539816263469731     
   1.0063949673622119E-011   1.1457501614131615E-012  -3.2011543787336890E-014  -3.7626593827698285E-002  0.78539816261862161     
   1.0101697256459374E-011   4.6220804961194517E-012  -4.0664761117818271E-014  -3.8092538456244274E-002  0.78539816260390083     
   5.2602366906739917E-012   1.1930012533412082E-011  -4.5715713618908379E-014  -3.8539102707514594E-002  0.78539816259053341     
   7.9127815411084157E-012   4.8316906031686813E-013  -4.1319325920317743E-014  -3.8965539391010662E-002  0.78539816257852180     
   9.3582919191703695E-012   2.1316282072803006E-014  -4.4864736484259701E-014  -3.9371115027753145E-002  0.78539816256785433     
   6.0991212080807600E-012  -3.2898128665692639E-012  -4.2586540989502353E-014  -3.9755120125425369E-002  0.78539816255852268     
  -5.1887383278881316E-012  -7.2368777637166204E-012  -3.9304229927327788E-014  -4.0116878124824673E-002  0.78539816255052775     
   5.4298787688367156E-012  -1.2043699371133698E-012  -3.2012548406970554E-014  -4.0455752478324003E-002  0.78539816254384165     
   1.0212719558921890E-011   4.1175951537297806E-012  -3.8374451318147116E-014  -4.0771151523986138E-002  0.78539816253846040     
   1.4821477378745840E-011   1.4921397450962104E-013  -3.4628856987304152E-014  -4.1062531021010429E-002  0.78539816253436134     
   1.6654233547797048E-011   3.3679725675028749E-012  -3.3758470058639051E-014  -4.1329394414832965E-002  0.78539816253153560     
   1.3664180897876577E-011  -2.5828228444879642E-012  -3.0136569132303609E-014  -4.1571291166845770E-002  0.78539816252995553     
   1.7541523789077473E-011  -6.0076388308516471E-012  -1.7608229250673598E-014  -4.1787813427314413E-002  0.78539816252959682     
   1.5190071422921392E-011  -4.4764192352886312E-012  -2.2468713993623065E-014  -4.1978591641208096E-002  0.78539816253043604     
   1.2663647908084386E-011  -7.8443918027915061E-012  -2.7684024280540515E-014  -4.2143289572144527E-002  0.78539816253244155     
   6.5614180755346752E-012   4.0998315853357781E-012  -3.3406180412753022E-014  -4.2281599219718524E-002  0.78539816253558126     
   2.2168933355715126E-012   5.0803805606847163E-013  -2.7650838282567280E-014  -4.2393236144530944E-002  0.78539816253982608     
  -8.8462570602132473E-013  -6.5227823142777197E-012  -2.4900197865919037E-014  -4.2477935529745325E-002  0.78539816254514072     
  -6.8629546490228677E-012   1.6804335700726369E-012  -3.2693174568494196E-014  -4.2535449236807521E-002  0.78539816255149231     
   8.3044682241961709E-013   9.7344354799133725E-013  -3.4091450581976902E-014  -4.2565544140495515E-002  0.78539816255884309     
  -2.5437874029421437E-011   1.1191048088221578E-012  -3.9945089771513031E-014  -4.2568001369330810E-002  0.78539816256714834     
  -3.7241765227236101E-011  -4.2916781239910051E-011  -3.2132076160441109E-014  -4.2542617059172283E-002  0.78539816257637196     
   4.2921222132008552E-011   3.4255265290994430E-011  -4.0392383549631924E-014  -4.2489203793479646E-002  0.78539816258647122     
  -2.1057822152670269E-011  -1.5223378113660146E-011  -3.2165044818243209E-014  -4.2407592863295429E-002  0.78539816259739526     
  -4.8262283058875255E-011   3.2823521678437828E-011  -2.3138985429158277E-014  -4.2297636979565789E-002  0.78539816260910622     
  -4.3444359221211926E-011   3.2081004519568523E-011  -3.9233627518212110E-014  -4.2159213539332052E-002  0.78539816262155659     
  -4.9386272849005763E-011   1.8747670083030243E-011  -3.2142074246665851E-014  -4.1992227240196911E-002  0.78539816263469353     
  -1.0919709581003190E-011  -5.1372239795455243E-012  -2.7750435059584115E-014  -4.1796629217615733E-002  0.78539816259867079     
  -4.4955150713121839E-011  -4.1175951537297806E-012  -3.7495714942863770E-014  -4.1572338957156285E-002  0.78539816261302065     
  -3.2175151432056737E-011   5.1940673984063324E-012  -4.6435700862776459E-014  -4.1319519685833139E-002  0.78539816251861805     
  -1.8853807404184408E-011  -3.6521896618069150E-012  -2.9174118753481245E-014  -4.1037853680787828E-002  0.78539816261302331     
  -1.6328272067767102E-011  -3.6202152386977104E-012  -2.7118770744630285E-014  -4.0727903683135835E-002  0.78539816251100614     
  -9.5856655946136016E-012  -3.2116531656356528E-012  -2.3359170155614008E-014  -4.0389230938741916E-002  0.78539816260980921     
  -6.0107474553205975E-012  -9.0594198809412774E-012  -3.5871837911503627E-014  -4.0022596956046153E-002  0.78539816250200845     
  -6.2865268546374864E-012  -6.8958172505517723E-012  -4.2058630725674352E-014  -3.9627514723266088E-002  0.78539816260385331     
   3.2094327195864025E-012  -7.2155614816438174E-012  -3.8415155998287626E-014  -3.9204938437925385E-002  0.78539816249222094     
   3.8853364969781978E-012  -7.2688521868258249E-012  -4.5133370877231368E-014  -3.8754333596521473E-002  0.78539816259567607     
   6.1892713176803227E-012  -7.3541173151170369E-012  -5.1829222294754816E-014  -3.8276838726783113E-002  0.78539816248229588     
  -5.3298254698574965E-011  -2.3920421199363773E-011  -2.9483792091267442E-014  -3.7771874111390602E-002  0.78539816258582928     
   6.9211303355132259E-012  -3.2542857297812589E-012  -3.5605566565285074E-014  -3.7240551730877369E-002  0.78539816253231076     
  -5.1286974667164031E-011  -7.8301809480763040E-012  -3.9345214099205489E-014  -3.6682853655503056E-002  0.78539816254894546     
   1.3455458969247047E-011   1.2150280781497713E-012  -3.9234907600422281E-014  -3.6099432129987008E-002  0.78539816249700101     
  -3.3192115722613380E-011  -7.6383344094210770E-013  -3.9685652026117701E-014  -3.5490494955283891E-002  0.78539816251302530     
   8.0615514264081867E-012   7.0556893660977948E-012  -4.2579268967085529E-014  -3.4856708657067914E-002  0.78539816252863326     
   2.1078250256323372E-011   1.0935252703347942E-011  -5.2363554800400667E-014  -3.4198524997224089E-002  0.78539816254372985     
   2.3843149676849862E-012   1.0974332553814747E-011  -3.8375419965403578E-014  -3.3516489287774398E-002  0.78539816255822714     
   1.6436185745760667E-011   7.7449158197850920E-013  -4.4130607997195891E-014  -3.2811179820295244E-002  0.78539816257204231     
   2.6757263071885973E-011   9.0523144535836764E-012  -5.6190653205030314E-014  -3.2083208754419612E-002  0.78539816258508433     
   8.8462570602132473E-013   9.5781160780461505E-012  -5.3558786212366151E-014  -3.1333222977127484E-002  0.78539816259726281     
  -1.2859047160418413E-011   1.8850698779715458E-011  -5.2258987695665650E-014  -3.0561905100029652E-002  0.78539816260848172     
  -1.5606627101760751E-011  -2.8137492336099967E-012  -6.2712198934691222E-014  -2.9769974386712583E-002  0.78539816261864737     
   2.4657165198505027E-011  -7.7449158197850920E-013  -6.0172053906857659E-014  -2.8958187640886202E-002  0.78539816262765005     
   1.0020873020266663E-011   5.0057735734299058E-012  -5.3442074198408479E-014  -2.8127340095772668E-002  0.78539816263539586     
  -8.2813755852839677E-012  -8.8817841970012523E-013  -3.8545670851340154E-014  -2.7278266152107822E-002  0.78539816264178186     
   4.4728665216098307E-012  -4.5830006456526462E-013  -3.9371235564994536E-014  -2.6411840080104554E-002  0.78539816264669537     
   4.1451286847404845E-012  -3.7658764995285310E-013  -3.8997667590691865E-014  -2.5528976613334642E-002  0.78539816265003015     
   3.5558223032694514E-012  -5.2366999625519384E-012  -4.7985143129510718E-014  -2.4630631453116170E-002  0.78539816265167328     
   1.1937117960769683E-012  -7.3931971655838424E-012  -4.9212738033166892E-014  -2.3717801702389352E-002  0.78539816265150941     
   4.0323300254385686E-013  -9.2477137059177039E-012  -5.7909909877581794E-014  -2.2791526279058338E-002  0.78539816264942064     
  -1.5685230891904212E-012  -1.0267342531733448E-011  -5.2534133277318597E-014  -2.1852886306175101E-002  0.78539816264528739     
  -1.3402612353274890E-012  -3.2791547255328624E-012  -5.6080531556383273E-014  -2.0903005523670526E-002  0.78539816263898488     
  -3.6681768733615172E-013  -1.3002932064409833E-011  -5.3646552707177835E-014  -1.9943050725885536E-002  0.78539816263038820     
  -1.6302514893595799E-012  -1.4271250847741612E-011  -5.5803343629488078E-014  -1.8974232257042090E-002  0.78539816261936846     
  -7.3054895466384551E-012  -2.0072832285222830E-012  -5.2260649435833766E-014  -1.7997804566112219E-002  0.78539816260579176     
  -6.3580252174233465E-012   9.6491703516221605E-012  -4.7463019900237576E-014  -1.7015066811659763E-002  0.78539816258952411     
   2.1183055309847987E-013  -1.4708234630234074E-012  -4.2555745140261438E-014  -1.6027363527376437E-002  0.78539816258952555     
   2.5270896486517813E-012   3.3750779948604759E-012  -3.5196731758644932E-014  -1.5036085775802732E-002  0.78539816258952722     
  -6.2818639179340607E-012   8.1712414612411521E-013  -5.1157837447921468E-014  -1.4042671338025281E-002  0.78539816258952988     
  -5.8058002849747936E-012  -3.4816594052244909E-013  -5.0169330314902958E-014  -1.3048606289523867E-002  0.78539816258953343     
  -1.0912160064435739E-011   5.3077542361279484E-012  -5.2750434035453990E-014  -1.2055425900957539E-002  0.78539816258953354     
  -5.6779025925379756E-012   3.4496849821152864E-012  -5.8254245960831740E-014  -1.1064715788990043E-002  0.78539816258953277     
  -1.0901279878794412E-011   3.7232439353829250E-012  -6.2547722184399293E-014  -1.0078113199343042E-002  0.78539816258953987     
  -1.3988810110276972E-013   6.8176575496181613E-012  -6.6411311181106272E-014  -9.0973083385275100E-003  0.78539816258953832     
  -1.4768186673563832E-012   3.9399594697897555E-012  -5.1841105750445714E-014  -8.1240458395694937E-003  0.78539816258954509     
  -3.1274982603690660E-012   1.1333156635373598E-012  -4.6458139086666915E-014  -7.1601262537581700E-003  0.78539816258954964     
  -8.3733020517229306E-012  -4.5545789362222422E-012  -5.2034907325064500E-014  -6.2074076749922824E-003  0.78539816258955375     
  -6.8725025670346440E-012   1.3514522834157106E-011  -5.1265723084888791E-014  -5.2678074127514574E-003  0.78539816258955319     
   3.5973446443904322E-012   1.6179058093257481E-011  -4.3830282757600961E-014  -4.3433037609850178E-003  0.78539816258955275     
   7.9081186044049900E-012   1.6161294524863479E-011  -4.9444899423307871E-014  -3.4359378685318021E-003  0.78539816258955630     
   7.2750694357637258E-012   2.0065726857865229E-011  -5.1694573286427527E-014  -2.5478156915601513E-003  0.78539816258955553     
   7.1032069115517515E-012  -9.2832408427057089E-012  -5.7678784567521837E-014  -1.6811100638376431E-003  0.78539816258955530     
  -8.2489570729649131E-012  -4.4693138079310302E-012  -5.6751863485925251E-014  -8.3806284813014997E-004  0.78539816258955386     
  -1.2172485241990216E-012  -5.7340798775840085E-012  -5.8313070769118502E-014  -2.0987233297686814E-005  0.78539816258955641     
  -1.2243539515566226E-012  -9.1944230007356964E-012  -5.9848810127578768E-014   7.6772983527129135E-004  0.78539816258955941     
  -1.0878631329092059E-011  -1.3649525953951525E-011  -5.4150886128545225E-014   1.5256251004116539E-003  0.78539816258956308     
  -1.5501155914421361E-011  -1.2420287021086551E-011  -5.1549903052397338E-014   2.2501562496307637E-003  0.78539816258956496     
  -1.4668710690557418E-011  -1.0778933301480720E-011  -5.6833599073606849E-014   2.9386990137096891E-003  0.78539816258956652     
  -1.4458212405088489E-011  -1.0569323194431490E-011  -5.0243302600385836E-014   3.5885440662144497E-003  0.78539816258956840     
   1.2789769243681803E-012  -3.8475889141409425E-012  -4.9910105533571770E-014   4.1968937133081141E-003  0.78539816258957107     
   2.2393198406689407E-012   4.7251091928046662E-013  -5.6986322449400980E-014   4.7608583674383365E-003  0.78539816258957362     
   7.6221251532615497E-012   2.2168933355715126E-012  -5.4451693707832239E-014   5.2774527668145721E-003  0.78539816258957573     
   1.7825740883381513E-011   7.4251715886930469E-013  -6.6222549544128948E-014   5.7435919544832625E-003  0.78539816258957917     
   2.1127322114011804E-011   3.2329694477084558E-012  -5.7184917962601077E-014   6.1560869621263281E-003  0.78539816258958295     
   2.2214896588934607E-011   4.5474735088646412E-012  -5.4506383303084204E-014   6.5116402069170798E-003  0.78539816258958739     
   2.4034996215505089E-011   6.7252869939693483E-012  -5.6782475926628326E-014   6.8068405647249142E-003  0.78539816258959194     
   2.4698687539626007E-011   8.3169027220719727E-012  -5.9596266529840039E-014   7.0381580994368642E-003  0.78539816258959694     
   2.6647795081657932E-011   9.3862695393909235E-012  -5.7898467190241320E-014   7.2019384249910612E-003  0.78539816258960182     
   2.7334357000086129E-011   1.0057732424684218E-011  -5.3110529283465586E-014   7.2943966710691255E-003  0.78539816258960715     
   2.8211655234144928E-011   1.0846434861377929E-011  -4.7752787150911825E-014   7.3116110220936559E-003  0.78539816258961248     
   3.0474067713726072E-011   1.1571188451853232E-011  -4.7510289193149964E-014   7.2495157984399095E-003  0.78539816258961848     
   3.3085534312249365E-011   1.2882139799330616E-011  -4.9206816468797284E-014   7.1038940426080832E-003  0.78539816258962381     
   1.9741541734674684E-011   2.4016344468691386E-012  -4.9722082934537393E-014   6.8703695716137991E-003  0.78539816258963357     
   1.7076784430969383E-011  -1.2683187833317788E-012  -4.7041145751690773E-014   6.5443984546488254E-003  0.78539816258964423     
   1.0811573858404699E-011   8.5051965470483992E-012  -4.9064267712984694E-014   6.1212598609655666E-003  0.78539816258965445     
   9.9351638027656008E-012   8.7041485130612273E-012  -4.6990832635326194E-014   5.5960462351120621E-003  0.78539816258966522     
   9.2559293562999301E-012   9.0096818894380704E-012  -4.6491636395290344E-014   4.9636527346437198E-003  0.78539816258967632     
   1.0260459148980772E-011   5.6523674629715970E-012  -5.0702596385920613E-014   4.2187658685489682E-003  0.78539816258968909     
   7.7264861175763144E-012   7.4322770160506479E-012  -4.7234508549759071E-014   3.3558512653222017E-003  0.78539816258970196     
   6.5236704926974198E-012   1.0349054946345859E-011  -4.8350923576561600E-014   2.3691404928373322E-003  0.78539816258971396     
   6.1610716528548437E-012   6.2776450704404851E-012  -5.3472815548709409E-014   1.2526168451057057E-003  0.78539816258972917     
   5.6032956052831651E-012   9.1198160134808859E-012  -5.0847254634273919E-014  -2.1539935252229087E-016  0.78539816258974393     
