 force-1force-2force-3workmass
   1.2434497875801753E-014   4.4408920985006262E-015  -2.1618456724884384E-014   0.0000000000000000       0.78539909798813223     
   2.1849189124623081E-013   1.2656542480726785E-013  -2.5345340672769509E-014  -1.1752253468565871E-008  0.78539909798813201     
  -1.0613732115416497E-013  -2.2915003228263231E-013  -1.7966423817294843E-014  -1.8674353967048155E-007  0.78539909798813234     
   9.3702823278363212E-014  -3.6726177654600178E-013  -2.6355942891599230E-014  -9.5184185990634246E-007  0.78539909798813223     
  -2.3980817331903381E-014   3.1841196346249490E-013  -1.8495575997986494E-014  -2.9926404893024922E-006  0.78539909798813223     
   3.3306690738754696E-014  -1.6386891843467311E-013  -2.1175286290073117E-014  -7.2274629528655543E-006  0.78539909798813223     
  -1.5365486660812167E-013  -1.2567724638756772E-013  -2.0054416763761617E-014  -1.4756552965778519E-005  0.78539909798813234     
   2.9309887850104133E-013  -1.2922996006636822E-013  -2.0630859978054309E-014  -2.6768423469741842E-005  0.78539909798813246     
   6.9722005946459831E-014   1.5631940186722204E-013  -1.9189592913019000E-014  -4.4434686920259703E-005  0.78539909798813257     
   1.9184653865522705E-013  -1.6520118606422329E-013  -2.0436766616070618E-014  -6.8787665235797713E-005  0.78539909798813246     
  -1.8518520050747611E-013   2.2382096176443156E-013  -2.2491813296178504E-014  -1.0062685945549932E-004  0.78539909798813268     
   1.7719159473017498E-013   4.6185277824406512E-014  -2.3383391947044063E-014  -1.4041605047593331E-004  0.78539909798813212     
  -1.7941204077942530E-013   1.6786572132332367E-013  -1.5130372551666123E-014  -1.8802613068712171E-004  0.78539909798813246     
   8.4376949871511897E-014  -1.0080825063596421E-013  -1.9111470574503322E-014  -2.4236559715293260E-004  0.78539909798813223     
   1.3011813848606835E-013   1.6786572132332367E-013  -1.9969939181318708E-014  -3.0128009681534840E-004  0.78539909798813268     
  -1.4210854715202004E-014  -6.0396132539608516E-014  -1.9664818798540467E-014  -3.6203443969742843E-004  0.78539909798813334     
   1.4832579608992091E-013  -3.8635761256955448E-014  -2.0766302969649788E-014  -4.2221253460969499E-004  0.78539909798813445     
  -3.3306690738754696E-013   4.2232883856740955E-013  -1.1151961812277167E-014  -4.8053449558410621E-004  0.78539909798813501     
  -1.5409895581797173E-013  -4.4986236957811343E-013  -1.9201608236860858E-014  -5.3720926665454249E-004  0.78539909798813523     
   2.3092638912203256E-013   3.0642155479654321E-013  -2.3490146336730347E-014  -5.9379329973716088E-004  0.78539909798813534     
  -2.2826185386293218E-013   1.2434497875801753E-013  -2.1328760420566807E-014  -6.5277314716533086E-004  0.78539909798813468     
  -1.8207657603852567E-014  -5.1958437552457326E-014  -2.0774130538884387E-014  -7.1711686732817137E-004  0.78539909798813656     
  -3.0775382242609339E-013  -3.1219471452459402E-013  -1.0686921861994471E-014  -7.8993902759877388E-004  0.78539909798813723     
  -4.7961634663806763E-014  -1.4654943925052066E-014  -1.7233039950203087E-014  -8.7432909333462483E-004  0.78539909798813667     
  -4.2854608750531042E-013  -1.7141843500212417E-013  -2.2397236731920045E-014  -9.7333337325639091E-004  0.78539909798813634     
   9.5479180117763462E-014  -3.0642155479654321E-014  -2.4233428200657092E-014  -1.0899882185433363E-003  0.78539909798813934     
  -1.1013412404281553E-013   1.7763568394002505E-013  -1.8800217531642986E-014  -1.2271752901438227E-003  0.78539909798814156     
   5.6843418860808015E-014  -7.8603790143461083E-014  -1.7479798942508388E-014  -1.3870615511076267E-003  0.78539909798814334     
  -3.3173463975799677E-013  -3.9079850466805510E-014  -1.9018327889925582E-014  -1.5701277063266961E-003  0.78539909798814278     
   4.8938630925476900E-013  -7.9047879353311146E-014  -1.7294587753921267E-014  -1.7741618832390893E-003  0.78539909798814223     
   2.4868995751603507E-014   1.3145040611561853E-013  -1.7311077361004664E-014  -1.9937943654078083E-003  0.78539909798814789     
  -2.7089441800853820E-014  -6.6613381477509392E-015  -1.9579235942888669E-014  -2.2209759985221122E-003  0.78539909798815355     
  -4.8849813083506888E-014  -1.3766765505351941E-013  -1.8348752764428974E-014  -2.4463566416983440E-003  0.78539909798815766     
  -3.1974423109204508E-014   1.7896795156957523E-013  -1.8908255935263433E-014  -2.6610966447619955E-003  0.78539909798815588     
   1.6164847238542279E-013   8.4821039081361960E-014  -2.3879969556643640E-014  -2.8584875374604302E-003  0.78539909798815544     
  -1.1102230246251565E-013   3.3173463975799677E-013  -2.2780879662882177E-014  -3.0349069112250993E-003  0.78539909798815410     
  -5.6843418860808015E-014   7.5495165674510645E-015  -2.1421692602883564E-014  -3.1899582556611517E-003  0.78539909798815910     
  -2.7533531010703882E-013   4.8405723873656825E-014  -1.5021100910671706E-014  -3.3259787396167084E-003  0.78539909798816343     
   2.5401902803423582E-013   5.1070259132757201E-014  -2.1122295192429636E-014  -3.4473080656720612E-003  0.78539909798816443     
   8.4376949871511897E-014  -1.0302869668521453E-013  -2.1119768935711275E-014  -3.5597243140988999E-003  0.78539909798816421     
  -3.1530333899354446E-014  -1.9628743075372768E-013  -1.9718671242013700E-014  -3.6702550473468598E-003  0.78539909798816332     
   2.5535129566378600E-013  -1.0702549957386509E-013  -1.9366307472325841E-014  -3.7872439305630667E-003  0.78539909798816632     
  -1.4788170688007085E-013  -7.9936057773011271E-015  -1.7158004711674869E-014  -3.9202707380170398E-003  0.78539909798816843     
   9.9920072216264089E-014  -1.8829382497642655E-013  -1.6040412359164103E-014  -4.0794744842704844E-003  0.78539909798816865     
  -9.6811447747313650E-014   1.4122036873231991E-013  -2.3150297181769397E-014  -4.2740849690685589E-003  0.78539909798816820     
   2.8466118351389014E-013  -1.3322676295501878E-013  -2.4017557739421610E-014  -4.5104091663128454E-003  0.78539909798817642     
  -1.9539925233402755E-014   1.8118839761882555E-013  -2.1891429773810512E-014  -4.7898997698043733E-003  0.78539909798818242     
  -6.7501559897209518E-014   7.5939254884360707E-014  -1.6550272216380272E-014  -5.1080331642030519E-003  0.78539909798818719     
   8.3044682241961709E-014   2.0428103653102880E-014  -1.5279424714045919E-014  -5.4544783751850900E-003  0.78539909798818464     
   1.0036416142611415E-013  -8.7485574340462335E-014  -1.7542820973073789E-014  -5.8145683829999850E-003  0.78539909798818364     
  -1.6919798895287386E-013   6.3948846218409017E-014  -1.1059321530110270E-014  -6.1716175780874849E-003  0.78539909798820107     
  -1.1235457009206584E-013  -6.9277916736609768E-014  -1.9032584194463387E-014  -6.5093774284834538E-003  0.78539909798821439     
   2.4691360067663481E-013  -5.2402526762307389E-014  -1.6381737801645250E-014  -6.8139854247259990E-003  0.78539909798822372     
  -1.7186252421197423E-013   4.5519144009631418E-013  -1.3062303757579985E-014  -7.0750875534717483E-003  0.78539909798822494     
   1.0658141036401503E-014   4.4408920985006262E-015  -1.3680340500189134E-014  -7.2862284870474081E-003  0.78539909798822483     
   8.8817841970012523E-014   3.3173463975799677E-013  -1.6084302830866980E-014  -7.4448941546010339E-003  0.78539909798822327     
  -1.5987211554602254E-014   1.4743761767022079E-013  -1.8397891898557420E-014  -7.5526139564325856E-003  0.78539909798822571     
  -5.9952043329758453E-014  -5.9063864910058328E-014  -2.0486049603053587E-014  -7.6152839316345755E-003  0.78539909798822771     
   1.5187850976872141E-013   2.0783375020982930E-013  -1.7831002102344448E-014  -7.6435068455944499E-003  0.78539909798822793     
  -4.5075054799781356E-013  -7.9936057773011271E-014  -1.8027827304469007E-014  -7.6524795596959461E-003  0.78539909798822938     
   2.7000623958883807E-013  -7.8603790143461083E-014  -1.8820747287627903E-014  -7.6609622506056407E-003  0.78539909798823004     
  -1.6919798895287386E-013  -1.2079226507921703E-013  -2.3504361413962095E-014  -7.6891609509104342E-003  0.78539909798822216     
  -1.9184653865522705E-013   4.0412118096355698E-014  -1.0572703873295940E-014  -7.7558073804215866E-003  0.78539909798821761     
   1.7985612998927536E-013  -1.6164847238542279E-013  -1.2498902881473858E-014  -7.8751050669632061E-003  0.78539909798821661     
   1.1723955140041653E-013   8.1712414612411521E-014  -1.1269081141464637E-014  -8.0543358571270041E-003  0.78539909798821772     
  -1.4388490399142029E-013  -4.2899017671516049E-013  -1.1821424269225999E-014  -8.2927248836561773E-003  0.78539909798822838     
   4.8405723873656825E-014   1.6964207816272392E-013  -1.1591457851796058E-014  -8.5817396545779800E-003  0.78539909798823060     
  -3.4194869158454821E-014  -3.0508928716699302E-013  -1.7739626659493592E-014  -8.9065502014191722E-003  0.78539909798823582     
   2.3625545964023331E-013   8.9706020389712648E-014  -1.2711160014746303E-014  -9.2481011367060439E-003  0.78539909798823171     
  -4.1433523279010842E-013   8.6597395920762210E-014  -8.2208513878390023E-015  -9.5852448084992048E-003  0.78539909798823071     
   2.2870594307278225E-013  -8.1268325402561459E-014  -1.5380729204884517E-014  -9.8966126426924816E-003  0.78539909798825558     
  -2.3803181647963356E-013   1.7630341631047486E-013  -1.6719032280617294E-014  -1.0162204256567886E-002  0.78539909798826324     
   2.9620750296999176E-013  -2.2115642650533118E-013  -2.0384540556811024E-014  -1.0364871753933969E-002  0.78539909798826846     
   2.5313084961453569E-014  -3.2418512319054571E-014  -1.1222884642997334E-014  -1.0491865248284604E-002  0.78539909798826879     
  -1.4388490399142029E-013   4.1788794646890892E-013  -1.7915541573391314E-014  -1.0536408481153892E-002  0.78539909798827123     
  -4.2632564145606011E-014   4.2632564145606011E-014  -2.5383415940738518E-014  -1.0499019773909435E-002  0.78539909798827312     
   2.6201263381153694E-014  -2.0428103653102880E-014  -1.9742575381973910E-014  -1.0388145023771500E-002  0.78539909798825325     
   7.0166095156309893E-014   2.6645352591003757E-014  -1.3938121828048700E-014  -1.0219727336856277E-002  0.78539909798823782     
   4.7073456244106637E-014   6.7945649107059580E-014  -1.9969923118695259E-014  -1.0015592107499582E-002  0.78539909798823415     
  -9.6811447747313650E-014  -9.8143715376863838E-014  -2.2856585491030960E-014  -9.8008627785919344E-003  0.78539909798823959     
   4.4408920985006262E-014   2.6378899065093719E-013  -2.0969234017640135E-014  -9.6008908295917017E-003  0.78539909798824359     
  -1.7008616737257398E-013   1.2345680033831741E-013  -2.1034374808378966E-014  -9.4382737482607837E-003  0.78539909798821339     
   8.0824236192711396E-014  -2.7000623958883807E-013  -1.7725463972483080E-014  -9.3304314821716083E-003  0.78539909798819396     
  -8.8817841970012523E-014  -2.2204460492503131E-014  -2.0976617497285721E-014  -9.2879920431272467E-003  0.78539909798819074     
   1.0214051826551440E-014   6.5725203057809267E-014  -2.4302880605185795E-014  -9.3140163289433531E-003  0.78539909798819385     
  -1.4832579608992091E-013   1.6697754290362354E-013  -1.7085230498042972E-014  -9.4039616332599607E-003  0.78539909798819629     
   4.6629367034256575E-014  -3.6637359812630166E-013  -2.0711882923524185E-014  -9.5462616341865925E-003  0.78539909798818375     
  -9.3702823278363212E-014   2.4691360067663481E-013  -2.3147953147080728E-014  -9.7234412202151788E-003  0.78539909798817908     
   9.3258734068513149E-014  -2.9753977059954195E-014  -2.2343968706578404E-014  -9.9137143538516881E-003  0.78539909798817686     
  -1.6076029396572267E-013   2.0605739337042905E-013  -1.9100560215760783E-014  -1.0092988299106320E-002  0.78539909798817931     
   1.9051427102567686E-013   1.2612133559741778E-013  -1.9755489622862631E-014  -1.0237123687325322E-002  0.78539909798819108     
   1.9095836023552692E-014  -1.5720758028692217E-013  -1.3765101463584004E-014  -1.0324225950781418E-002  0.78539909798817176     
  -7.6827433304060833E-014  -4.2232883856740955E-013  -1.5421477217263190E-014  -1.0336718693973790E-002  0.78539909798815710     
   1.5010215292932116E-013   4.6185277824406512E-013  -1.6429984897231394E-014  -1.0262989165491287E-002  0.78539909798815377     
   1.4699352846037073E-013  -2.7533531010703882E-013  -1.6066113327074941E-014  -1.0098474056458251E-002  0.78539909798816154     
   6.5725203057809267E-014  -1.3411494137471891E-013  -1.1870989951900124E-014  -9.8461236032085786E-003  0.78539909798816809     
  -8.5265128291212022E-014  -1.4699352846037073E-013  -1.5623201745314728E-014  -9.5162156548851407E-003  0.78539909798816143     
   8.4376949871511897E-015   1.2478906796786760E-013  -2.1326765776356669E-014  -9.1255002149477349E-003  0.78539909798817142     
  -2.2382096176443156E-013  -2.8244073746463982E-013  -1.9963785296924147E-014  -8.6956807765283806E-003  0.78539909798817942     
   1.9806378759312793E-013   5.2402526762307389E-014  -1.5183543322124277E-014  -8.2513169641176276E-003  0.78539909798812024     
  -1.6342482922482304E-013  -7.1098682496995025E-013  -1.8791073375582190E-014  -7.8173586797150030E-003  0.78539909798807561     
   5.3290705182007514E-014   2.5313084961453569E-013  -1.6365786556284394E-014  -7.4166410733420562E-003  0.78539909798806840     
  -3.6415315207705135E-014   2.9443114613059151E-013  -1.4940994912144562E-014  -7.0677091723991836E-003  0.78539909798807672     
  -8.6597395920762210E-014  -7.9491968563161208E-014  -2.3607726836905585E-014  -6.7832601517521240E-003  0.78539909798808294     
   5.0626169922907138E-014  -2.8022029141538951E-013  -1.3885267868663371E-014  -6.5693141062910243E-003  0.78539909798803687     
   6.6613381477509392E-014   6.6613381477509392E-014  -1.8944357235094254E-014  -6.4250355832706774E-003  0.78539909798800667     
   9.9920072216264089E-014  -1.5232259897857148E-013  -1.4577177879266895E-014  -6.3430250925358145E-003  0.78539909798801200     
  -8.3932860661661834E-014   4.4408920985006262E-016  -1.8013704093133227E-014  -6.3099287118602021E-003  0.78539909798801844     
   2.5268676040468563E-013   7.5939254884360707E-014  -1.6634964049683479E-014  -6.3073389316876671E-003  0.78539909798800078     
  -1.7807977314987511E-013  -1.0658141036401503E-013  -1.9939383749920622E-014  -6.3130801155684146E-003  0.78539909798795504     
  -1.9984014443252818E-014   2.7844393457598926E-013  -1.6321100614339028E-014  -6.3029854220322257E-003  0.78539909798792673     
  -1.5143442055887135E-013  -1.2700951401711791E-013  -9.0040834655031831E-015  -6.2531436137169827E-003  0.78539909798793373     
  -2.0872192862952943E-014  -1.1812772982011666E-013  -1.4390035622388746E-014  -6.1423836254408393E-003  0.78539909798794327     
   1.3322676295501878E-014   3.3217872896784684E-013  -1.8105775063910256E-014  -5.9545917916246083E-003  0.78539909798790664     
   6.5281113847959205E-014  -9.8143715376863838E-014  -1.6271467445060067E-014  -5.6804287356921890E-003  0.78539909798784513     
  -8.9261931179862586E-014   2.1316282072803006E-014  -1.7492663448700628E-014  -5.3181554909009776E-003  0.78539909798779461     
  -4.4408920985006262E-014   3.4594549447319878E-013  -1.5015601419808119E-014  -4.8735194241862345E-003  0.78539909798778518     
   2.0028423364237824E-013  -8.1579187849456503E-013  -1.4899347758313118E-014  -4.3588675704242519E-003  0.78539909798779806     
  -4.3165471197426086E-013   2.6689761511988763E-013  -1.2977997021957056E-014  -3.7917509204015154E-003  0.78539909798781049     
   9.3258734068513149E-015   2.5668356329333619E-013  -1.7031100944751863E-014  -3.1932461927626221E-003  0.78539909798772722     
   4.3520742565306136E-014  -1.9673151996357774E-013  -8.9144890339452729E-015  -2.5861217221256894E-003  0.78539909798766139     
   1.7585932710062480E-013   2.1138646388862981E-013  -1.5493042095243481E-014  -1.9929088272374607E-003  0.78539909798768059     
   1.3145040611561853E-013  -7.1942451995710144E-014  -7.9626630252090680E-015  -1.4339622744090619E-003  0.78539909798769358     
  -1.0347278589506459E-013  -3.5971225997855072E-014  -1.3240634651440039E-014  -9.2567841414847862E-004  0.78539909798761876     
   8.8373752760162461E-014  -8.6597395920762210E-014  -8.8635161322406529E-015  -4.7910707747922388E-004  0.78539909798752316     
  -9.7699626167013776E-015  -2.2515322939398175E-013  -7.1954137282047475E-015  -9.9171372446082984E-005  0.78539909798746765     
  -2.9309887850104133E-014  -1.4344081478157023E-013  -1.3974457959353465E-014   2.1541105121158921E-004  0.78539909798748120     
  -1.0436096431476471E-013  -2.5801583092288638E-013  -1.3565194283178584E-014   4.7157077319326390E-004  0.78539909798749097     
  -2.7355895326763857E-013   1.9984014443252818E-014  -1.4903463582016009E-014   6.8087264227933986E-004  0.78539909798743857     
  -6.7501559897209518E-014  -6.6746608240464411E-013  -1.7976266061764940E-014   8.5824494858188771E-004  0.78539909798736940     
   9.5479180117763462E-014  -8.7485574340462335E-014  -2.0308539189014833E-014   1.0205985215874236E-003  0.78539909798732777     
   4.8849813083506888E-014  -9.1926466438962962E-014  -1.2038604275559573E-014   1.1854200862679853E-003  0.78539909798733876     
  -2.2515322939398175E-013  -8.7041485130612273E-014  -1.4073833148779561E-014   1.3694070734540098E-003  0.78539909798734930     
   3.2862601528904634E-014  -1.1191048088221578E-013  -1.1653521343652467E-014   1.5872408329000720E-003  0.78539909798729513     
  -1.6342482922482304E-013   1.5010215292932116E-013  -1.8708696798370571E-014   1.8506232381101384E-003  0.78539909798721430     
   2.1760371282653068E-014  -4.0412118096355698E-014  -1.5094790966645690E-014   2.1676741696117219E-003  0.78539909798715879     
   1.9539925233402755E-013   3.2862601528904634E-013  -2.1305798217567571E-014   2.5426958652410292E-003  0.78539909798717833     
  -1.2523315717771766E-013  -9.3258734068513149E-014  -2.5526320055315532E-014   2.9762049461403706E-003  0.78539909798719210     
   1.7630341631047486E-013  -2.0117241206207837E-013  -1.2876808526726700E-014   3.4650861974308000E-003  0.78539909798710328     
  -1.4566126083082054E-013  -3.9968028886505635E-014  -1.2862590417263138E-014   4.0027711679280209E-003  0.78539909798698893     
  -1.6742163211347361E-013   3.5837999234900053E-013  -1.1576480172147252E-014   4.5794582231843961E-003  0.78539909798691454     
  -1.3722356584366935E-013  -3.7481129311345285E-013  -2.0188104610685295E-014   5.1824892568488323E-003  0.78539909798693941     
  -6.3948846218409017E-014  -2.8865798640254070E-013  -2.0021481882909389E-014   5.7970115409244904E-003  0.78539909798695373     
   1.9007018181582680E-013   3.5127456499139953E-013  -2.0413886244535798E-014   6.4069702907483261E-003  0.78539909798685192     
  -2.3137047833188262E-013  -3.5971225997855072E-014  -2.0328977478534121E-014   6.9963531527688083E-003  0.78539909798673879     
   2.0516921495072893E-013   6.5281113847959205E-014  -2.0632625077197275E-014   7.5505179513277731E-003  0.78539909798666885     
  -2.3803181647963356E-013   2.6245672302138701E-013  -2.1366103775775251E-014   8.0574215675204286E-003  0.78539909798669050     
  -1.1279865930191590E-013   1.2434497875801753E-014  -1.2731367902387569E-014   8.5086144890782478E-003  0.78539909798670193     
  -1.3322676295501878E-013   2.9665159217984183E-013  -2.1510288916693107E-014   8.8999204586812652E-003  0.78539909798661611     
   1.5942802633617248E-013   1.5543122344752192E-013  -1.4106382616521436E-014   9.2317459927642176E-003  0.78539909798652729     
  -7.3718808835110394E-014  -1.8651746813702630E-013  -1.7382945027363746E-014   9.5089662896663540E-003  0.78539909798647312     
   1.5276668818842154E-013   2.9043434324194095E-013  -1.4875975674995726E-014   9.7403510339399979E-003  0.78539909798648944     
   2.2115642650533118E-013  -6.2172489379008766E-015  -1.2565076895037749E-014   9.9375570364648169E-003  0.78539909798649865     
   2.1582735598713043E-013   3.5260683262094972E-013  -1.9877361846407685E-014   1.0113812342456896E-002  0.78539909798642893     
  -1.1768364061026659E-013   7.1054273576010019E-014  -1.8052636082759418E-014   1.0282499645783538E-002  0.78539909798635810     
  -1.7719159473017498E-013   1.9895196601282805E-013  -1.2932381109787645E-014   1.0455865696461064E-002  0.78539909798631180     
   3.2152058793144533E-013  -1.7852386235972517E-013  -2.0868700442850329E-014   1.0644026987110422E-002  0.78539909798632834     
  -2.7267077484793845E-013   1.1457501614131615E-013  -1.0492137619470464E-014   1.0854346055792607E-002  0.78539909798633822     
   1.5232259897857148E-013  -1.5276668818842154E-013  -1.8915336848594034E-014   1.1091167537252478E-002  0.78539909798626129     
  -3.3706371027619753E-013   2.3891999489933369E-013  -1.5703415430630654E-014   1.1355858446557843E-002  0.78539909798617802     
   1.3811174426336947E-013  -1.9539925233402755E-014  -1.6151414049798413E-014   1.1647084388581863E-002  0.78539909798612029     
  -1.3145040611561853E-013   1.6076029396572267E-013  -1.1586364514722834E-014   1.1961245628060890E-002  0.78539909798614360     
   3.3306690738754696E-014   1.0391687510491465E-013  -1.9003904319316198E-014   1.2292981575867667E-002  0.78539909798615581     
  -1.7497114868092467E-013   2.1849189124623081E-013  -1.6041972931780803E-014   1.2635642491046095E-002  0.78539909798605145     
   2.2692958623338200E-013   7.6383344094210770E-014  -1.4637073969131555E-014   1.2981649700706033E-002  0.78539909798594709     
  -4.9737991503207013E-014   2.4868995751603507E-013  -2.7179903471590322E-014   1.3322727615401764E-002  0.78539909798587915     
   2.0339285811132868E-013  -2.6911806116913795E-013  -9.0356725526249945E-015   1.3650066765853452E-002  0.78539909798590513     
  -5.3557158707917552E-013  -2.2026824808563106E-013  -1.6860063297587980E-014   1.3954524540535473E-002  0.78539909798591601     
   2.3048229991218250E-013   9.7699626167013776E-014  -1.3960694648963703E-014   1.4226959125443361E-002  0.78539909798581276     
   3.5971225997855072E-014   5.5955240441107890E-014  -1.1270557016763783E-014   1.4458729716808616E-002  0.78539909798572405     
  -1.6742163211347361E-013  -3.1619151741324458E-013  -1.3467311608772704E-014   1.4642317427393525E-002  0.78539909798566776     
   1.4654943925052066E-013   3.6592950891645160E-013  -1.8337725023504003E-014   1.4771963965280577E-002  0.78539909798568885     
  -1.4566126083082054E-013  -3.0198066269804258E-013  -1.3137772171343247E-014   1.4844206491778866E-002  0.78539909798569563     
   2.3625545964023331E-013   9.4146912488213275E-014  -1.8673790382158547E-014   1.4858199403489980E-002  0.78539909798561447     
   3.0198066269804258E-014   1.4654943925052066E-013  -2.2253764704328218E-014   1.4815744180272539E-002  0.78539909798555574     
   2.5357493882438575E-013  -1.4921397450962104E-013  -1.7568632956496256E-014   1.4720990284996294E-002  0.78539909798551766     
   1.1057821325266559E-013  -2.7444713168733870E-013  -1.8526844213960959E-014   1.4579824793365281E-002  0.78539909798553376     
   1.2900791546144319E-013   0.0000000000000000       -1.4161267285420969E-014   1.4399033583998300E-002  0.78539909798553764     
  -1.0169642905566434E-013  -3.9257486150745535E-013  -2.0182594037466875E-014   1.4185374133665496E-002  0.78539909798547503     
   1.0258460747536446E-013   5.8264504332328215E-013  -1.7729282785654495E-014   1.3944725061661334E-002  0.78539909798543783     
  -1.5010215292932116E-013  -5.8353322174298228E-013  -1.1987269573002252E-014   1.3681454351113898E-002  0.78539909798540997     
   1.2612133559741778E-013  -3.7303493627405260E-014  -1.6240087129165600E-014   1.3398083370093072E-002  0.78539909798542529     
   7.2164496600635175E-014   3.0464519795714295E-013  -1.9728802506044823E-014   1.3095244813132068E-002  0.78539909798542906     
  -1.5210055437364645E-013  -3.5527136788005009E-015  -2.2257020971704674E-014   1.2771867971167028E-002  0.78539909798536534     
   1.4921397450962104E-013  -2.3181456754173269E-013  -1.3854544284524933E-014   1.2425492304393604E-002  0.78539909798532281     
   1.2367884494324244E-013   3.1974423109204508E-013  -2.1357514222717707E-014   1.2052609936492154E-002  0.78539909798528873     
  -7.1276318180935050E-014  -3.8724579098925460E-013  -1.2654605386614683E-014   1.1648960355619131E-002  0.78539909798530894     
   3.9301895071730542E-014  -2.0516921495072893E-013  -1.6863839023271630E-014   1.1209737474680903E-002  0.78539909798531404     
   1.4210854715202004E-013   8.7041485130612273E-014  -2.4090595861193453E-014   1.0729711377438722E-002  0.78539909798523233     
  -1.1324274851176597E-013  -1.1546319456101628E-014  -2.1532501710866346E-014   1.0203305784610817E-002  0.78539909798517926     
   1.1368683772161603E-013   1.5454304502782179E-013  -1.8392285271476916E-014   9.6246944927012024E-003  0.78539909798514107     
  -3.9523939676655573E-014   3.5527136788005009E-013  -1.9410280956177669E-014   8.9879750118176949E-003  0.78539909798516216     
  -5.9285909514983359E-014  -3.3573144264664734E-013  -1.7677111372301020E-014   8.2874451063854604E-003  0.78539909798516572     
   7.8825834748386114E-014  -8.7929663550312398E-014  -1.5108075178083937E-014   7.5179593443834847E-003  0.78539909798509222     
   1.1368683772161603E-013  -2.8599345114344032E-013  -1.5882658259157505E-014   6.6752987174126810E-003  0.78539909798505914     
  -1.1923795284474181E-013  -3.3217872896784684E-013  -1.4304687712919460E-014   5.7564641275864581E-003  0.78539909798503493     
  -3.0642155479654321E-014   1.0125233984581428E-013  -2.2744073456529461E-014   4.7598114538027758E-003  0.78539909798505048     
   1.0702549957386509E-013   8.8817841970012523E-014  -1.9691657901874577E-014   3.6849786511091165E-003  0.78539909798505025     
   1.1168843627729075E-013  -1.2256862191861728E-013  -1.8820036734939607E-014   2.5326025474408098E-003  0.78539909798500362     
  -1.5099033134902129E-014   4.1744385725905886E-014  -2.0630283235532885E-014   1.3038718310130204E-003  0.78539909798500496     
   3.0198066269804258E-014  -1.6875389974302379E-014  -1.4541835465579106E-014  -2.1838084094024889E-016  0.78539909798500274     
