 force-1force-2force-3workmass
   3.1086244689504383E-015  -6.6613381477509392E-015  -2.1618456724884413E-014   0.0000000000000000       0.78539909798813146     
  -4.9737991503207013E-014  -2.9153708304323622E-003  -1.9563578516522761E-014  -4.3511909644041065E-007  0.78539909798813179     
  -9.3258734068513149E-015  -8.9173587565101187E-003  -2.0788696430069346E-014  -5.2969111013609262E-006  0.78539909798813135     
  -2.1316282072803006E-014  -1.7693430203659766E-002  -2.4435391569228515E-014  -2.3527838813313696E-005  0.78539909798813212     
   4.1744385725905886E-014  -2.9114038663906161E-002  -2.2625415198807844E-014  -6.8476218937504017E-005  0.78539909798813201     
  -2.4868995751603507E-014  -4.3090775870825659E-002  -2.1606136236644729E-014  -1.5755064927769694E-004  0.78539909798813290     
  -1.6431300764452317E-014  -5.9547036096328831E-002  -1.9394412920252647E-014  -3.1190737507258773E-004  0.78539909798813223     
   4.5297099404706387E-014  -7.8401453875010407E-002  -2.2382334468475276E-014  -5.5608191197195969E-004  0.78539909798813357     
   2.8865798640254070E-014  -9.9563609482230309E-002  -2.5556751041706929E-014  -9.1757822498821084E-004  0.78539909798813379     
   1.2434497875801753E-014 -0.12292980892801220       -2.3869868101200437E-014  -1.4263853054438669E-003  0.78539909798813423     
   6.3948846218409017E-014 -0.14837172973023671       -2.7743052004151059E-014  -2.1142971486559706E-003  0.78539909798813423     
   3.7747582837255322E-014 -0.17571804296817328       -2.7487056379442605E-014  -3.0138719434793237E-003  0.78539909798813301     
  -4.8849813083506888E-015 -0.20473268248515542       -2.5853689909463302E-014  -4.1568923851786274E-003  0.78539909798813423     
   4.4408920985006262E-015 -0.23509587611727900       -2.6858526463649727E-014  -5.5723012297007185E-003  0.78539909798813179     
   6.0396132539608516E-014 -0.26639634679564228       -2.5247672807397687E-014  -7.2838089140863510E-003  0.78539909798813312     
   2.3092638912203256E-014 -0.29814199509985739       -2.3376404720747929E-014  -9.3076204095237647E-003  0.78539909798813112     
   2.3536728122053319E-014 -0.32979038125508042       -2.3305157819747112E-014  -1.1650834588979364E-002  0.78539909798813146     
  -1.7763568394002505E-015 -0.36079251111606947       -1.9954788946057646E-014  -1.4310925151546625E-002  0.78539909798813379     
   1.3766765505351941E-014 -0.39063842855545561       -2.2053156626269902E-014  -1.7276375141293460E-002  0.78539909798813234     
   1.7319479184152442E-014 -0.41889346026189456       -2.4753765176600308E-014  -2.0528188190229030E-002  0.78539909798814189     
   7.1498362785860081E-014 -0.44521858999705533       -2.2475243493548746E-014  -2.4041803859841171E-002  0.78539909798813845     
  -1.7319479184152442E-014 -0.46937453536304385       -2.0474554487744144E-014  -2.7788967335267811E-002  0.78539909798815910     
   4.8405723873656825E-014 -0.49121375861331495       -2.0077804489048082E-014  -3.1739285799040784E-002  0.78539909798815255     
  -5.6399329650957952E-014 -0.51066669903967510       -1.9202280736503383E-014  -3.5861441273385891E-002  0.78539909798818619     
  -1.9095836023552692E-014 -0.52772792247699396       -1.8997424096645698E-014  -4.0124209401770999E-002  0.78539909798817620     
  -1.5543122344752192E-014 -0.54244586126529581       -2.4240931226657139E-014  -4.4497512056919153E-002  0.78539909798822327     
   1.3322676295501878E-015 -0.55491723829100970       -2.1593189610926013E-014  -4.8953688927556749E-002  0.78539909798821017     
  -5.7731597280508140E-015 -0.56528525898404647       -2.2931581322495643E-014  -5.3469060755469089E-002  0.78539909798827079     
  -1.6431300764452317E-014 -0.57373932991923660       -2.3381241487398645E-014  -5.8025700870711905E-002  0.78539909798825469     
   2.0872192862952943E-014 -0.58051385634849550       -2.0198221177971302E-014  -6.2613208646499718E-002  0.78539909798832652     
  -7.3274719625260332E-014 -0.58588405922981845       -2.1944764775017595E-014  -6.7230195796621373E-002  0.78539909798830898     
  -1.6875389974302379E-014 -0.59015785648968899       -2.1475470401815246E-014  -7.1885210485975237E-002  0.78539909798839092     
   4.3520742565306136E-014 -0.59366390188904861       -2.3725562864101207E-014  -7.6596891277332713E-002  0.78539909798837049     
   0.0000000000000000      -0.59673699834228833       -2.3368545404779174E-014  -8.1393285547142480E-002  0.78539909798846175     
   7.5495165674510645E-015 -0.59970258416591093       -2.1523973028960189E-014  -8.6310395318326127E-002  0.78539909798843954     
  -2.2204460492503131E-015 -0.60286222471102402       -2.0358075875236789E-014  -9.1390145377286736E-002  0.78539909798853813     
  -1.5987211554602254E-014 -0.60648155945519555       -1.8426797030167940E-014  -9.6678012429635474E-002  0.78539909798851448     
  -1.7763568394002505E-014 -0.61078165038326082       -2.0005169638114010E-014 -0.10222056970355570       0.78539909798862007     
  -7.9936057773011271E-015 -0.61593382586334267       -2.1970717774752756E-014 -0.10806312601242163       0.78539909798859520     
  -5.0626169922907138E-014 -0.62205766944690533       -1.9615280329147597E-014 -0.11424757811386910       0.78539909798870577     
   3.0642155479654321E-014 -0.62922132668503572       -1.8532474822198710E-014 -0.12081049472352601       0.78539909798868091     
  -3.4194869158454821E-014 -0.63744339652276860       -2.4044736589031643E-014 -0.12778142518440683       0.78539909798879504     
   1.5987211554602254E-014 -0.64669570103343377       -2.3329479784557365E-014 -0.13518138916982259       0.78539909798876884     
  -8.8817841970012523E-016 -0.65690666524741559       -2.1042192780394870E-014 -0.14302155493100022       0.78539909798888696     
  -1.9095836023552692E-014 -0.66796517793310972       -2.2756841292680535E-014 -0.15130212838398527       0.78539909798886032     
  -1.0658141036401503E-014 -0.67972515036248282       -2.6168274235151940E-014 -0.16001154867751788       0.78539909798898278     
  -7.0166095156309893E-014 -0.69201089457668363       -2.3619779343666982E-014 -0.16912607861275342       0.78539909798895458     
  -7.1942451995710144E-014 -0.70462352181208576       -2.3410832360798693E-014 -0.17860990802361310       0.78539909798908314     
   2.2204460492503131E-015 -0.71734823988815322       -2.2711891065819801E-014 -0.18841581929606210       0.78539909798905327     
  -1.7763568394002505E-015 -0.72996239604991819       -2.0619167432690481E-014 -0.19848644748772037       0.78539909798919050     
  -2.6645352591003757E-015 -0.74224378939508062       -2.0847896896486462E-014 -0.20875606576736561       0.78539909798915841     
   4.4408920985006262E-014 -0.75397885743640103       -2.2028954499423031E-014 -0.21915281416546617       0.78539909798930596     
  -1.7763568394002505E-015 -0.76497017376388277       -2.1610728223994956E-014 -0.22960120783418592       0.78539909798927032     
  -3.4638958368304884E-014 -0.77504294885998082       -2.2151196873380490E-014 -0.24002479467908577       0.78539909798943075     
  -8.4376949871511897E-015 -0.78405017648098996       -2.1439165141421307E-014 -0.25034878945073336       0.78539909798939256     
  -3.1086244689504383E-015 -0.79187639585577374       -2.5356302773112239E-014 -0.26050258809917914       0.78539909798956620     
   8.8817841970012523E-015 -0.79843997549626389       -2.4597227955309456E-014 -0.27042203842087920       0.78539909798952379     
   4.4408920985006262E-016 -0.80369410731859547       -2.5743974387631841E-014 -0.28005143108922725       0.78539909798971108     
   3.9079850466805510E-014 -0.80762654195872230       -2.1566446997570251E-014 -0.28934513068138323       0.78539909798966601     
   1.1546319456101628E-014 -0.81025831060446452       -2.4200251180480766E-014 -0.29826884570189427       0.78539909798986562     
  -5.6843418860808015E-014 -0.81164145093913476       -2.4459789994480322E-014 -0.30680046845499787       0.78539909798981788     
  -4.3076653355456074E-014 -0.81185595541390310       -2.2816945134932558E-014 -0.31493049405241802       0.78539909799002749     
   6.6613381477509392E-015 -0.81100592545758632       -2.0805460289254038E-014 -0.32266195146700460       0.78539909798997809     
   7.8159700933611020E-014 -0.80921515253894860       -1.9426612343390758E-014 -0.33000987512888202       0.78539909799019603     
   6.2172489379008766E-014 -0.80662213274707106       -2.0610957524111995E-014 -0.33700027408466204       0.78539909799014485     
   6.6613381477509392E-015 -0.80337479342451523       -2.0516586037275710E-014 -0.34366867334963014       0.78539909799036833     
   4.7517545453956700E-014 -0.79962499449837265       -1.8455107695794508E-014 -0.35005823084150878       0.78539909799031704     
   1.5543122344752192E-014 -0.79552313752311621       -1.8650019100832962E-014 -0.35621756059304244       0.78539909799054475     
  -7.5495165674510645E-015 -0.79121296558950638       -1.6192958182855259E-014 -0.36219830653570373       0.78539909799049279     
   6.2172489379008766E-014 -0.78682688092792263       -2.0994835880386278E-014 -0.36805263314461678       0.78539909799072238     
   7.1054273576010019E-015 -0.78248181691573926       -1.9668255726261408E-014 -0.37383068803149344       0.78539909799066998     
  -1.0658141036401503E-014 -0.77827592395854550       -2.2303918348639745E-014 -0.37957820423630739       0.78539909799090057     
  -4.8849813083506888E-014 -0.77428601873307024       -2.2176840050148829E-014 -0.38533427722677427       0.78539909799084828     
   2.8421709430404007E-014 -0.77056597021599060       -2.6127915483308093E-014 -0.39112946176551544       0.78539909799107843     
  -6.6613381477509392E-014 -0.76714588953321661       -3.0168973159830970E-014 -0.39698418920742284       0.78539909799102636     
   6.1284310959308641E-014 -0.76403223030029732       -2.6874077757858288E-014 -0.40290762144742054       0.78539909799125440     
   1.1546319456101628E-014 -0.76120861174043108       -2.6722234191333461E-014 -0.40889690755138508       0.78539909799120289     
   4.1300296516055823E-014 -0.75863743101822090       -2.7620106281085498E-014 -0.41493693255477071       0.78539909799142860     
  -2.2648549702353193E-014 -0.75626204383462436       -2.5500637574012609E-014 -0.42100049213412527       0.78539909799137775     
   4.7961634663806763E-014 -0.75400955326185048       -2.5656940719680861E-014 -0.42704895618807992       0.78539909799160079     
   4.9293902293356950E-014 -0.75179396040202917       -2.3402476267274369E-014 -0.43303332119156623       0.78539909799155050     
  -1.5987211554602254E-014 -0.74951969534760465       -2.6069778341331892E-014 -0.43889568586493044       0.78539909799177232     
  -7.1054273576010019E-015 -0.74708526220826821       -2.5442220705834637E-014 -0.44457101532332555       0.78539909799172225     
   6.6613381477509392E-015 -0.74438700502203270       -2.6493825453377858E-014 -0.44998920230911521       0.78539909799194163     
  -2.7089441800853820E-014 -0.74132272305787428       -2.2057917263102396E-014 -0.45507726264897941       0.78539909799189234     
   1.0214051826551440E-014 -0.73779515042729216       -2.2992933453350581E-014 -0.45976165920845591       0.78539909799210994     
  -4.3076653355456074E-014 -0.73371504504981555       -2.4459384775065342E-014 -0.46397057845761025       0.78539909799206098     
   3.1530333899354446E-014 -0.72900393222391768       -2.3008991504466129E-014 -0.46763615716449292       0.78539909799227725     
  -2.2204460492503131E-014 -0.72359628315218671       -2.1029432115555489E-014 -0.47069648780535878       0.78539909799222851     
  -2.8865798640254070E-014 -0.71744121827674068       -2.5141529448286671E-014 -0.47309741984000997       0.78539909799244167     
   1.5987211554602254E-014 -0.71050355911329710       -2.4939914392425107E-014 -0.47479400337745759       0.78539909799239394     
   4.8849813083506888E-015 -0.70276436542858178       -2.0362031705482335E-014 -0.47575162230183188       0.78539909799260399     
  -4.4408920985006262E-014 -0.69422082238148564       -2.2947687146646831E-014 -0.47594668829158304       0.78539909799255703     
   4.8849813083506888E-014 -0.68488565541128166       -2.5662297674079426E-014 -0.47536697670058725       0.78539909799276186     
   3.5527136788005009E-015 -0.67478597072957891       -2.3710708250887283E-014 -0.47401150257063751       0.78539909799271590     
  -4.4408920985006262E-016 -0.66396173080796705       -2.2415236805463139E-014 -0.47189005136766848       0.78539909799291330     
   3.6415315207705135E-014 -0.65246378707002917       -2.9196773078337155E-014 -0.46902228840771709       0.78539909799287044     
   7.5495165674510645E-015 -0.64035170052742529       -2.7385800161808709E-014 -0.46543659185778141       0.78539909799305785     
   2.5313084961453569E-014 -0.62769128749385406       -2.5026560944924088E-014 -0.46116855506946264       0.78539909799301710     
  -8.8817841970012523E-016 -0.61455212778073953       -2.3760322244612855E-014 -0.45625932438170880       0.78539909799301744     
   0.0000000000000000      -0.60100499718658096       -2.5336474128803252E-014 -0.45075374788993550       0.78539909799301677     
  -5.4622972811557702E-014 -0.58711940138624952       -1.8967116178840017E-014 -0.44469847225542392       0.78539909799301721     
  -1.0214051826551440E-014 -0.57296125200020320       -2.1464949902118343E-014 -0.43814003163703896       0.78539909799301721     
  -7.3718808835110394E-014 -0.55859076921165451       -1.9753887909025047E-014 -0.43112300898371281       0.78539909799301710     
  -1.9539925233402755E-014 -0.54406067224796839       -1.7824473980224459E-014 -0.42368833663444150       0.78539909799301721     
  -4.7517545453956700E-014 -0.52941470728431916       -2.3515486318271254E-014 -0.41587179678144182       0.78539909799301710     
   1.1857181902996672E-013 -0.51468654823816662       -2.3477707636657313E-014 -0.40770277294827917       0.78539909799301755     
   5.7287508070658077E-014 -0.49989909133867183       -1.9988420222357081E-014 -0.39920329259736897       0.78539909799301744     
  -1.1102230246251565E-014 -0.48506414979371959       -2.2603536273026621E-014 -0.39038738878038259       0.78539909799301721     
  -5.1070259132757201E-014 -0.47018254090771450       -2.3824512800394179E-014 -0.38126079595179929       0.78539909799301721     
  -6.9277916736609768E-014 -0.45524454501122857       -2.3498242040784559E-014 -0.37182098213791770       0.78539909799301699     
   5.2846615972157451E-014 -0.44023070393839436       -2.5464617729971351E-014 -0.36205750709026630       0.78539909799301710     
  -1.5099033134902129E-014 -0.42511291677255070       -2.4018682763788342E-014 -0.35195268424766679       0.78539909799301699     
  -1.9984014443252818E-014 -0.40985578242299914       -2.9408342710351707E-014 -0.34148251369578642       0.78539909799301721     
  -8.4376949871511897E-015 -0.39441813242738810       -2.4254235793332433E-014 -0.33061784416220119       0.78539909799301766     
   2.2204460492503131E-015 -0.37875469337051326       -2.5873199461458622E-014 -0.31932571476384775       0.78539909799301744     
   1.9984014443252818E-014 -0.36281781646918310       -2.2470882138598737E-014 -0.30757082191978791       0.78539909799301721     
   6.7945649107059580E-014 -0.34655921225077169       -2.4140488130473800E-014 -0.29531705376717809       0.78539909799301744     
   7.9936057773011271E-015 -0.32993163072534948       -2.5950983034584210E-014 -0.28252903361251436       0.78539909799301733     
   7.5051076464660582E-014 -0.31289043189735910       -1.6017880389338154E-014 -0.26917361542048424       0.78539909799301755     
   8.6597395920762210E-014 -0.29539499762506471       -2.3278670056918999E-014 -0.25522127794805094       0.78539909799301710     
  -8.7929663550312398E-014 -0.27740994345319381       -1.6653908385716954E-014 -0.24064736968931077       0.78539909799301721     
   2.8421709430404007E-014 -0.25890609775130757       -2.0976187804806786E-014 -0.22543316399743718       0.78539909799301721     
   1.8651746813702630E-014 -0.23986122495289974       -2.5302105856996074E-014 -0.20956669227604863       0.78539909799301721     
   4.3076653355456074E-014 -0.22026047950211547       -2.7876077342945067E-014 -0.19304333257099948       0.78539909799301744     
   8.8817841970012523E-016 -0.20009658695267296       -2.6316355781181510E-014 -0.17586614087637731       0.78539909799301710     
  -4.2188474935755949E-014 -0.17936975814234613       -2.7287131127586566E-014 -0.15804592255487071       0.78539909799301755     
   1.4166445794216997E-013 -0.15808735123010376       -2.4897813857992241E-014 -0.13960105111747678       0.78539909799301744     
   1.2878587085651816E-013 -0.13626330431159506       -2.8549644672062100E-014 -0.12055705080342261       0.78539909799301777     
  -6.5281113847959205E-014 -0.11391736815646469       -2.8635570760161515E-014 -0.10094596767592989       0.78539909799301766     
   2.3980817331903381E-014  -9.1074174109005313E-002  -2.5288270601280994E-014  -8.0805560978217006E-002  0.78539909799301721     
  -1.3455903058456897E-013  -6.7762176280073749E-002  -2.6789348853611507E-014  -6.0178352094619303E-002  0.78539909799301744     
  -2.2204460492503131E-014  -4.4012509729637106E-002  -2.3172482891256119E-014  -3.9110572445983927E-002  0.78539909799301755     
  -3.7747582837255322E-014  -1.9857807377417824E-002  -2.2229621004103931E-014  -1.7651053923630755E-002  0.78539909799301766     
   1.0880185641326534E-013   4.6689820809513449E-003  -2.0137486490965483E-014   4.1498939911597255E-003  0.78539909799301744     
  -7.8159700933611020E-014   2.9535734857228935E-002  -1.8518423673681277E-014   2.6241577428926632E-002  0.78539909799301721     
   2.4868995751603507E-014   5.4712214161270811E-002  -1.8552100477245639E-014   4.8573941430092304E-002  0.78539909799301710     
  -8.5265128291212022E-014   8.0171020827877637E-002  -1.7630620734771501E-014   7.1098487298653090E-002  0.78539909799301744     
  -1.7763568394002505E-014  0.10588840487964557       -2.1400113613579863E-014   9.3769053387545931E-002  0.78539909799301721     
  -1.1990408665951691E-014  0.13184491640957230       -2.1022794804721058E-014  0.11654243507018291       0.78539909799301744     
   4.8849813083506888E-015  0.15802588060825817       -2.2781615069114368E-014  0.13937882669648616       0.78539909799302832     
   4.1744385725905886E-014  0.18442168865883302       -2.2363771177760463E-014  0.16224207595601126       0.78539909799299112     
   7.9491968563161208E-014  0.21102790179835873       -2.6965336895719755E-014  0.18509974761599901       0.78539909799300078     
  -1.1901590823981678E-013  0.23784517591791410       -2.5646569477055254E-014  0.20792300410027353       0.78539909799296992     
   5.0626169922907138E-014  0.26487901127392055       -1.4098127007778261E-014  0.23068630946659363       0.78539909799297758     
  -4.3964831775156199E-014  0.29213935438093008       -1.5500463076098009E-014  0.25336698444168260       0.78539909799295549     
   1.1723955140041653E-013  0.31964005566429288       -1.4501163116395764E-014  0.27594462077486792       0.78539909799296037     
   2.6645352591003757E-015  0.34739823041296569       -1.9553622782275053E-014  0.29840040234950838       0.78539909799294971     
   1.4077627952246985E-013  0.37543352044142031       -1.8053174050248290E-014  0.32071633743819383       0.78539909799295238     
  -1.0214051826551440E-014  0.40376732087554856       -2.1347848421462527E-014  0.34287446462149829       0.78539909799295615     
   1.1191048088221578E-013  0.43242195920973048       -1.8829934465805634E-014  0.36485602808320339       0.78539909799295471     
   1.4477308241112041E-013  0.46141990367198460       -1.7872124665116624E-014  0.38664069446822280       0.78539909799297625     
   4.7961634663806763E-014  0.49078297382104186       -2.3107070355017062E-014  0.40820579377780097       0.78539909799297059     
  -1.2168044349891716E-013  0.52053163910578926       -2.3287800242005852E-014  0.42952566117891156       0.78539909799301222     
   3.0642155479654321E-014  0.55068436073535576       -2.2918723360938739E-014  0.45057104532239522       0.78539909799300145     
   1.1990408665951691E-014  0.58125706808774602       -1.7559483665660820E-014  0.47130866080227563       0.78539909799306662     
   3.1086244689504383E-014  0.61226270516234793       -2.1495895706932829E-014  0.49170083136342235       0.78539909799304997     
  -7.1054273576010019E-014  0.64371094172740539       -2.5058470049498611E-014  0.51170529983509727       0.78539909799314234     
  -7.3274719625260332E-014  0.67560796380460575       -2.6082210041395306E-014  0.53127513206517119       0.78539909799311913     
   7.5495165674510645E-014  0.70795644077344067       -2.7749454972722031E-014  0.55035878846018882       0.78539909799324137     
  -1.8651746813702630E-014  0.74075556319224178       -2.6395868623654864E-014  0.56890027253164055       0.78539909799321050     
   1.6120438317557273E-013  0.77400125168446188       -3.0872173700026709E-014  0.58683942851369464       0.78539909799336560     
  -7.6383344094210770E-014  0.80768641194282909       -2.1531420847095886E-014  0.60411228255829252       0.78539909799332719     
   1.3988810110276972E-013  0.84180134075773827       -2.4531172840097567E-014  0.62065150007692704       0.78539909799351904     
   1.8873791418627661E-013  0.87633414150209932       -2.3829943151077960E-014  0.63638684288568648       0.78539909799347196     
  -6.5281113847959205E-014  0.91127126072164222       -2.9139508466310634E-014  0.65124570192010234       0.78539909799370344     
   4.4408920985006262E-015  0.94659799068410910       -2.9049557119702963E-014  0.66515358289792204       0.78539909799364716     
   3.2862601528904634E-014  0.98229905872754397       -3.0320627423714204E-014  0.67803462660910130       0.78539909799392138     
   5.7731597280508140E-014   1.0183591379027628       -2.9714120511893296E-014  0.68981203939601743       0.78539909799385443     
  -1.3322676295501878E-015   1.0547634113367441       -2.9828648567374172E-014  0.70040852364513717       0.78539909799417540     
  -6.3504757008558954E-014   1.0914980174440414       -2.4721905574713883E-014  0.70974658584298589       0.78539909799409813     
  -5.3734794391857577E-014   1.1285505218646685       -1.2008581404120008E-014  0.71774882136411322       0.78539909799446805     
  -2.5313084961453569E-014   1.1659102384695150       -1.7292975515997407E-014  0.72433805839252274       0.78539909799437935     
   6.6613381477509392E-014   1.2035685598038386       -3.0096527671895558E-014  0.72943746938396981       0.78539909799480134     
  -2.0872192862952943E-014   1.2415191163790085       -2.1374431814751909E-014  0.73297053896606701       0.78539909799469965     
  -1.4077627952246985E-013   1.2797579398245551       -1.9686419724403958E-014  0.73486100450863212       0.78539909799517560     
  -1.2567724638756772E-013   1.3182834473991867       -2.3107711195569073E-014  0.73503266519946697       0.78539909799506191     
   2.0872192862952943E-014   1.3570964366867466       -2.8969208960384938E-014  0.73340918107053832       0.78539909799559338     
  -2.3225865675158275E-013   1.3961999063575434       -2.7864350969173345E-014  0.72991376424502907       0.78539909799546725     
   8.8817841970012523E-015   1.4355989038820218       -3.2476890608049103E-014  0.72446888554871758       0.78539909799605478     
  -3.9968028886505635E-015   1.4753002141441751       -2.1153166205973344E-014  0.71699590407406077       0.78539909799591590     
  -6.2172489379008766E-015   1.5153120994617417       -2.3843895004029456E-014  0.70741474058914178       0.78539909799656160     
   6.4837024638109142E-014   1.5556439022776609       -2.6584355246440491E-014  0.69564350635710737       0.78539909799640917     
   1.5543122344752192E-013   1.5963057278169757       -2.7178997193414688E-014  0.68159820211549427       0.78539909799711149     
  -4.0412118096355698E-014   1.6373080143467638       -2.9467167808985780E-014  0.66519240160468285       0.78539909799694607     
  -1.2745360322696797E-013   1.6786612121804456       -3.6857662124431106E-014  0.64633702485234101       0.78539909799770569     
   1.0658141036401503E-014   1.7203753745886403       -3.9126126425395821E-014  0.62494011782231640       0.78539909799752805     
  -3.3750779948604759E-014   1.7624598827796389       -3.3647608040233151E-014  0.60090673149897789       0.78539909799834406     
   1.5543122344752192E-014   1.8049231031547337       -2.6478060931677795E-014  0.57413881942110168       0.78539909799815399     
   1.7763568394002505E-015   1.8477721975780312       -2.5489298903721307E-014  0.54453523302489448       0.78539909799902374     
   9.8587804586713901E-014   1.8910128798809587       -2.3832236750715548E-014  0.51199173722776059       0.78539909799882113     
  -1.1368683772161603E-013   1.9346493360463577       -2.0946297991102876E-014  0.47640111139106689       0.78539909799974406     
   9.7699626167013776E-014   1.9786840968710968       -3.0256791488951178E-014  0.43765326328232745       0.78539909799953045     
   7.9491968563161208E-014   2.0231180759636183       -2.8449922756853684E-014  0.39563540736072644       0.78539909800050323     
   1.9850787680297799E-013   2.0679505586411078       -2.7960138465406955E-014  0.35023224251256624       0.78539909800027874     
  -1.5543122344752192E-014   2.1131793492928796       -2.9901491763390657E-014  0.30132616783822297       0.78539909800129937     
  -1.4610535004067060E-013   2.1588008612189511       -3.6481677944569016E-014  0.24879748165375304       0.78539909800106389     
   1.2523315717771766E-013   2.2048103510585531       -3.9203752164503070E-014  0.19252459105701214       0.78539909800212881     
  -3.5527136788005009E-014   2.2512020823037098       -3.1366428932763292E-014  0.13238418965194168       0.78539909800188434     
  -7.3718808835110394E-014   2.2979696147606101       -4.4855219810249297E-014   6.8251421035590509E-002  0.78539909800298935     
   6.5281113847959205E-014   2.3451060071806058       -3.4854663823851933E-014  -1.1455799011178164E-014  0.78539909800273666     
